1.000000	0.586767	0.512614	0.597222	0.609709	0.551583	0.480475	0.034412	0.609137	0.622754	0.597484	0.476800	0.637500	0.625000	0.615183	0.582946	0.565032	0.593002	0.616613	0.583756	0.346325	0.378116	0.584615	0.602917	0.610015	0.135276	0.504737	0.641379	0.600719	0.296897	0.515556	0.644248	0.605096	0.606365	0.388924	0.622951	0.599241	0.365238	0.577075	0.620000	0.582589	0.497326	0.420408	0.257344	0.617555	0.604651	0.404450	0.224711	0.587814	0.223019	0.619273	0.593830	0.271260	0.622999	0.608379	0.574812	0.626712	0.602273	0.607018	0.604520	0.272687	0.555556	0.547009	0.583804	0.533457	0.363530	0.618250	0.628726	0.612613	0.563437	0.627628	0.607362	0.292156	0.582830	0.623529	0.017888	0.606272	0.512912	0.290247	0.582547	0.638225	0.595745	0.604478	0.460317	0.609677	0.481647	0.573427	0.607558	0.442786	0.505647	0.088554	0.629139	0.575893	0.624769	0.532962	0.579247	0.130672	0.584906	0.539446	0.621212	0.605479	0.600000	0.621984	0.044145	0.533849	0.409091	0.563291	0.102068	0.345212	0.627566	0.494279	0.580723	0.557173	0.577154	0.601415	0.500849	0.097753	0.613037	0.396662	0.396684	0.231141	0.328926	0.430000	0.529880	0.042521	0.275465	0.606241	0.504924	0.608069	0.598891	0.272687	0.403111	0.554028	0.619178	0.584323	0.593607	0.181871	0.587933	0.538136	0.533081	0.525273	0.602015	0.600522	0.581683	0.578771	0.493174	0.535266	0.549733	0.385604	0.579580	0.596583	0.356856	0.618287	0.587302	0.391417	0.215897	0.607190	0.584000	0.527536	0.595611	0.218783	0.459788	0.421053	0.437956	0.449848	0.608187	0.634711	0.482645	0.591515	0.591083	0.424878	0.479012	0.589839	0.553971	0.420041	0.192689	0.603509	0.602347	0.573298	0.463357	0.413793	0.499121	0.209005	0.522927	0.379077	0.580569	0.594921	0.539185	0.593458	0.564220	0.556237	0.174670	0.492550	0.622642	0.469841	0.575096	0.542304	0.521500	0.578475	0.597463	0.324635	0.623656	0.552573	0.598561	0.632201	0.249199	0.600707	0.603133	0.634783	0.317347	0.636364	0.613191	0.511759	0.447174	0.603390	0.453869	0.631169	0.135100	0.454545	0.595420	0.488372	0.538462	0.620584	0.264231	0.602291	0.477561	0.381538	0.582550	0.492424	0.626506	0.448687	0.617801	0.393862	0.618619	0.620472	0.182351	0.602015	0.613260	0.593583	0.446442	0.588889	0.511628	0.496587	0.579256	0.531317	0.581901	0.619217	0.565820	0.141783	0.591146	0.614796	0.600000	0.622093	0.437818	0.090486	0.625899	0.554371	0.573593	0.248303	0.498683	0.609091	0.583333	0.602291	0.593103	0.609626	0.608997	0.642963	0.603499	0.356243	0.028338	0.266381	0.615620	0.613014	0.511883	0.599469	0.523763	0.449878	0.592953	0.569853	0.454333	0.428373	0.618123	0.603616	0.627273	0.614706	0.375000	0.582857	0.242874	0.474380	0.616046	0.616438	0.442992	0.442260	0.586873	0.267067	0.526549	0.563574	0.589172	0.579977	0.631769	0.565998	0.630508	0.608379	0.411215	0.604255	0.572565	0.599265	0.592317	0.112214	0.593103	0.160227	0.151893	0.587549	0.589041	0.557339	0.585091	0.558140	0.576687	0.573059	0.601793	0.553377	0.546778	0.623116	0.592030	0.438122	0.585278	0.593640	0.602258	0.595294	0.565574	0.627512	0.111610	0.648402	0.501348	0.529175	0.596491	0.587654	0.520976	0.416040	0.550976	0.486672	0.604954	0.253670	0.598465	0.517375	0.433787	0.610063	0.594527	0.552846	0.615385	0.567452	0.600846	0.292019	0.529284	0.582897	0.497696	0.611418	0.248800	0.586466	0.623917	0.587919	0.607190	0.447784	0.580117	0.373107	0.531980	0.589309	0.462651	0.482700	0.613174	0.588394	0.584980	0.548780	0.435770	0.553911	0.204001	0.544148	0.541962	0.631083	0.546296	0.206851	0.596178	0.592453	0.187293	0.632219	0.556594	0.580897	0.623596	0.276814	0.120170	0.083941	0.298035	0.575275	0.609037	0.599709	0.574850	0.536537	0.558952	0.455206	0.583529	0.605351	0.597902	0.617949	0.607313	0.435842	0.604982	0.598854	0.309783	0.582160	0.121841	0.612188	0.596958	0.589286	0.634294	0.522280	0.519924	0.377886	0.597701	0.611111	0.435165	0.620038	0.491228	0.520473	0.581028	0.629008	0.511545	0.565789	0.101419	0.621053	0.536723	0.580882	0.171728	0.322782	0.595620	0.056274	0.611033	0.538793	0.577075	0.615187	0.297465	0.554068	0.355023	0.597774	0.019509	0.613757	0.627451	0.579256	0.616756	0.590971	0.634064	0.510186	0.332088	0.586139	0.470772	0.608309	0.523671	0.568000	0.618132	0.264794	0.535565	0.258306	0.468775	0.633441	0.591337	0.620787	0.533917	0.622150	0.615646	0.612859	0.586466	0.583170	0.432511	0.584906	0.505695	0.483898	0.593573	0.607204	0.502304	0.134778	0.482702	0.530973	0.591150	0.603774	0.534221	0.605087	0.448302	0.290247	0.622951	0.578411	0.607774	0.186675	0.563025	0.532751	0.572597	0.630372	0.488176	0.579572	0.574939	0.480658	0.554348	0.608414	0.531250	0.570082	0.611276	0.627063	0.585621	0.431206	0.365535	0.541578	0.595041	0.591304	0.588928	
0.586767	1.000000	0.581197	0.649611	0.533141	0.628670	0.593957	0.053687	0.645295	0.632822	0.615951	0.583625	0.625153	0.625147	0.646872	0.626214	0.632050	0.559557	0.616149	0.643226	0.477975	0.498904	0.640250	0.605528	0.620525	0.205150	0.611940	0.584980	0.574150	0.423043	0.426073	0.575269	0.617100	0.592784	0.514706	0.583016	0.655670	0.499469	0.516788	0.609784	0.662326	0.579554	0.540934	0.377504	0.607099	0.541007	0.534271	0.332542	0.653543	0.330189	0.628079	0.666667	0.392395	0.621247	0.574176	0.633574	0.581913	0.560113	0.579439	0.651635	0.394309	0.530015	0.636771	0.552113	0.623108	0.494180	0.555866	0.645583	0.574932	0.632203	0.624852	0.637786	0.420277	0.660040	0.637951	0.028039	0.586985	0.609831	0.419466	0.632911	0.590850	0.622172	0.551049	0.580959	0.628285	0.584877	0.642058	0.622837	0.313253	0.589474	0.136054	0.607918	0.626977	0.563889	0.613057	0.632576	0.198421	0.558533	0.624888	0.615018	0.624862	0.550071	0.642162	0.068680	0.611707	0.295652	0.610470	0.156225	0.462785	0.629501	0.409091	0.658077	0.487879	0.510324	0.644596	0.598379	0.149801	0.640000	0.518135	0.512879	0.341463	0.457005	0.307427	0.632291	0.066185	0.394748	0.626761	0.608025	0.641466	0.541667	0.397561	0.528455	0.523256	0.642464	0.613124	0.619617	0.272298	0.645094	0.485407	0.614390	0.621212	0.645427	0.639153	0.644377	0.648045	0.596595	0.621087	0.644524	0.274648	0.629586	0.619149	0.490114	0.633641	0.521230	0.513687	0.320261	0.625806	0.527246	0.616145	0.609547	0.324289	0.559786	0.304498	0.557779	0.565886	0.609502	0.607143	0.580274	0.659363	0.616183	0.551553	0.582496	0.647059	0.616710	0.524450	0.287643	0.576769	0.642706	0.646872	0.559392	0.537998	0.605923	0.310618	0.612957	0.495565	0.643206	0.654076	0.635563	0.653140	0.608944	0.502994	0.262032	0.601515	0.640608	0.590688	0.653445	0.625862	0.610063	0.633053	0.644359	0.455370	0.614458	0.650513	0.647597	0.635514	0.366355	0.579866	0.649735	0.626007	0.450678	0.611321	0.583784	0.600644	0.327645	0.595579	0.559422	0.651212	0.204892	0.568047	0.616307	0.390805	0.466770	0.604819	0.385314	0.594937	0.598529	0.506652	0.625541	0.608907	0.619217	0.361204	0.640509	0.280702	0.629586	0.633907	0.272981	0.655704	0.622370	0.651564	0.556143	0.567455	0.595220	0.596595	0.518841	0.461059	0.644487	0.582996	0.641148	0.214630	0.652587	0.650052	0.598179	0.634371	0.554698	0.138948	0.574150	0.466049	0.605621	0.365127	0.597876	0.624553	0.649657	0.607595	0.592885	0.586486	0.570674	0.629977	0.621965	0.492468	0.044288	0.389021	0.612981	0.595020	0.612726	0.653805	0.614876	0.333333	0.642715	0.575380	0.580822	0.544218	0.619824	0.650334	0.643623	0.619325	0.259325	0.634812	0.357664	0.583153	0.645382	0.623853	0.557841	0.327645	0.548063	0.388357	0.440571	0.621673	0.599752	0.646947	0.575716	0.635879	0.587776	0.568681	0.524747	0.644796	0.521994	0.567082	0.645030	0.171269	0.592885	0.241320	0.229293	0.533911	0.624862	0.637488	0.631461	0.475460	0.625752	0.640758	0.647917	0.654512	0.632778	0.603093	0.555241	0.556467	0.584239	0.628405	0.643443	0.653061	0.497751	0.627119	0.170376	0.617225	0.602167	0.622336	0.650000	0.651163	0.626246	0.304498	0.453125	0.594635	0.623679	0.372482	0.645161	0.576132	0.549492	0.620859	0.649034	0.629407	0.592021	0.636119	0.639640	0.419229	0.459375	0.577128	0.401305	0.565097	0.365808	0.627962	0.582011	0.621212	0.662366	0.560265	0.644101	0.478689	0.625430	0.655391	0.350168	0.586510	0.652860	0.643478	0.643923	0.612210	0.542821	0.478528	0.303594	0.636600	0.618151	0.617647	0.632790	0.307596	0.663900	0.535966	0.280000	0.635603	0.612960	0.546243	0.637486	0.402308	0.183007	0.129134	0.428067	0.640562	0.526163	0.630485	0.631164	0.634975	0.452119	0.344595	0.639456	0.604891	0.583222	0.633994	0.626238	0.562897	0.588394	0.633979	0.208410	0.608802	0.185466	0.652608	0.544681	0.650052	0.599045	0.631119	0.621249	0.498630	0.556348	0.570236	0.550518	0.542373	0.594477	0.618153	0.531387	0.604317	0.608429	0.623281	0.155260	0.574099	0.631749	0.639196	0.257827	0.457740	0.606481	0.087251	0.641084	0.454121	0.534307	0.646444	0.428194	0.633043	0.484723	0.611386	0.030566	0.645989	0.606827	0.507246	0.567568	0.643956	0.603627	0.585627	0.464912	0.514620	0.585499	0.647128	0.621087	0.521355	0.657111	0.386867	0.604405	0.378817	0.579320	0.624220	0.557746	0.639731	0.452830	0.615385	0.599739	0.643956	0.642784	0.524638	0.562620	0.552891	0.407767	0.589928	0.556497	0.590551	0.398042	0.204422	0.587222	0.443740	0.583333	0.544429	0.627132	0.632829	0.574468	0.418605	0.590621	0.513433	0.577181	0.279123	0.485496	0.452119	0.500000	0.647662	0.592810	0.630754	0.650554	0.573888	0.633303	0.619824	0.620363	0.651751	0.630715	0.616561	0.650424	0.556325	0.256228	0.472222	0.617347	0.628308	0.655642	
0.512614	0.581197	1.000000	0.552801	0.416290	0.632047	0.589528	0.073737	0.584270	0.549662	0.537313	0.606547	0.519326	0.539866	0.598411	0.514793	0.602907	0.467105	0.510553	0.584270	0.521940	0.567031	0.588338	0.537525	0.540856	0.273807	0.620915	0.495258	0.462703	0.508929	0.336996	0.488223	0.511535	0.501035	0.558733	0.520940	0.584483	0.565637	0.422857	0.557530	0.616601	0.638498	0.590538	0.470208	0.534260	0.422599	0.580917	0.424609	0.601990	0.419253	0.532934	0.582389	0.473328	0.553030	0.466231	0.583975	0.499475	0.437012	0.498403	0.581244	0.476981	0.414662	0.613027	0.460000	0.625606	0.556731	0.456954	0.578139	0.465368	0.616058	0.562319	0.538688	0.503603	0.615385	0.549094	0.038701	0.496288	0.608579	0.497611	0.589975	0.498429	0.564246	0.459669	0.617557	0.507583	0.605653	0.564576	0.561968	0.236057	0.630263	0.183958	0.520041	0.627668	0.452747	0.601660	0.611557	0.265159	0.442714	0.598317	0.530612	0.595086	0.453838	0.579372	0.094059	0.604419	0.222222	0.610478	0.210429	0.548730	0.555661	0.312655	0.600500	0.385882	0.414747	0.604766	0.611506	0.202020	0.579817	0.555267	0.575116	0.430719	0.537168	0.231469	0.598689	0.090685	0.493338	0.570058	0.611036	0.566322	0.463736	0.488302	0.566946	0.423690	0.575068	0.602808	0.534113	0.358934	0.587108	0.373365	0.629292	0.611030	0.596733	0.590308	0.611725	0.585443	0.625568	0.603989	0.578221	0.205805	0.554589	0.626549	0.565341	0.563327	0.421535	0.529628	0.413538	0.589286	0.407365	0.616809	0.534260	0.417186	0.603438	0.229167	0.596895	0.605341	0.569801	0.517454	0.606713	0.581240	0.599653	0.600000	0.630051	0.595238	0.618801	0.602410	0.378093	0.500532	0.595070	0.587820	0.627595	0.598485	0.613139	0.404783	0.606887	0.575727	0.601814	0.596990	0.597285	0.602449	0.614021	0.405594	0.346056	0.621192	0.563456	0.604052	0.564460	0.597037	0.612859	0.593180	0.606796	0.540044	0.545098	0.601742	0.554511	0.562141	0.456545	0.472727	0.586784	0.551464	0.515243	0.531980	0.481720	0.625698	0.247423	0.498436	0.622300	0.586479	0.273477	0.593805	0.544922	0.297872	0.372760	0.547059	0.478149	0.528571	0.601290	0.557673	0.596050	0.592281	0.540174	0.274112	0.594881	0.210526	0.558454	0.535857	0.359788	0.582975	0.572736	0.583706	0.597418	0.462046	0.609280	0.604802	0.431818	0.358173	0.607085	0.476907	0.602429	0.285955	0.585752	0.579358	0.492179	0.544939	0.580275	0.187767	0.471351	0.369928	0.620263	0.455115	0.615385	0.548105	0.615385	0.504082	0.499473	0.470968	0.492080	0.559387	0.578199	0.569267	0.060937	0.485207	0.544031	0.491081	0.609706	0.584150	0.621429	0.251928	0.609060	0.460022	0.601212	0.594355	0.522796	0.584559	0.526725	0.570067	0.193891	0.553789	0.455290	0.602913	0.567948	0.491081	0.607102	0.247423	0.426156	0.481838	0.341048	0.611916	0.545637	0.600969	0.470206	0.627660	0.494265	0.461874	0.558115	0.581006	0.417431	0.455641	0.583333	0.230041	0.499473	0.319925	0.304659	0.430351	0.585987	0.612409	0.570370	0.372922	0.536729	0.618474	0.579130	0.615385	0.628099	0.509317	0.441964	0.584789	0.475162	0.633826	0.595197	0.602133	0.392065	0.549213	0.228879	0.528265	0.630229	0.629494	0.574775	0.586938	0.612626	0.229167	0.356627	0.597911	0.610915	0.460829	0.609904	0.610676	0.597961	0.527363	0.596760	0.634146	0.512927	0.623177	0.562152	0.509004	0.361446	0.501062	0.306351	0.456140	0.460788	0.555126	0.477801	0.572711	0.571429	0.604706	0.599673	0.545545	0.614476	0.588028	0.265306	0.606178	0.614618	0.583784	0.588652	0.613452	0.605174	0.375297	0.397308	0.634401	0.637703	0.544732	0.596918	0.402251	0.596187	0.449388	0.368564	0.529698	0.633634	0.426304	0.566142	0.490826	0.245266	0.174830	0.505700	0.591906	0.419134	0.568182	0.594684	0.605263	0.348247	0.260870	0.623462	0.502585	0.482465	0.595300	0.533066	0.592971	0.476907	0.560450	0.154681	0.539683	0.248447	0.579285	0.440223	0.589766	0.540856	0.620690	0.612790	0.569727	0.435466	0.455446	0.606690	0.434298	0.620690	0.617166	0.422857	0.548828	0.615385	0.593286	0.209166	0.483493	0.620545	0.594093	0.340767	0.532230	0.569260	0.119068	0.555762	0.362545	0.429714	0.584642	0.509756	0.605970	0.562942	0.527054	0.042168	0.586667	0.503568	0.440909	0.488172	0.569091	0.490644	0.614152	0.537913	0.418764	0.606538	0.534995	0.613960	0.402762	0.577940	0.479029	0.614340	0.477494	0.616729	0.514632	0.451111	0.567993	0.346247	0.494405	0.499478	0.563636	0.613539	0.422727	0.596451	0.442714	0.316832	0.600000	0.432071	0.495798	0.306351	0.272873	0.598863	0.341048	0.477516	0.440489	0.623505	0.594982	0.599764	0.503185	0.514811	0.411628	0.472727	0.367468	0.383432	0.348247	0.393939	0.554827	0.614295	0.596201	0.583263	0.604798	0.617533	0.524823	0.620453	0.607553	0.559923	0.510769	0.578483	0.604834	0.191489	0.365155	0.517454	0.555241	0.594417	
0.597222	0.649611	0.552801	1.000000	0.557912	0.601671	0.551724	0.045012	0.643341	0.650131	0.626703	0.540059	0.615176	0.625974	0.621810	0.629879	0.621622	0.583463	0.624309	0.623025	0.428722	0.458979	0.626424	0.629371	0.623514	0.174191	0.571882	0.587021	0.593272	0.372093	0.470803	0.594268	0.639118	0.612950	0.467101	0.607345	0.627672	0.446419	0.552980	0.601504	0.617706	0.531148	0.493622	0.325249	0.600543	0.550489	0.484625	0.285415	0.628877	0.283339	0.623803	0.648402	0.342116	0.616561	0.605873	0.603700	0.574780	0.597444	0.577844	0.622829	0.343842	0.564784	0.615087	0.572337	0.599659	0.446656	0.566929	0.636364	0.597243	0.591447	0.625654	0.634667	0.367310	0.637838	0.627249	0.023459	0.586310	0.573301	0.365016	0.625793	0.605263	0.642590	0.574132	0.540501	0.621170	0.546502	0.632226	0.636132	0.364000	0.552442	0.114855	0.609687	0.617706	0.579030	0.588936	0.609231	0.168382	0.576433	0.613900	0.630607	0.625604	0.585987	0.627962	0.057654	0.584806	0.344130	0.588910	0.132106	0.419219	0.633333	0.452336	0.640086	0.531952	0.529313	0.627907	0.568966	0.126606	0.647131	0.477053	0.465786	0.293295	0.408245	0.357430	0.622505	0.055548	0.347199	0.614786	0.572840	0.633838	0.557121	0.343842	0.476539	0.543657	0.623188	0.600000	0.627815	0.232518	0.636260	0.512281	0.584775	0.588979	0.634529	0.636574	0.622517	0.624371	0.548031	0.593116	0.611810	0.320329	0.628272	0.600698	0.437806	0.625159	0.544850	0.464548	0.274589	0.614841	0.568562	0.596646	0.630435	0.278137	0.519774	0.354125	0.517711	0.524752	0.626598	0.614509	0.553517	0.639220	0.622877	0.503597	0.548363	0.634254	0.605556	0.488746	0.245941	0.595808	0.615029	0.642691	0.516459	0.487001	0.579288	0.266103	0.589492	0.445734	0.626327	0.646486	0.612322	0.628931	0.579381	0.548552	0.223558	0.568200	0.642857	0.533137	0.643101	0.594995	0.577666	0.608081	0.621762	0.405164	0.627503	0.625000	0.640605	0.632258	0.315343	0.596386	0.638889	0.631980	0.395530	0.621849	0.585736	0.582257	0.376238	0.613372	0.521498	0.645161	0.173969	0.530556	0.632138	0.443182	0.494700	0.600801	0.333605	0.595205	0.558249	0.458503	0.623962	0.578856	0.635171	0.410058	0.619490	0.327198	0.636126	0.616644	0.233115	0.645740	0.600973	0.633570	0.517795	0.583072	0.567434	0.565354	0.545156	0.491979	0.619979	0.596970	0.630705	0.182386	0.642032	0.628118	0.607558	0.638677	0.518669	0.117326	0.581040	0.504409	0.571429	0.314253	0.559418	0.630607	0.626866	0.609309	0.613569	0.582701	0.606509	0.631307	0.622449	0.438178	0.037103	0.336210	0.620506	0.612903	0.563758	0.631455	0.586360	0.378698	0.642780	0.588785	0.529369	0.498698	0.634078	0.624235	0.620053	0.629820	0.302905	0.644110	0.307634	0.542813	0.633166	0.621701	0.515254	0.380198	0.581169	0.337042	0.483636	0.615860	0.597796	0.632885	0.592025	0.600957	0.601744	0.593509	0.492481	0.640100	0.549085	0.598131	0.625414	0.145010	0.613569	0.205528	0.195087	0.568627	0.625604	0.624742	0.618047	0.514886	0.618667	0.607803	0.632537	0.608268	0.611321	0.612950	0.576000	0.507979	0.592366	0.593453	0.627933	0.637131	0.525597	0.633557	0.144243	0.609272	0.561519	0.595238	0.643623	0.640969	0.589492	0.354125	0.483005	0.570975	0.601156	0.320784	0.636364	0.557319	0.507023	0.626703	0.651885	0.595194	0.594828	0.629845	0.634449	0.366248	0.500894	0.599106	0.436090	0.580343	0.314858	0.634338	0.592593	0.633452	0.640754	0.529041	0.629591	0.441395	0.602031	0.640462	0.397661	0.544037	0.636656	0.643623	0.623104	0.597043	0.500332	0.500876	0.259930	0.615672	0.609016	0.623129	0.609148	0.263446	0.634202	0.573248	0.239251	0.648148	0.608860	0.569558	0.619753	0.348827	0.155100	0.108950	0.373455	0.631694	0.546952	0.639490	0.619507	0.601641	0.485612	0.395303	0.616034	0.626437	0.602985	0.612756	0.624484	0.514401	0.593939	0.633166	0.244635	0.635007	0.157217	0.643902	0.573718	0.634921	0.612946	0.611477	0.597222	0.455275	0.567742	0.598746	0.526316	0.564593	0.566795	0.583124	0.566225	0.618858	0.576797	0.603960	0.131279	0.604790	0.594828	0.632385	0.219892	0.402963	0.623244	0.073357	0.631056	0.498221	0.559603	0.630857	0.373687	0.602432	0.434595	0.627235	0.025578	0.634660	0.614085	0.545156	0.579666	0.644150	0.593343	0.552567	0.412988	0.550580	0.541636	0.642487	0.586055	0.541806	0.661017	0.334287	0.582543	0.326417	0.543952	0.633333	0.588235	0.632099	0.497297	0.615169	0.620991	0.622437	0.633929	0.548440	0.514905	0.570064	0.461825	0.548510	0.567783	0.625551	0.443609	0.173562	0.547256	0.483636	0.606335	0.554140	0.598261	0.615385	0.525650	0.365016	0.598870	0.529711	0.596386	0.238484	0.522648	0.496403	0.531516	0.648241	0.556942	0.629787	0.635965	0.543793	0.620825	0.620112	0.590219	0.633580	0.634715	0.613636	0.632677	0.510610	0.299376	0.522046	0.617354	0.629442	0.629356	
0.609709	0.533141	0.416290	0.557912	1.000000	0.451835	0.377218	0.022707	0.537445	0.595365	0.593573	0.356955	0.615385	0.605310	0.554033	0.583643	0.469314	0.637615	0.597303	0.528634	0.241563	0.265280	0.511144	0.584314	0.579710	0.090848	0.387097	0.613108	0.610245	0.205231	0.530612	0.620087	0.602687	0.591837	0.275304	0.592445	0.546784	0.255639	0.596491	0.543002	0.486692	0.394089	0.299340	0.176623	0.606403	0.601467	0.287122	0.153326	0.506849	0.152125	0.596958	0.548435	0.186642	0.579310	0.638009	0.467153	0.591195	0.665083	0.596112	0.575707	0.187672	0.604534	0.480097	0.594340	0.416925	0.254364	0.609302	0.567353	0.620536	0.449664	0.590340	0.609174	0.201780	0.525000	0.582897	0.011770	0.591006	0.401575	0.200393	0.507422	0.626305	0.571906	0.620047	0.353859	0.612086	0.388119	0.565789	0.564544	0.549153	0.386973	0.058985	0.607646	0.491762	0.654378	0.418557	0.496104	0.087685	0.600473	0.464501	0.737794	0.552167	0.624113	0.547731	0.029178	0.427184	0.512111	0.456599	0.068148	0.241563	0.573913	0.581818	0.511757	0.625668	0.612245	0.515520	0.380952	0.065217	0.550489	0.281185	0.279261	0.157895	0.228700	0.511945	0.439242	0.028097	0.189679	0.579505	0.400000	0.575809	0.599078	0.187672	0.284123	0.606965	0.568218	0.487075	0.581818	0.123151	0.523810	0.591781	0.420610	0.436807	0.544396	0.525038	0.522111	0.497462	0.379343	0.435345	0.475845	0.517730	0.576029	0.522936	0.249389	0.577320	0.624685	0.285115	0.147080	0.524845	0.610687	0.428879	0.568738	0.149123	0.336912	0.513699	0.323040	0.337469	0.558059	0.622490	0.369900	0.520891	0.516224	0.308157	0.368231	0.531429	0.445714	0.302222	0.130727	0.587473	0.533333	0.523592	0.351119	0.297376	0.391853	0.142210	0.433551	0.268775	0.507463	0.516667	0.461176	0.504673	0.473203	0.617801	0.118124	0.390716	0.557480	0.353859	0.544643	0.450801	0.409736	0.504459	0.515789	0.225539	0.580882	0.490470	0.571429	0.596491	0.170783	0.640523	0.546282	0.559177	0.220183	0.616896	0.629956	0.422594	0.533333	0.608696	0.329830	0.552036	0.090727	0.330364	0.587591	0.569659	0.603878	0.573529	0.181575	0.587302	0.374302	0.268775	0.545455	0.417281	0.574506	0.544872	0.554033	0.500000	0.604651	0.590909	0.123487	0.526929	0.547812	0.552262	0.332248	0.591224	0.403561	0.381221	0.554455	0.612360	0.498695	0.624176	0.498024	0.095327	0.538578	0.534712	0.612836	0.567986	0.321767	0.060293	0.623608	0.624309	0.465116	0.170142	0.393411	0.611212	0.510232	0.587302	0.600423	0.603524	0.581741	0.584507	0.552677	0.248932	0.018680	0.183124	0.600733	0.612159	0.405268	0.544049	0.422078	0.529801	0.519553	0.636156	0.347530	0.306536	0.606654	0.571895	0.603978	0.565445	0.476534	0.563238	0.166259	0.369900	0.578680	0.607966	0.321260	0.533333	0.627737	0.183618	0.608696	0.485640	0.552783	0.488189	0.621924	0.476190	0.600414	0.642534	0.293314	0.585284	0.631313	0.627002	0.520000	0.075055	0.600423	0.108079	0.102307	0.619165	0.532905	0.499346	0.533113	0.601093	0.568807	0.494148	0.545994	0.473490	0.446784	0.608163	0.614286	0.314088	0.595556	0.498652	0.536232	0.514132	0.629921	0.596296	0.074643	0.589091	0.399602	0.446449	0.570978	0.526316	0.437908	0.520548	0.598870	0.386364	0.530303	0.173987	0.536296	0.411195	0.316279	0.570888	0.533716	0.442417	0.598778	0.476421	0.571429	0.201681	0.632768	0.579399	0.581040	0.633028	0.170497	0.551971	0.604255	0.539185	0.568323	0.333333	0.497326	0.264249	0.437358	0.618182	0.545455	0.378479	0.513736	0.548896	0.530675	0.446978	0.313364	0.612022	0.138681	0.459054	0.453515	0.581132	0.488771	0.140690	0.539823	0.586288	0.126945	0.566243	0.455607	0.645320	0.565289	0.190654	0.080489	0.055867	0.206061	0.509859	0.636816	0.558621	0.497253	0.448430	0.592593	0.522876	0.503365	0.594705	0.640860	0.531947	0.593870	0.316770	0.619780	0.578680	0.413793	0.575188	0.081633	0.582114	0.630072	0.511078	0.579710	0.447552	0.422386	0.265107	0.621687	0.623557	0.324324	0.625592	0.374312	0.409274	0.636591	0.562044	0.398430	0.484472	0.067707	0.596112	0.425131	0.527504	0.116074	0.224176	0.550173	0.037274	0.570000	0.599440	0.631579	0.546269	0.205645	0.458333	0.248024	0.613027	0.012840	0.548536	0.582178	0.584158	0.607930	0.554487	0.613169	0.395303	0.231031	0.633166	0.346939	0.592593	0.431034	0.631043	0.573269	0.181980	0.449941	0.177314	0.360568	0.609709	0.636792	0.571901	0.628571	0.587771	0.627859	0.557692	0.529667	0.603960	0.321007	0.605201	0.590361	0.369565	0.630332	0.621849	0.568807	0.090506	0.368564	0.631884	0.585153	0.614657	0.427513	0.546875	0.334975	0.200393	0.596421	0.635417	0.605664	0.126512	0.617886	0.592593	0.638743	0.571912	0.378830	0.497959	0.514851	0.368231	0.479705	0.630137	0.413863	0.504043	0.585538	0.625251	0.547112	0.313124	0.456522	0.596685	0.582329	0.572899	0.512129	
0.551583	0.628670	0.632047	0.601671	0.451835	1.000000	0.607166	0.072483	0.618341	0.569756	0.561934	0.619788	0.567703	0.586978	0.611954	0.572854	0.622394	0.484444	0.559512	0.637555	0.547144	0.579421	0.620932	0.560575	0.578740	0.269627	0.640316	0.531483	0.503834	0.512235	0.344486	0.501085	0.556345	0.536688	0.564234	0.558428	0.630662	0.570874	0.442642	0.601703	0.636872	0.624746	0.596606	0.470079	0.564824	0.458190	0.598408	0.417280	0.631491	0.413223	0.557576	0.622026	0.477736	0.584291	0.496689	0.632970	0.531350	0.470056	0.528587	0.606573	0.482942	0.441347	0.645012	0.481982	0.653175	0.558027	0.472036	0.597260	0.500000	0.634757	0.592375	0.572844	0.505229	0.630068	0.595950	0.038031	0.519871	0.637838	0.500800	0.634025	0.528102	0.583804	0.481523	0.632035	0.556807	0.632293	0.598881	0.585646	0.239789	0.632626	0.181005	0.549428	0.640064	0.489978	0.637378	0.635332	0.261090	0.484780	0.625483	0.566372	0.616375	0.478016	0.609248	0.092476	0.645579	0.225764	0.652874	0.207100	0.537854	0.596728	0.317380	0.645324	0.403341	0.432243	0.640664	0.629316	0.198810	0.593692	0.577546	0.584935	0.427165	0.536477	0.235139	0.631888	0.089156	0.481836	0.586408	0.635007	0.595623	0.485523	0.484458	0.580000	0.448037	0.597976	0.618849	0.573964	0.353720	0.617958	0.388420	0.637456	0.633968	0.618593	0.617988	0.626609	0.634185	0.637018	0.637931	0.631579	0.209115	0.565005	0.613596	0.560000	0.590822	0.439024	0.566755	0.407041	0.622744	0.431739	0.646552	0.560804	0.413750	0.624478	0.232804	0.614939	0.615660	0.597502	0.544699	0.622846	0.619289	0.625219	0.602908	0.625954	0.620275	0.649739	0.598677	0.372664	0.519957	0.615658	0.619090	0.607626	0.606754	0.638127	0.399640	0.635311	0.567104	0.617818	0.641892	0.621005	0.629843	0.624898	0.420804	0.340990	0.622163	0.616924	0.636982	0.628521	0.623318	0.634483	0.621297	0.637255	0.543775	0.569444	0.634692	0.596958	0.589942	0.450053	0.509209	0.609083	0.592168	0.523090	0.550874	0.503268	0.636620	0.251309	0.536431	0.620811	0.617569	0.269301	0.618011	0.565217	0.302414	0.378182	0.587302	0.475101	0.549587	0.628088	0.573158	0.617060	0.629866	0.583741	0.278351	0.624442	0.213904	0.574780	0.558468	0.354565	0.618593	0.614246	0.624434	0.612293	0.486065	0.621017	0.627861	0.449309	0.370732	0.637398	0.502720	0.619787	0.281619	0.615111	0.602980	0.538543	0.602871	0.605081	0.184760	0.506024	0.382567	0.635441	0.457023	0.637701	0.576205	0.646617	0.553719	0.518677	0.507625	0.521925	0.589147	0.584851	0.562054	0.059894	0.473997	0.578218	0.524973	0.636802	0.615662	0.642651	0.255875	0.638983	0.490566	0.620269	0.601671	0.553846	0.592937	0.578171	0.582449	0.197031	0.590350	0.449623	0.620294	0.599052	0.524973	0.619377	0.251309	0.457143	0.475800	0.348578	0.639024	0.560406	0.647635	0.496158	0.641104	0.534319	0.496689	0.584367	0.595104	0.444186	0.486127	0.634021	0.226441	0.518677	0.315169	0.300090	0.452354	0.605336	0.634662	0.597378	0.390361	0.582755	0.643958	0.632689	0.640000	0.647460	0.538784	0.475113	0.604651	0.505470	0.638474	0.634315	0.639602	0.414201	0.589641	0.225295	0.573964	0.635374	0.652850	0.617486	0.630677	0.643994	0.232804	0.366748	0.619737	0.622776	0.460662	0.625110	0.630294	0.603193	0.572004	0.621878	0.642804	0.540314	0.639814	0.590994	0.507439	0.366748	0.522581	0.310999	0.493333	0.457823	0.590998	0.522484	0.617060	0.617329	0.604265	0.632013	0.561753	0.640835	0.610320	0.269430	0.634241	0.642617	0.617486	0.616487	0.627890	0.609287	0.390361	0.391662	0.649136	0.644874	0.577465	0.628993	0.397146	0.642732	0.473506	0.363241	0.589163	0.639394	0.448276	0.606174	0.491551	0.241460	0.172010	0.511457	0.626917	0.445727	0.590038	0.627517	0.640118	0.360736	0.264935	0.634631	0.540314	0.518837	0.620932	0.555781	0.606164	0.509249	0.606635	0.157241	0.568273	0.244599	0.604263	0.466591	0.615250	0.578740	0.639939	0.635011	0.559161	0.461889	0.488294	0.609756	0.471783	0.639640	0.649725	0.444959	0.583004	0.637896	0.611505	0.205855	0.524272	0.642706	0.630861	0.335763	0.531524	0.573896	0.117090	0.605263	0.372716	0.438007	0.624339	0.508987	0.629518	0.564248	0.557809	0.041439	0.610961	0.546956	0.447005	0.514161	0.612132	0.520000	0.625841	0.544395	0.438515	0.634146	0.585839	0.626437	0.429405	0.613825	0.478936	0.650419	0.469439	0.627673	0.561798	0.470721	0.600561	0.358722	0.558187	0.531217	0.610294	0.633766	0.451613	0.612104	0.475761	0.321608	0.621173	0.469526	0.529787	0.310999	0.268705	0.630172	0.348578	0.516269	0.475761	0.643009	0.619565	0.625446	0.506400	0.550155	0.422170	0.513543	0.362158	0.393758	0.360736	0.418440	0.602844	0.634653	0.625521	0.625107	0.625954	0.632733	0.553846	0.642215	0.631841	0.601358	0.542056	0.613191	0.603282	0.194595	0.382567	0.548857	0.578797	0.635158	
0.480475	0.593957	0.589528	0.551724	0.377218	0.607166	1.000000	0.093071	0.577381	0.517974	0.496644	0.629014	0.496656	0.524430	0.557576	0.509575	0.610442	0.414923	0.490694	0.565476	0.589286	0.609723	0.556886	0.487639	0.511934	0.336050	0.625510	0.436620	0.429856	0.559034	0.276342	0.442462	0.503378	0.477016	0.620047	0.463122	0.580549	0.612660	0.363465	0.504777	0.603306	0.573302	0.621915	0.517995	0.492462	0.376866	0.622841	0.474729	0.600144	0.494469	0.501262	0.589205	0.534925	0.521319	0.419910	0.607407	0.436842	0.391144	0.431616	0.544304	0.522383	0.364151	0.620643	0.397424	0.623775	0.611381	0.413541	0.548686	0.419442	0.617855	0.520458	0.518212	0.553445	0.588576	0.521036	0.049083	0.446018	0.596784	0.555761	0.601140	0.451839	0.542427	0.399267	0.607930	0.488095	0.588165	0.550747	0.527331	0.189979	0.599883	0.228760	0.475862	0.589532	0.412033	0.629516	0.622470	0.326185	0.397790	0.623829	0.506579	0.542768	0.395948	0.556068	0.118394	0.625157	0.178571	0.589096	0.260752	0.574830	0.513732	0.253776	0.580087	0.327869	0.354502	0.576923	0.626298	0.250614	0.555991	0.618732	0.612994	0.504466	0.577033	0.186192	0.633333	0.114199	0.527363	0.522376	0.622833	0.532800	0.402917	0.543532	0.628871	0.369953	0.556765	0.557940	0.519373	0.432596	0.576779	0.313230	0.631970	0.622364	0.585185	0.571861	0.590909	0.602343	0.611111	0.628536	0.627767	0.165079	0.525368	0.534548	0.588082	0.510843	0.364151	0.617001	0.483561	0.543229	0.356061	0.634821	0.499162	0.490733	0.610459	0.184293	0.619938	0.633547	0.511290	0.482343	0.646659	0.595221	0.560776	0.619024	0.618859	0.581071	0.617685	0.609041	0.442389	0.429840	0.542706	0.584848	0.583014	0.624079	0.621015	0.456399	0.638836	0.571298	0.601429	0.607375	0.630535	0.603399	0.549020	0.340670	0.419723	0.652917	0.551618	0.607930	0.588764	0.623292	0.613705	0.616022	0.607168	0.578479	0.508699	0.626207	0.540368	0.522303	0.526212	0.440285	0.579425	0.529695	0.581081	0.474403	0.435094	0.630019	0.199377	0.460733	0.630526	0.570136	0.336047	0.646997	0.515277	0.241379	0.306641	0.493786	0.530584	0.462725	0.635579	0.599725	0.550346	0.629032	0.518033	0.221538	0.551515	0.168955	0.513912	0.488665	0.434585	0.592593	0.517188	0.565951	0.625066	0.403285	0.635603	0.629630	0.371134	0.298332	0.606018	0.438283	0.611814	0.350799	0.580060	0.589552	0.458988	0.535370	0.633868	0.233378	0.422662	0.308293	0.570270	0.512251	0.614749	0.516447	0.585960	0.469580	0.454225	0.427932	0.437390	0.515028	0.533011	0.592528	0.077050	0.540297	0.497932	0.456140	0.587879	0.563359	0.621298	0.203109	0.598985	0.420000	0.631464	0.609829	0.480409	0.544314	0.513158	0.509709	0.155319	0.557325	0.518447	0.631937	0.534290	0.461404	0.620797	0.199377	0.381750	0.531023	0.279762	0.575227	0.483108	0.602105	0.427027	0.616101	0.464223	0.425339	0.630964	0.545599	0.362606	0.421818	0.586941	0.284309	0.454225	0.387111	0.372823	0.377570	0.531882	0.588235	0.544594	0.314869	0.513245	0.583799	0.565445	0.622795	0.608696	0.471813	0.395199	0.620795	0.425876	0.563701	0.572062	0.597440	0.339080	0.502078	0.282917	0.491344	0.617136	0.621935	0.572089	0.592972	0.623656	0.184293	0.294985	0.641070	0.565382	0.533910	0.566517	0.582915	0.635945	0.500000	0.597059	0.616883	0.457539	0.609396	0.550198	0.552494	0.294985	0.451727	0.248485	0.413103	0.524869	0.532351	0.439541	0.550346	0.572303	0.634870	0.599575	0.574536	0.624270	0.578987	0.214212	0.629523	0.585191	0.569005	0.571863	0.646753	0.607634	0.314869	0.467129	0.627451	0.611003	0.481140	0.602817	0.461409	0.575690	0.394107	0.440547	0.514003	0.606978	0.377923	0.544164	0.546557	0.302512	0.217675	0.555429	0.597232	0.369953	0.535800	0.608196	0.622508	0.289941	0.210526	0.586060	0.473137	0.443262	0.547904	0.497890	0.628396	0.438283	0.558214	0.123377	0.512134	0.306306	0.555556	0.395564	0.580597	0.488889	0.612755	0.644720	0.601272	0.387755	0.408759	0.635086	0.400000	0.634341	0.632024	0.361582	0.508671	0.625446	0.628065	0.259232	0.436945	0.645241	0.600583	0.411680	0.587193	0.520548	0.149367	0.530483	0.300000	0.365348	0.567142	0.562146	0.626064	0.590988	0.506329	0.053454	0.570122	0.481164	0.365511	0.433303	0.559441	0.469974	0.598220	0.594483	0.365693	0.647091	0.518699	0.627278	0.357955	0.557632	0.535628	0.576720	0.535762	0.609279	0.490662	0.401104	0.550473	0.288253	0.473504	0.466783	0.553225	0.564254	0.369260	0.630817	0.401473	0.257286	0.634975	0.398157	0.465320	0.248485	0.335332	0.619209	0.279762	0.433541	0.392265	0.641791	0.541827	0.626263	0.566877	0.475129	0.343840	0.433155	0.434156	0.319767	0.289941	0.340670	0.542265	0.637931	0.590844	0.595620	0.630152	0.619241	0.494037	0.641119	0.609253	0.520325	0.481928	0.576836	0.633774	0.153355	0.308293	0.478898	0.547352	0.607829	
0.034412	0.053687	0.073737	0.045012	0.022707	0.072483	0.093071	1.000000	0.052300	0.039402	0.035933	0.100412	0.036368	0.039834	0.049734	0.036910	0.068186	0.025784	0.034847	0.052300	0.154294	0.139700	0.051445	0.033868	0.038428	0.387103	0.091329	0.029834	0.027209	0.182525	0.015528	0.028194	0.035064	0.031690	0.134230	0.033106	0.052620	0.145333	0.021716	0.042858	0.063764	0.087322	0.122496	0.211978	0.036151	0.022817	0.128233	0.243015	0.057518	0.244837	0.035608	0.051231	0.200750	0.041455	0.026442	0.067240	0.030271	0.024137	0.028741	0.043720	0.199655	0.021496	0.067975	0.024466	0.082573	0.146107	0.025125	0.046946	0.027099	0.074781	0.039185	0.037669	0.185681	0.056455	0.040699	0.577999	0.029178	0.087425	0.186977	0.058685	0.030489	0.043397	0.025015	0.101427	0.034195	0.086807	0.044474	0.041563	0.010193	0.090303	0.511174	0.032453	0.063764	0.025564	0.082677	0.061757	0.399406	0.024356	0.068186	0.038536	0.046087	0.024356	0.047805	0.632407	0.078217	0.009524	0.069235	0.471652	0.154294	0.040915	0.014086	0.056774	0.018958	0.020945	0.058685	0.093071	0.485304	0.045119	0.131187	0.132170	0.236299	0.163358	0.009970	0.075093	0.633023	0.197555	0.039943	0.086807	0.042211	0.025564	0.199655	0.129712	0.022047	0.046087	0.058049	0.038211	0.297897	0.051338	0.017964	0.080709	0.075615	0.052940	0.049948	0.054433	0.063658	0.092456	0.078321	0.067870	0.008743	0.039185	0.049413	0.149198	0.041671	0.021496	0.129219	0.252779	0.048341	0.021055	0.078321	0.036151	0.249507	0.107293	0.009859	0.112522	0.107091	0.041131	0.032562	0.096340	0.056242	0.051979	0.118619	0.096850	0.054326	0.072796	0.121206	0.282095	0.028741	0.050055	0.049734	0.102339	0.123389	0.088968	0.260904	0.077281	0.137750	0.058261	0.056455	0.070179	0.059534	0.061228	0.019842	0.309318	0.089276	0.047376	0.101427	0.051338	0.072692	0.084331	0.063342	0.060699	0.165729	0.037561	0.063553	0.042319	0.040375	0.219059	0.028303	0.049948	0.041779	0.169886	0.033759	0.027756	0.081227	0.010750	0.030926	0.109911	0.050376	0.388448	0.109710	0.037994	0.013309	0.017521	0.037561	0.206291	0.033215	0.093378	0.137750	0.047698	0.080501	0.038969	0.012086	0.049734	0.008967	0.039185	0.035825	0.297163	0.052940	0.045442	0.048019	0.109006	0.025454	0.086910	0.092456	0.022267	0.016968	0.061334	0.027866	0.060593	0.373168	0.050162	0.051873	0.030926	0.041563	0.113023	0.503720	0.027209	0.017632	0.066714	0.219862	0.089071	0.038536	0.057836	0.033215	0.029834	0.027756	0.029616	0.040159	0.041347	0.149487	0.636719	0.204568	0.037778	0.030271	0.084434	0.048663	0.077905	0.010973	0.056030	0.025893	0.103555	0.119316	0.033977	0.044904	0.038536	0.040699	0.008185	0.042858	0.224843	0.096340	0.042642	0.030271	0.113224	0.010750	0.023037	0.204024	0.015750	0.061334	0.035064	0.060910	0.026990	0.069130	0.030926	0.026442	0.125270	0.043397	0.021386	0.025893	0.054326	0.445991	0.029834	0.334755	0.351216	0.022597	0.046087	0.061228	0.044043	0.018074	0.037669	0.061651	0.051552	0.066082	0.070703	0.031690	0.024027	0.116125	0.027318	0.058791	0.053260	0.058897	0.019731	0.037127	0.446799	0.038211	0.086394	0.074050	0.047268	0.054646	0.077281	0.009859	0.016747	0.091534	0.050055	0.215122	0.051659	0.078425	0.115225	0.035933	0.054007	0.073005	0.031799	0.067765	0.043828	0.185773	0.016747	0.029069	0.013753	0.025784	0.219416	0.039077	0.029506	0.047698	0.048341	0.108603	0.059428	0.140285	0.073110	0.050055	0.011641	0.093787	0.057305	0.047268	0.049198	0.073005	0.116425	0.018074	0.267096	0.071960	0.073528	0.036042	0.060381	0.263539	0.051979	0.024356	0.289785	0.038319	0.070808	0.022487	0.044151	0.196548	0.422025	0.522544	0.181781	0.055391	0.022047	0.041455	0.057305	0.074572	0.016414	0.011418	0.058897	0.031799	0.028960	0.051445	0.035173	0.115025	0.027866	0.042642	0.006397	0.036259	0.420605	0.045227	0.023917	0.051873	0.038428	0.071017	0.080294	0.139798	0.023477	0.025454	0.112020	0.024246	0.095013	0.084950	0.021716	0.037994	0.087733	0.065451	0.474010	0.028741	0.081123	0.055285	0.314211	0.166770	0.041239	0.603031	0.043612	0.017079	0.021716	0.051125	0.182153	0.071646	0.150065	0.035173	0.592225	0.048877	0.033324	0.022267	0.027756	0.046194	0.031253	0.088042	0.161648	0.021606	0.103757	0.040051	0.078321	0.021055	0.045872	0.205838	0.070074	0.211168	0.098684	0.034412	0.024466	0.044151	0.016304	0.033542	0.030708	0.046194	0.053367	0.022267	0.113324	0.024356	0.014308	0.096442	0.024246	0.030162	0.013753	0.389161	0.096748	0.015750	0.028194	0.024356	0.080086	0.047912	0.107999	0.186977	0.033106	0.020062	0.028303	0.290690	0.018406	0.016414	0.019842	0.042642	0.093685	0.058049	0.055072	0.096850	0.066293	0.033977	0.083814	0.058791	0.040051	0.032671	0.049841	0.116524	0.008074	0.017632	0.032562	0.041779	0.058791	
0.609137	0.645295	0.584270	0.643341	0.537445	0.618341	0.577381	0.052300	1.000000	0.630695	0.618454	0.581921	0.627792	0.625298	0.645161	0.621455	0.634058	0.555712	0.618687	0.641509	0.472987	0.499172	0.646934	0.602810	0.613333	0.200252	0.601356	0.605898	0.587258	0.418399	0.438312	0.580027	0.612091	0.595020	0.504843	0.600515	0.660397	0.487961	0.532738	0.639723	0.642185	0.572981	0.534230	0.369338	0.624378	0.542522	0.525384	0.325153	0.634098	0.322843	0.620776	0.629237	0.384709	0.623681	0.581818	0.628311	0.610667	0.559078	0.581522	0.615561	0.386596	0.537313	0.635209	0.562410	0.615137	0.484816	0.551920	0.648230	0.590846	0.635818	0.629808	0.611247	0.413072	0.642497	0.640662	0.027306	0.586486	0.598914	0.412300	0.642998	0.611702	0.615385	0.561254	0.561010	0.618321	0.584567	0.617480	0.620609	0.320423	0.595292	0.132684	0.610390	0.645951	0.571429	0.624296	0.632790	0.193666	0.566092	0.619565	0.627119	0.640625	0.566092	0.646930	0.066919	0.620000	0.302491	0.626571	0.152396	0.459735	0.643868	0.414594	0.644578	0.497682	0.529323	0.629191	0.583333	0.146117	0.644870	0.510441	0.514418	0.333917	0.450170	0.314488	0.617094	0.064486	0.391089	0.617402	0.606391	0.641860	0.557284	0.389865	0.517262	0.524444	0.640625	0.638889	0.619684	0.266035	0.628571	0.485893	0.614379	0.609362	0.639583	0.630901	0.636550	0.633365	0.593423	0.619484	0.617620	0.281081	0.610577	0.636462	0.479832	0.633918	0.525373	0.495305	0.313095	0.645583	0.522523	0.619484	0.629353	0.317049	0.552561	0.311504	0.545573	0.553306	0.621176	0.607004	0.581395	0.639758	0.643533	0.528491	0.576394	0.641316	0.623693	0.524954	0.281084	0.586957	0.643087	0.630108	0.556098	0.534954	0.604294	0.303628	0.611251	0.491346	0.641584	0.648540	0.614426	0.636008	0.616570	0.516031	0.255970	0.596787	0.634361	0.573633	0.624339	0.610288	0.611597	0.623819	0.646660	0.446686	0.619339	0.628302	0.629501	0.628707	0.358377	0.592896	0.648069	0.630841	0.438382	0.624041	0.577717	0.603743	0.335079	0.600529	0.560265	0.647436	0.200000	0.563660	0.623630	0.395973	0.470032	0.624235	0.376984	0.617761	0.579065	0.494696	0.619100	0.582651	0.626506	0.369231	0.662366	0.287253	0.627404	0.624220	0.266704	0.641667	0.626966	0.641138	0.558294	0.569405	0.604361	0.584454	0.511078	0.467409	0.635226	0.590659	0.647287	0.209532	0.631692	0.658947	0.600529	0.618267	0.550292	0.135511	0.576177	0.475591	0.620183	0.357170	0.591571	0.624697	0.646123	0.617761	0.581769	0.585970	0.583333	0.637337	0.617371	0.481172	0.043138	0.379848	0.620269	0.608000	0.585714	0.623913	0.611529	0.340870	0.641052	0.566197	0.558397	0.539900	0.617347	0.628249	0.627119	0.614657	0.265455	0.651270	0.349835	0.575581	0.655093	0.597333	0.557356	0.335079	0.552632	0.381563	0.453074	0.644851	0.599496	0.628019	0.580556	0.643306	0.605820	0.576224	0.516827	0.626866	0.526158	0.563380	0.645427	0.167105	0.581769	0.235672	0.223891	0.550000	0.647321	0.631985	0.631699	0.482003	0.608802	0.642994	0.642027	0.625461	0.627660	0.600262	0.554113	0.550891	0.572614	0.646305	0.650052	0.651575	0.498471	0.619926	0.166231	0.614824	0.587959	0.606897	0.632856	0.655738	0.626364	0.311504	0.462520	0.583898	0.619507	0.364400	0.643460	0.589018	0.541267	0.625935	0.635052	0.633043	0.607330	0.645455	0.610286	0.411150	0.475279	0.592693	0.410000	0.569817	0.357839	0.613718	0.589502	0.636663	0.634678	0.553106	0.648384	0.482113	0.618593	0.634512	0.358003	0.574389	0.641359	0.617420	0.624865	0.622609	0.549841	0.485133	0.296734	0.617544	0.623377	0.627646	0.609709	0.300662	0.654048	0.551724	0.273588	0.621359	0.644818	0.536082	0.626424	0.395358	0.178585	0.125924	0.422548	0.642930	0.536296	0.630715	0.633367	0.626609	0.461538	0.352332	0.641732	0.599476	0.588076	0.632135	0.598742	0.545804	0.576923	0.629630	0.213483	0.593789	0.180990	0.648649	0.563584	0.623158	0.615758	0.627763	0.606557	0.493377	0.549419	0.569405	0.556499	0.561151	0.595745	0.603953	0.535714	0.623630	0.605263	0.638219	0.151453	0.586957	0.620521	0.641548	0.251848	0.448161	0.634548	0.085034	0.634593	0.466667	0.520833	0.636267	0.420913	0.631486	0.479666	0.621384	0.029767	0.646421	0.616967	0.540620	0.572215	0.639911	0.598155	0.593050	0.456106	0.533532	0.582471	0.635714	0.609492	0.516517	0.637584	0.379324	0.625668	0.370629	0.577555	0.606599	0.553802	0.635535	0.459069	0.602564	0.591512	0.628763	0.632780	0.534712	0.541451	0.540230	0.419835	0.583878	0.555396	0.603471	0.410000	0.199540	0.573913	0.436893	0.574555	0.557471	0.620690	0.626506	0.555332	0.412300	0.600515	0.508371	0.592896	0.272727	0.495327	0.461538	0.506870	0.641204	0.583704	0.638889	0.624490	0.580739	0.631676	0.609694	0.615630	0.630542	0.614286	0.616580	0.625134	0.544416	0.262295	0.475591	0.599222	0.616822	0.648276	
0.622754	0.632822	0.549662	0.650131	0.595365	0.569756	0.517974	0.039402	0.630695	1.000000	0.639296	0.515432	0.635569	0.651811	0.654321	0.630970	0.599593	0.617997	0.642857	0.606715	0.387622	0.417504	0.600484	0.639517	0.643972	0.153747	0.548467	0.623003	0.624585	0.333489	0.508065	0.608838	0.635015	0.615863	0.424465	0.625000	0.637993	0.407090	0.568841	0.619303	0.594480	0.532534	0.463061	0.289890	0.619883	0.580071	0.443456	0.253731	0.627407	0.251852	0.645066	0.638350	0.305259	0.624829	0.608403	0.592821	0.609524	0.595819	0.607143	0.639257	0.306833	0.578182	0.598778	0.610052	0.572193	0.405236	0.593482	0.632653	0.602329	0.573066	0.651685	0.630372	0.328276	0.636884	0.639118	0.020507	0.632258	0.545766	0.326176	0.612975	0.636076	0.633822	0.591065	0.511485	0.639640	0.527945	0.646518	0.637602	0.401786	0.544695	0.100990	0.627692	0.602972	0.609881	0.553874	0.608884	0.148564	0.597222	0.583333	0.648725	0.641753	0.590278	0.633838	0.050509	0.577778	0.384615	0.567404	0.116287	0.384365	0.642857	0.492754	0.627854	0.550285	0.561468	0.615213	0.527778	0.111406	0.638853	0.438903	0.432466	0.260870	0.368611	0.399103	0.565714	0.048657	0.309896	0.639777	0.541702	0.656757	0.623509	0.306833	0.444305	0.580180	0.623711	0.619369	0.642959	0.206001	0.613333	0.536680	0.565217	0.578199	0.616667	0.633005	0.608899	0.603613	0.530378	0.579093	0.581040	0.358621	0.620787	0.624535	0.399106	0.639456	0.578182	0.433081	0.243936	0.629862	0.582418	0.562442	0.640351	0.247144	0.489736	0.391011	0.477401	0.488987	0.621918	0.648233	0.515924	0.617681	0.635379	0.467163	0.523394	0.630715	0.571984	0.459082	0.218082	0.629870	0.649446	0.617284	0.498859	0.460328	0.535473	0.236267	0.567694	0.420108	0.620225	0.627721	0.586241	0.611973	0.605664	0.557009	0.197948	0.542544	0.626904	0.511485	0.627879	0.588121	0.549605	0.605544	0.622125	0.363914	0.639885	0.610638	0.645074	0.647303	0.280881	0.624183	0.628079	0.638587	0.355932	0.640483	0.629325	0.569883	0.415011	0.632075	0.494964	0.639706	0.153548	0.494236	0.653352	0.478992	0.540856	0.608321	0.297500	0.630137	0.518337	0.420108	0.629583	0.551724	0.633803	0.464516	0.632099	0.366133	0.634831	0.646109	0.206537	0.633333	0.631169	0.647355	0.488052	0.614334	0.549828	0.533662	0.578097	0.542240	0.600653	0.625000	0.611842	0.161065	0.626536	0.624096	0.613208	0.621253	0.477129	0.103179	0.604651	0.543689	0.571134	0.279890	0.543460	0.651558	0.613995	0.608828	0.635783	0.622735	0.615385	0.643551	0.644809	0.397321	0.032462	0.299874	0.646638	0.638095	0.552632	0.615000	0.566388	0.426374	0.621404	0.623729	0.500377	0.470350	0.665663	0.648366	0.634561	0.628099	0.339535	0.630027	0.273878	0.517516	0.647849	0.653968	0.483486	0.423841	0.578014	0.300632	0.526104	0.622416	0.632047	0.605464	0.616667	0.586103	0.628931	0.618487	0.446891	0.655126	0.593807	0.613559	0.626026	0.127751	0.635783	0.181772	0.172422	0.596429	0.639175	0.599129	0.628798	0.554913	0.613181	0.603037	0.626360	0.601660	0.585317	0.634526	0.596859	0.475207	0.616915	0.607821	0.631079	0.616071	0.576779	0.629149	0.127069	0.634424	0.541846	0.571154	0.637865	0.616822	0.578898	0.391011	0.540434	0.539289	0.624846	0.285829	0.647343	0.545287	0.478170	0.624633	0.642353	0.582524	0.639752	0.602041	0.633113	0.328125	0.528600	0.620355	0.487500	0.601019	0.280440	0.621660	0.613162	0.624526	0.649937	0.490922	0.603774	0.404243	0.576140	0.619926	0.442516	0.528026	0.626561	0.635324	0.618634	0.572816	0.471478	0.551060	0.230695	0.580392	0.587440	0.638360	0.595604	0.233868	0.654633	0.607639	0.212058	0.636364	0.570862	0.586762	0.627968	0.311382	0.136729	0.095762	0.334740	0.616454	0.609009	0.635744	0.631101	0.572249	0.527778	0.440087	0.609375	0.639752	0.637540	0.619855	0.637037	0.477446	0.615132	0.637097	0.275362	0.642336	0.138614	0.635417	0.604895	0.607229	0.624113	0.591494	0.552727	0.417258	0.612676	0.610922	0.480510	0.591304	0.534191	0.560699	0.583333	0.636234	0.547782	0.590814	0.115553	0.639610	0.568592	0.612529	0.194656	0.361885	0.626539	0.064330	0.640106	0.537255	0.579710	0.629405	0.334113	0.582104	0.397108	0.637037	0.022362	0.625935	0.635258	0.581688	0.616145	0.628057	0.622848	0.536170	0.372069	0.595281	0.505643	0.633333	0.560592	0.582418	0.645995	0.298121	0.586826	0.290954	0.516028	0.640719	0.599653	0.649077	0.528827	0.645455	0.630915	0.617761	0.639810	0.588869	0.484551	0.611111	0.490722	0.518695	0.605217	0.639110	0.487500	0.153186	0.519048	0.522088	0.618658	0.600694	0.570128	0.635561	0.493071	0.326176	0.603659	0.562384	0.611111	0.211368	0.536398	0.543651	0.557009	0.645161	0.526829	0.612613	0.613953	0.513878	0.590062	0.644578	0.560847	0.614525	0.616667	0.634969	0.631319	0.473901	0.335664	0.543689	0.635945	0.625000	0.630168	
0.597484	0.615951	0.537313	0.626703	0.593573	0.561934	0.496644	0.035933	0.618454	0.639296	1.000000	0.487342	0.639144	0.641399	0.634961	0.634294	0.579832	0.631957	0.643750	0.605985	0.359116	0.389391	0.614610	0.649762	0.644874	0.140937	0.527660	0.626263	0.635088	0.308203	0.538793	0.628670	0.657321	0.631751	0.401747	0.637821	0.631056	0.378567	0.576923	0.616246	0.597802	0.503521	0.432615	0.267380	0.622699	0.622642	0.417639	0.233645	0.608696	0.231894	0.655332	0.628788	0.281751	0.639087	0.632327	0.579003	0.635452	0.612546	0.606164	0.626039	0.283224	0.606178	0.587368	0.616514	0.550459	0.376812	0.606171	0.630319	0.636204	0.561576	0.635294	0.624625	0.303313	0.618312	0.657061	0.018686	0.642857	0.522427	0.301344	0.605568	0.653333	0.623088	0.625455	0.481947	0.646688	0.516357	0.639232	0.638177	0.427885	0.511588	0.092356	0.631068	0.610989	0.619820	0.537122	0.594837	0.136154	0.628676	0.552521	0.649852	0.634409	0.606618	0.647368	0.046086	0.551527	0.409756	0.571726	0.106418	0.359116	0.637931	0.527716	0.623223	0.581818	0.592593	0.605568	0.500000	0.101929	0.636735	0.413486	0.409608	0.240296	0.341207	0.425121	0.559921	0.044393	0.286092	0.643377	0.528736	0.652542	0.616216	0.283224	0.414900	0.619503	0.620968	0.605140	0.637854	0.189284	0.610340	0.580247	0.552239	0.559140	0.618812	0.605128	0.605839	0.596260	0.509275	0.552908	0.571128	0.387097	0.617647	0.621935	0.369949	0.645804	0.583012	0.407216	0.224525	0.624837	0.614786	0.552908	0.653374	0.227511	0.468468	0.421308	0.456647	0.464662	0.630372	0.655897	0.496732	0.607867	0.615770	0.445675	0.497966	0.616322	0.558233	0.429640	0.200494	0.640411	0.627401	0.606684	0.475448	0.434025	0.522569	0.217391	0.540905	0.392923	0.592075	0.639715	0.568486	0.602299	0.571106	0.596421	0.181818	0.521212	0.645503	0.485086	0.617907	0.562814	0.534779	0.589404	0.606129	0.336788	0.625564	0.590308	0.637518	0.648336	0.258964	0.634483	0.617949	0.639205	0.329281	0.631746	0.629565	0.540390	0.446556	0.629139	0.468336	0.622449	0.140754	0.470501	0.642750	0.513514	0.560166	0.625564	0.274493	0.627200	0.500418	0.394143	0.635046	0.534579	0.643068	0.484988	0.624679	0.395062	0.655882	0.656394	0.189781	0.621287	0.634146	0.640420	0.459600	0.617329	0.524735	0.504216	0.579048	0.545073	0.586246	0.628472	0.606818	0.147694	0.621483	0.614035	0.625828	0.635328	0.453564	0.094367	0.635088	0.567288	0.554371	0.258039	0.520382	0.640950	0.608899	0.643200	0.636364	0.622609	0.618243	0.644412	0.622857	0.369318	0.029595	0.276713	0.641679	0.628763	0.525271	0.614583	0.549282	0.458629	0.628435	0.623656	0.477220	0.442149	0.636076	0.635744	0.646884	0.625360	0.366834	0.635854	0.252427	0.493464	0.637640	0.655518	0.460101	0.451306	0.620301	0.277422	0.549356	0.599775	0.629283	0.613817	0.640845	0.576483	0.642384	0.614565	0.416667	0.636996	0.611219	0.620072	0.618758	0.116970	0.636364	0.166838	0.158189	0.609848	0.653226	0.598194	0.631724	0.566735	0.627628	0.586517	0.621384	0.590129	0.577869	0.644845	0.609982	0.447887	0.644483	0.597914	0.618989	0.604167	0.573705	0.662632	0.116342	0.631893	0.523514	0.549603	0.646358	0.611650	0.558229	0.421308	0.560000	0.511470	0.612036	0.263585	0.628141	0.529524	0.447909	0.624615	0.616137	0.569138	0.633987	0.592827	0.619640	0.303172	0.547368	0.630324	0.508929	0.617594	0.258552	0.630339	0.653130	0.629776	0.624837	0.463941	0.593786	0.385586	0.566567	0.612036	0.466200	0.505421	0.612485	0.646358	0.631307	0.561122	0.444132	0.570842	0.212210	0.570850	0.568295	0.648233	0.583144	0.215161	0.635795	0.621324	0.194903	0.648810	0.577277	0.595825	0.619835	0.287483	0.125241	0.087554	0.309376	0.596871	0.611855	0.650499	0.600707	0.564659	0.538136	0.463700	0.594907	0.647059	0.645051	0.617128	0.640747	0.451384	0.628472	0.646067	0.298429	0.643185	0.126978	0.633152	0.625926	0.606516	0.632987	0.576098	0.541199	0.391566	0.608209	0.624549	0.455402	0.589319	0.508671	0.526505	0.611538	0.639761	0.526316	0.572354	0.105743	0.647260	0.552045	0.604819	0.178768	0.334879	0.618026	0.058733	0.638003	0.560669	0.580769	0.616941	0.308789	0.566497	0.368063	0.643857	0.020378	0.618182	0.626198	0.582857	0.653913	0.622819	0.619440	0.519685	0.344462	0.597303	0.490362	0.645349	0.537655	0.595331	0.638814	0.275074	0.571134	0.268373	0.493986	0.638365	0.616514	0.647383	0.543524	0.633758	0.647841	0.625503	0.630542	0.601905	0.456897	0.613971	0.529801	0.493061	0.626151	0.616415	0.517857	0.140419	0.495114	0.540773	0.625216	0.628676	0.549719	0.622865	0.463032	0.301344	0.608974	0.586139	0.631034	0.194262	0.571429	0.559322	0.580517	0.634831	0.510851	0.612150	0.603865	0.494711	0.580300	0.648734	0.540835	0.602549	0.630814	0.625806	0.608472	0.449438	0.362720	0.579710	0.642973	0.633523	0.623407	
0.476800	0.583625	0.606547	0.540059	0.356955	0.619788	0.629014	0.100412	0.581921	0.515432	0.487342	1.000000	0.493691	0.513846	0.573276	0.502749	0.611750	0.392827	0.483254	0.573446	0.614686	0.622965	0.571023	0.481928	0.501943	0.358209	0.638345	0.435430	0.410473	0.580242	0.257885	0.419111	0.490446	0.450612	0.629680	0.463651	0.575053	0.628915	0.343915	0.531627	0.610236	0.617143	0.641563	0.546470	0.486572	0.358392	0.639147	0.498233	0.593857	0.502780	0.488501	0.574680	0.555974	0.524715	0.402719	0.616570	0.438944	0.375433	0.430718	0.537425	0.541767	0.340989	0.626598	0.379638	0.630282	0.614793	0.384549	0.550512	0.407439	0.629834	0.516229	0.498437	0.577439	0.588316	0.522936	0.053051	0.430948	0.641919	0.577409	0.598916	0.441516	0.535634	0.384880	0.634534	0.474359	0.628080	0.540581	0.522796	0.176699	0.635188	0.245426	0.462662	0.606299	0.391788	0.629912	0.603322	0.348552	0.376511	0.605364	0.506211	0.546392	0.378238	0.561863	0.127599	0.630566	0.166016	0.615482	0.279381	0.599835	0.525191	0.236620	0.593964	0.306583	0.333629	0.594851	0.646733	0.268631	0.538176	0.622141	0.618397	0.521241	0.604208	0.173152	0.621324	0.123099	0.551629	0.513451	0.636103	0.529501	0.390077	0.565830	0.632888	0.348285	0.547865	0.589116	0.502724	0.455040	0.568586	0.292727	0.634638	0.634087	0.572433	0.569584	0.590529	0.610637	0.628889	0.630186	0.619322	0.153392	0.514683	0.555796	0.614930	0.523918	0.340989	0.618652	0.500997	0.561276	0.335106	0.627781	0.486572	0.510516	0.650565	0.171373	0.646647	0.645062	0.527439	0.460665	0.645267	0.579491	0.570418	0.644973	0.647857	0.589547	0.627329	0.635971	0.470436	0.427379	0.569176	0.568966	0.618872	0.640721	0.637599	0.482797	0.627949	0.607190	0.597826	0.593814	0.615773	0.605121	0.581333	0.318711	0.439723	0.637648	0.551825	0.646186	0.575693	0.633934	0.634515	0.607895	0.614047	0.608491	0.498827	0.616294	0.538171	0.516475	0.541613	0.422111	0.573888	0.525038	0.600464	0.469453	0.413793	0.630396	0.185507	0.444992	0.641988	0.567954	0.358563	0.647716	0.508184	0.224953	0.286496	0.500391	0.548625	0.468119	0.650083	0.622281	0.560816	0.630641	0.509288	0.206304	0.561782	0.157017	0.513138	0.489311	0.458529	0.585091	0.541420	0.565407	0.642894	0.392123	0.636884	0.640000	0.351185	0.278643	0.606262	0.416807	0.601071	0.372881	0.565903	0.569405	0.444992	0.524316	0.650025	0.250333	0.410473	0.288058	0.605670	0.539419	0.630447	0.509317	0.587193	0.464891	0.438742	0.418839	0.436153	0.511128	0.522070	0.609941	0.083182	0.556193	0.499610	0.442244	0.629501	0.564399	0.626884	0.189007	0.588560	0.395904	0.645364	0.631171	0.476726	0.537491	0.518634	0.527523	0.144269	0.536145	0.538727	0.653972	0.533937	0.438944	0.633416	0.185507	0.361257	0.552587	0.261111	0.596935	0.477707	0.603874	0.407783	0.626032	0.448276	0.401020	0.622766	0.535634	0.339523	0.394198	0.579791	0.304327	0.438742	0.411086	0.396358	0.355517	0.540501	0.601333	0.534727	0.294278	0.498437	0.594415	0.576295	0.619664	0.618868	0.450612	0.374026	0.639135	0.413502	0.594448	0.579649	0.596752	0.317204	0.500392	0.302854	0.510506	0.634118	0.628853	0.553689	0.584145	0.631579	0.171373	0.275482	0.642099	0.566308	0.551948	0.571631	0.610577	0.642963	0.490506	0.579609	0.622829	0.451876	0.619718	0.547494	0.573604	0.275482	0.431307	0.231638	0.392827	0.542199	0.511988	0.433195	0.553532	0.556925	0.648290	0.596089	0.590610	0.628642	0.574910	0.199425	0.643133	0.589200	0.560993	0.560923	0.617866	0.632302	0.294278	0.491705	0.642946	0.622140	0.488538	0.604558	0.491334	0.574664	0.378238	0.464421	0.503888	0.622250	0.354075	0.546269	0.573913	0.323570	0.233640	0.581952	0.591003	0.348285	0.527757	0.593301	0.626921	0.270718	0.195965	0.595399	0.461664	0.431667	0.559659	0.478918	0.654474	0.415126	0.529412	0.114458	0.495659	0.327577	0.551111	0.372617	0.566572	0.508159	0.630257	0.630202	0.617414	0.366957	0.390411	0.643251	0.376837	0.647671	0.640417	0.343915	0.509743	0.639681	0.603896	0.277770	0.427379	0.644970	0.584488	0.432471	0.602740	0.525514	0.160774	0.537828	0.280220	0.343915	0.563701	0.586245	0.616635	0.613445	0.485282	0.057765	0.559249	0.470968	0.351185	0.413793	0.544518	0.452088	0.622652	0.609356	0.342454	0.652015	0.514593	0.641010	0.335106	0.564897	0.564998	0.618687	0.552042	0.638366	0.473600	0.379638	0.534328	0.269124	0.468599	0.445724	0.553348	0.583450	0.351185	0.638086	0.378238	0.239925	0.641653	0.376837	0.440958	0.231638	0.358192	0.646037	0.261111	0.422464	0.378238	0.639286	0.554182	0.650282	0.579574	0.463651	0.321716	0.422111	0.462626	0.298913	0.270718	0.318711	0.533937	0.639073	0.594558	0.585298	0.634835	0.604651	0.475120	0.643357	0.590386	0.516129	0.463533	0.564250	0.641806	0.142433	0.288058	0.463909	0.528073	0.595802	
0.637500	0.625153	0.519326	0.615176	0.615385	0.567703	0.496656	0.036368	0.627792	0.635569	0.639144	0.493691	1.000000	0.649275	0.634271	0.618401	0.575314	0.620321	0.630435	0.612903	0.362734	0.395670	0.616541	0.620472	0.644018	0.142548	0.525869	0.628763	0.620209	0.311406	0.495726	0.620926	0.631579	0.624390	0.403236	0.646497	0.618047	0.382336	0.591603	0.618384	0.590810	0.508772	0.436828	0.270226	0.652439	0.610487	0.420440	0.236181	0.610526	0.234414	0.642089	0.615578	0.284725	0.646809	0.617284	0.580781	0.637874	0.604396	0.632653	0.628099	0.286211	0.586207	0.587002	0.608379	0.544790	0.380567	0.601802	0.629630	0.624782	0.569185	0.649123	0.647761	0.306474	0.615385	0.644699	0.018913	0.628378	0.531113	0.304489	0.595843	0.649007	0.611342	0.610108	0.483568	0.648903	0.509251	0.613915	0.643059	0.423810	0.511548	0.093439	0.643087	0.588621	0.622540	0.547945	0.594413	0.137715	0.605839	0.569038	0.640118	0.628342	0.627737	0.633508	0.046640	0.549430	0.400966	0.575569	0.107657	0.362734	0.642857	0.518681	0.620283	0.557114	0.588008	0.605081	0.501672	0.103119	0.622463	0.412437	0.411097	0.242894	0.344683	0.421053	0.553816	0.044927	0.289104	0.642547	0.530396	0.643258	0.618962	0.286211	0.418962	0.592030	0.617647	0.590698	0.625185	0.191390	0.612296	0.583673	0.537175	0.551120	0.618227	0.622449	0.602906	0.600219	0.507563	0.558405	0.572928	0.383292	0.628655	0.608472	0.373651	0.633663	0.574713	0.413882	0.226975	0.621586	0.602317	0.543210	0.652439	0.229990	0.474551	0.417266	0.459654	0.470765	0.629630	0.648475	0.495114	0.614472	0.607721	0.444444	0.497972	0.608485	0.558000	0.432542	0.202711	0.622449	0.629299	0.608696	0.478632	0.431530	0.513841	0.219773	0.548418	0.391966	0.587007	0.617751	0.562051	0.752860	0.577528	0.571992	0.183850	0.500431	0.634211	0.489828	0.617315	0.562563	0.527453	0.586813	0.610169	0.340228	0.636771	0.581140	0.619916	0.653237	0.261734	0.636986	0.604592	0.635593	0.332659	0.652997	0.635579	0.532840	0.442353	0.641447	0.472834	0.624365	0.142363	0.470588	0.621100	0.500000	0.555556	0.621824	0.277403	0.626391	0.505421	0.399270	0.618611	0.517691	0.642229	0.475973	0.634271	0.391198	0.631579	0.630934	0.191893	0.610837	0.625337	0.639687	0.464154	0.602151	0.526408	0.519328	0.578450	0.561331	0.594837	0.620690	0.590498	0.149376	0.628499	0.615960	0.657895	0.637394	0.460876	0.095473	0.641115	0.570842	0.573248	0.260801	0.518583	0.640118	0.606061	0.632750	0.615385	0.639033	0.624161	0.646465	0.616477	0.373016	0.029954	0.279643	0.625931	0.634551	0.537770	0.619171	0.539561	0.440281	0.613555	0.622776	0.480370	0.445055	0.632075	0.621438	0.657817	0.624642	0.358209	0.615599	0.255138	0.498371	0.636872	0.641196	0.460215	0.442353	0.619403	0.280358	0.531915	0.592593	0.619195	0.604284	0.632867	0.586528	0.654605	0.620811	0.424802	0.630705	0.610365	0.629893	0.615758	0.118324	0.615385	0.168718	0.159981	0.616541	0.620321	0.591011	0.625514	0.566191	0.623881	0.581655	0.615770	0.579060	0.567347	0.640650	0.616514	0.455056	0.615652	0.604383	0.640491	0.608295	0.581028	0.661654	0.117689	0.648889	0.516357	0.555336	0.642951	0.623188	0.544583	0.412470	0.530271	0.514818	0.608917	0.266397	0.630000	0.529412	0.450883	0.651376	0.620438	0.570858	0.629870	0.586134	0.627235	0.306331	0.542797	0.615905	0.491150	0.613191	0.261319	0.632504	0.621849	0.613368	0.637191	0.464047	0.602520	0.391851	0.564307	0.611465	0.471132	0.505403	0.611958	0.627141	0.610039	0.550898	0.449895	0.566191	0.214542	0.570565	0.562066	0.644275	0.580499	0.217521	0.612702	0.605839	0.197065	0.659763	0.572885	0.613936	0.630137	0.290508	0.126685	0.088584	0.312589	0.594012	0.607211	0.629787	0.595545	0.564405	0.558824	0.454756	0.605991	0.629870	0.647458	0.626566	0.624420	0.455768	0.641379	0.631285	0.295337	0.617960	0.128440	0.643243	0.613971	0.598504	0.635155	0.559512	0.542910	0.394231	0.611111	0.623656	0.459870	0.599634	0.506996	0.531782	0.583969	0.618128	0.531469	0.584946	0.106974	0.629252	0.557407	0.597122	0.180769	0.338303	0.614509	0.059435	0.628966	0.560166	0.595420	0.628931	0.311996	0.570273	0.371751	0.636785	0.020626	0.633075	0.647619	0.586011	0.597582	0.606142	0.618658	0.521360	0.347964	0.611855	0.491929	0.632948	0.539411	0.594595	0.635389	0.277989	0.566735	0.271228	0.492406	0.625000	0.622951	0.632877	0.534737	0.632911	0.646865	0.627503	0.625000	0.601134	0.457020	0.602190	0.498906	0.501221	0.606947	0.632280	0.500000	0.142025	0.506494	0.523404	0.641509	0.620438	0.549533	0.616993	0.467610	0.304489	0.621019	0.597250	0.623288	0.196418	0.582996	0.554622	0.579882	0.642458	0.509151	0.597674	0.600962	0.504461	0.571429	0.641509	0.542495	0.588235	0.621387	0.647436	0.618135	0.448179	0.354115	0.542094	0.629213	0.627119	0.618224	
0.625000	0.625147	0.539866	0.625974	0.605310	0.586978	0.524430	0.039834	0.625298	0.651811	0.641399	0.513846	0.649275	1.000000	0.628993	0.635971	0.593117	0.607083	0.642012	0.610979	0.391116	0.422419	0.604819	0.638681	0.645980	0.155336	0.546656	0.609524	0.607261	0.336597	0.500000	0.611382	0.640118	0.633694	0.431971	0.618182	0.627824	0.409584	0.586331	0.613333	0.604651	0.525597	0.461842	0.292663	0.619186	0.583039	0.447402	0.256210	0.615558	0.254315	0.635432	0.628019	0.308152	0.643148	0.614357	0.586313	0.608833	0.605536	0.593548	0.649077	0.309738	0.563177	0.600406	0.609294	0.573712	0.407723	0.579216	0.634518	0.601653	0.576594	0.622905	0.629630	0.331345	0.629418	0.632877	0.020734	0.621795	0.557545	0.329229	0.616927	0.625786	0.627815	0.600683	0.512977	0.620896	0.524422	0.632680	0.653117	0.393805	0.541216	0.102064	0.642202	0.600423	0.609137	0.567879	0.612729	0.150104	0.579310	0.582996	0.639437	0.630769	0.589655	0.633166	0.051061	0.571956	0.381166	0.589178	0.117513	0.386782	0.636612	0.484600	0.620455	0.564972	0.561020	0.603563	0.521173	0.112584	0.648508	0.442786	0.441286	0.263408	0.371973	0.386667	0.569260	0.049189	0.312825	0.625173	0.555270	0.645161	0.578680	0.309738	0.443189	0.583184	0.625641	0.607623	0.650636	0.208069	0.648975	0.559387	0.559567	0.564684	0.654028	0.617647	0.606061	0.611640	0.528642	0.575115	0.588832	0.355353	0.625698	0.614057	0.402677	0.641407	0.566787	0.439547	0.246332	0.641698	0.570909	0.562212	0.630814	0.249568	0.495614	0.391982	0.483099	0.494876	0.632153	0.638168	0.519048	0.624000	0.620359	0.469953	0.521739	0.623104	0.587209	0.459190	0.220256	0.619355	0.638923	0.611794	0.492798	0.460432	0.535354	0.238599	0.563721	0.415522	0.610738	0.643101	0.575968	0.626932	0.577007	0.571429	0.199945	0.539043	0.636364	0.512977	0.617612	0.580019	0.552931	0.605096	0.612868	0.367243	0.627675	0.610169	0.649664	0.629986	0.283582	0.636364	0.620098	0.643243	0.359204	0.642643	0.599018	0.555256	0.411379	0.618750	0.497848	0.624390	0.155135	0.495690	0.641135	0.470833	0.548263	0.639087	0.300333	0.586989	0.532900	0.421493	0.628931	0.549729	0.633053	0.443497	0.631450	0.362812	0.634078	0.648175	0.208610	0.635071	0.635659	0.636591	0.489531	0.593220	0.551370	0.528642	0.566845	0.530214	0.593716	0.607843	0.596070	0.162723	0.633252	0.625899	0.618750	0.628726	0.475789	0.104275	0.627063	0.543353	0.583162	0.282583	0.543314	0.639437	0.606742	0.632375	0.625397	0.612111	0.621019	0.642759	0.616848	0.402004	0.032820	0.302725	0.637269	0.605678	0.552448	0.624378	0.549491	0.427015	0.630011	0.599327	0.501878	0.474462	0.625749	0.629389	0.636620	0.649315	0.336406	0.613333	0.276522	0.515873	0.633690	0.634069	0.480729	0.420131	0.591549	0.303489	0.521912	0.602384	0.628319	0.628945	0.619205	0.589769	0.625000	0.617696	0.450904	0.635762	0.585895	0.629630	0.637106	0.129090	0.625397	0.183622	0.174186	0.581560	0.610256	0.600868	0.628121	0.539197	0.621083	0.602592	0.625752	0.597107	0.586957	0.624420	0.596187	0.475275	0.596376	0.609566	0.630460	0.620000	0.561338	0.654232	0.128401	0.659123	0.526225	0.582375	0.647282	0.627907	0.563721	0.391982	0.524462	0.527617	0.629131	0.288569	0.627404	0.543278	0.476849	0.618076	0.637002	0.578337	0.626543	0.595528	0.624506	0.331193	0.547945	0.619583	0.475207	0.600337	0.283137	0.623776	0.612440	0.633962	0.631710	0.489500	0.598895	0.409171	0.577778	0.631579	0.434409	0.527935	0.623729	0.639697	0.615575	0.580271	0.478410	0.543021	0.232978	0.591797	0.592878	0.631732	0.595186	0.236179	0.634731	0.596552	0.214180	0.655367	0.580454	0.593250	0.632546	0.314323	0.138155	0.096783	0.337857	0.620531	0.586762	0.632293	0.621469	0.568160	0.527559	0.427646	0.593333	0.648148	0.627010	0.621687	0.624448	0.480277	0.617647	0.636364	0.272727	0.626996	0.140058	0.629534	0.604167	0.618705	0.640339	0.585222	0.556159	0.416274	0.597902	0.606780	0.481979	0.580311	0.532478	0.555265	0.571942	0.641135	0.545918	0.588358	0.116772	0.632258	0.573741	0.614319	0.196623	0.365200	0.617687	0.065027	0.636724	0.536965	0.582734	0.626360	0.337226	0.589618	0.399556	0.624448	0.022610	0.625310	0.616314	0.573975	0.602291	0.629962	0.622084	0.541137	0.374415	0.576577	0.517629	0.635359	0.567742	0.560000	0.650386	0.300959	0.576541	0.293735	0.508184	0.636905	0.595525	0.635171	0.508876	0.647590	0.623824	0.629962	0.620283	0.577540	0.474790	0.610345	0.507157	0.528152	0.601036	0.628752	0.491736	0.154770	0.515823	0.513944	0.624390	0.613793	0.569873	0.624843	0.488727	0.329229	0.630303	0.554529	0.600649	0.213483	0.543726	0.523622	0.567718	0.631016	0.534846	0.607623	0.601852	0.520158	0.591753	0.640719	0.555360	0.611791	0.646409	0.637195	0.618405	0.475342	0.332564	0.547206	0.635115	0.627027	0.622914	
0.615183	0.646872	0.598411	0.621810	0.554033	0.611954	0.557576	0.049734	0.645161	0.654321	0.634961	0.573276	0.634271	0.628993	1.000000	0.620076	0.629630	0.566423	0.632812	0.630108	0.461300	0.485730	0.635575	0.613966	0.609238	0.191139	0.583269	0.609418	0.593123	0.402325	0.452703	0.594059	0.607792	0.600812	0.480647	0.614362	0.651661	0.471545	0.527778	0.638955	0.622351	0.593354	0.527295	0.354045	0.612821	0.559271	0.502994	0.311340	0.633299	0.309110	0.642581	0.630435	0.367967	0.641737	0.581766	0.619981	0.595041	0.561194	0.598315	0.661176	0.373917	0.538700	0.625232	0.567608	0.607553	0.466271	0.562592	0.638636	0.579627	0.626422	0.643564	0.622166	0.398063	0.639835	0.642336	0.025949	0.606145	0.611858	0.396499	0.638384	0.604396	0.623377	0.575221	0.564907	0.635171	0.587768	0.644107	0.621687	0.334559	0.580046	0.126430	0.621984	0.637765	0.582723	0.597211	0.639843	0.184823	0.568452	0.596296	0.628429	0.646789	0.568452	0.648649	0.063659	0.603741	0.315985	0.611009	0.145285	0.440660	0.633495	0.431779	0.639918	0.500803	0.530421	0.626263	0.575758	0.139277	0.630359	0.495294	0.504094	0.319802	0.439744	0.328413	0.600349	0.061341	0.374167	0.630675	0.587768	0.643541	0.582723	0.373917	0.504451	0.534562	0.628440	0.646341	0.613267	0.254351	0.610206	0.501629	0.603333	0.609904	0.628205	0.629956	0.644211	0.628737	0.582953	0.611725	0.599814	0.293785	0.616337	0.640089	0.472149	0.661853	0.541796	0.479762	0.299702	0.622620	0.532710	0.593033	0.630769	0.303518	0.553425	0.325323	0.533069	0.541838	0.631961	0.626506	0.560651	0.643226	0.632147	0.531469	0.574797	0.649104	0.599644	0.510319	0.268843	0.592697	0.664466	0.615894	0.555634	0.521900	0.581250	0.290571	0.601542	0.481041	0.624746	0.656347	0.606005	0.631263	0.629191	0.507132	0.244666	0.576773	0.635747	0.566334	0.612378	0.610864	0.589474	0.609284	0.634291	0.433431	0.645649	0.635135	0.635603	0.647131	0.343442	0.601695	0.629956	0.629808	0.422455	0.617414	0.577525	0.599170	0.349727	0.612022	0.551817	0.638158	0.190898	0.549865	0.637390	0.416084	0.485246	0.607818	0.362981	0.600266	0.563870	0.481041	0.656144	0.585977	0.630273	0.385027	0.637969	0.300188	0.633663	0.620335	0.254996	0.641026	0.628176	0.653933	0.549763	0.592375	0.587302	0.584475	0.523737	0.489256	0.630542	0.602273	0.626984	0.200044	0.635165	0.632829	0.595628	0.638554	0.531312	0.129133	0.590258	0.490998	0.617261	0.342274	0.590164	0.630923	0.647658	0.589641	0.592798	0.591750	0.597222	0.651163	0.649758	0.469280	0.041012	0.365765	0.633962	0.597796	0.606796	0.625000	0.601876	0.355717	0.640415	0.583090	0.545327	0.527848	0.621053	0.652729	0.670823	0.630170	0.277567	0.643705	0.335183	0.557692	0.647619	0.608815	0.535879	0.349727	0.536364	0.366653	0.464646	0.642365	0.618182	0.627102	0.566092	0.633609	0.612022	0.578871	0.503659	0.656434	0.545736	0.568513	0.640674	0.159367	0.592798	0.225149	0.213831	0.551829	0.635321	0.642998	0.644783	0.491057	0.614610	0.632613	0.634886	0.626415	0.626812	0.611637	0.553064	0.537468	0.592275	0.643794	0.641108	0.639113	0.520635	0.621039	0.158530	0.633292	0.592829	0.602113	0.638732	0.636555	0.615253	0.325323	0.484245	0.568582	0.651265	0.349268	0.658009	0.575552	0.534113	0.616967	0.642706	0.621670	0.618919	0.641264	0.650999	0.397887	0.474295	0.587413	0.423611	0.575182	0.342922	0.619579	0.606398	0.629087	0.638298	0.543109	0.629890	0.466258	0.605146	0.638064	0.373429	0.575735	0.644831	0.629672	0.634850	0.600355	0.533849	0.497561	0.283924	0.618280	0.615385	0.634146	0.602386	0.287710	0.634304	0.562500	0.261623	0.650000	0.609955	0.555725	0.622951	0.379238	0.170365	0.119968	0.405563	0.627737	0.562212	0.617612	0.616172	0.604733	0.470000	0.367568	0.631048	0.608108	0.621849	0.644252	0.612192	0.534808	0.588068	0.633333	0.223529	0.622279	0.172670	0.650463	0.556886	0.611231	0.626717	0.616079	0.590301	0.479866	0.554217	0.565982	0.530856	0.548435	0.576550	0.599517	0.533951	0.629862	0.589905	0.612903	0.144382	0.598315	0.602990	0.620042	0.240701	0.431126	0.631197	0.080929	0.640754	0.485149	0.540123	0.633297	0.403941	0.614555	0.468849	0.630350	0.028290	0.648107	0.610080	0.542113	0.600284	0.630011	0.604082	0.593234	0.445658	0.547141	0.567018	0.629902	0.594732	0.548287	0.645977	0.363709	0.628415	0.355294	0.565818	0.604712	0.564636	0.655738	0.470785	0.616402	0.605479	0.609393	0.638298	0.529862	0.530263	0.574405	0.426850	0.569106	0.566319	0.584828	0.423611	0.190456	0.560472	0.461279	0.579915	0.568452	0.597990	0.638920	0.553511	0.395624	0.606383	0.524487	0.579096	0.260794	0.485437	0.476667	0.510301	0.614286	0.573152	0.615854	0.619247	0.570376	0.613936	0.628947	0.606504	0.629667	0.629902	0.612299	0.630650	0.528351	0.274286	0.494272	0.610442	0.612981	0.641776	
0.582946	0.626214	0.514793	0.629879	0.583643	0.572854	0.509575	0.036910	0.621455	0.630970	0.634294	0.502749	0.618401	0.635971	0.620076	1.000000	0.586889	0.600707	0.634823	0.596794	0.367235	0.396882	0.605230	0.643750	0.645161	0.144557	0.518581	0.603648	0.614853	0.315392	0.503171	0.605442	0.642089	0.648387	0.411911	0.616114	0.626536	0.387022	0.551985	0.583679	0.589771	0.501310	0.442063	0.273770	0.586989	0.589981	0.426821	0.239341	0.595349	0.237553	0.637195	0.636704	0.288428	0.619718	0.590909	0.577731	0.570016	0.591652	0.573356	0.629275	0.289931	0.584440	0.590198	0.588448	0.551410	0.385236	0.607143	0.628121	0.602076	0.570312	0.624093	0.642963	0.310409	0.630588	0.657183	0.019198	0.629816	0.532286	0.308403	0.622273	0.620690	0.626374	0.590340	0.495713	0.643857	0.519298	0.644986	0.641350	0.418824	0.514480	0.094792	0.606061	0.583243	0.595745	0.536364	0.613333	0.139661	0.585895	0.586889	0.632504	0.618858	0.607595	0.629389	0.047332	0.556291	0.396181	0.558187	0.109204	0.365036	0.629787	0.486957	0.609613	0.571429	0.578544	0.592423	0.512906	0.104604	0.623656	0.419987	0.409805	0.246131	0.349007	0.416076	0.574489	0.045594	0.292854	0.629310	0.531579	0.627615	0.585106	0.289931	0.424010	0.590226	0.618858	0.584971	0.650000	0.194017	0.615960	0.561616	0.558742	0.565891	0.619339	0.626109	0.601685	0.605664	0.505439	0.567108	0.582463	0.364078	0.635704	0.571429	0.378256	0.609551	0.561670	0.422806	0.230028	0.599483	0.604207	0.563327	0.629349	0.233077	0.481730	0.407583	0.465183	0.483943	0.611033	0.624204	0.509327	0.622642	0.603960	0.452545	0.507270	0.633735	0.573134	0.428378	0.205475	0.586847	0.600000	0.635324	0.465944	0.436751	0.525409	0.222741	0.562977	0.399272	0.606690	0.630588	0.581633	0.607509	0.549721	0.574219	0.186384	0.530928	0.619608	0.495713	0.628429	0.577689	0.537634	0.601093	0.611236	0.344507	0.605341	0.612868	0.660167	0.634286	0.265185	0.648557	0.623574	0.631136	0.336863	0.594679	0.613014	0.554328	0.432558	0.632953	0.469642	0.617907	0.144370	0.482051	0.616519	0.498896	0.529532	0.587537	0.281027	0.583596	0.513289	0.404126	0.619792	0.554217	0.640466	0.457014	0.602287	0.381643	0.632801	0.638298	0.194525	0.614443	0.583668	0.651102	0.474227	0.596803	0.524102	0.515481	0.554307	0.522634	0.602679	0.629060	0.593926	0.151474	0.632111	0.607187	0.632953	0.641350	0.464950	0.096854	0.583765	0.540650	0.544879	0.264241	0.518072	0.655930	0.609502	0.627760	0.636816	0.599315	0.585691	0.624642	0.623413	0.377614	0.030402	0.283291	0.591716	0.626030	0.535363	0.610039	0.563567	0.421296	0.619385	0.613757	0.487730	0.444901	0.617785	0.617251	0.638360	0.614509	0.358722	0.655602	0.258514	0.510949	0.626907	0.635914	0.462857	0.432558	0.598891	0.284014	0.513684	0.591518	0.596006	0.605381	0.592721	0.560825	0.616639	0.611888	0.428665	0.634615	0.589354	0.624339	0.612048	0.120014	0.636816	0.171063	0.162215	0.584730	0.608234	0.589944	0.640327	0.556452	0.645926	0.580645	0.611940	0.599362	0.580711	0.625806	0.610909	0.456263	0.620690	0.577982	0.621951	0.607102	0.575342	0.647761	0.119371	0.614706	0.529930	0.564405	0.633508	0.629052	0.572519	0.402844	0.533058	0.521079	0.607595	0.269899	0.618634	0.521246	0.463380	0.640364	0.616687	0.568024	0.595813	0.587252	0.636612	0.310265	0.533058	0.617450	0.490153	0.586572	0.264764	0.656977	0.616667	0.643229	0.630491	0.477105	0.610478	0.389486	0.577381	0.607595	0.470320	0.519868	0.601399	0.633508	0.634271	0.577954	0.452514	0.532258	0.217448	0.579739	0.561265	0.633333	0.611048	0.220462	0.641089	0.567812	0.199761	0.651982	0.565923	0.600746	0.617687	0.294273	0.128486	0.089870	0.316588	0.614286	0.582707	0.647887	0.617716	0.561644	0.528067	0.440367	0.581901	0.631240	0.652101	0.572852	0.619632	0.462623	0.611966	0.646325	0.291560	0.640483	0.130265	0.628188	0.601093	0.612144	0.589443	0.587045	0.544104	0.399041	0.609174	0.596803	0.465418	0.601449	0.514754	0.547237	0.544423	0.625369	0.543081	0.579679	0.108512	0.630691	0.558525	0.617402	0.183265	0.342564	0.627119	0.060311	0.616438	0.525667	0.567108	0.615000	0.315989	0.579477	0.376338	0.662577	0.020937	0.616175	0.629921	0.550562	0.606164	0.649867	0.581169	0.510417	0.352321	0.568182	0.494640	0.637016	0.557656	0.596558	0.641811	0.281619	0.555669	0.274784	0.496815	0.632558	0.631769	0.612245	0.520833	0.653061	0.621931	0.639257	0.621194	0.543071	0.461099	0.611212	0.480519	0.507293	0.601449	0.613861	0.472648	0.144028	0.497979	0.513684	0.625850	0.578662	0.554419	0.607792	0.477745	0.308403	0.590837	0.564202	0.631579	0.199106	0.557114	0.532225	0.558594	0.638003	0.523612	0.601156	0.621266	0.497577	0.606575	0.639626	0.554455	0.603211	0.628407	0.632750	0.637056	0.456385	0.354680	0.548780	0.656051	0.631136	0.621560	
0.565032	0.632050	0.602907	0.621622	0.469314	0.622394	0.610442	0.068186	0.634058	0.599593	0.579832	0.611750	0.575314	0.593117	0.629630	0.586889	1.000000	0.509895	0.571125	0.610507	0.536932	0.555839	0.613139	0.578778	0.582564	0.255189	0.629655	0.529018	0.511468	0.492742	0.362924	0.538025	0.578390	0.562979	0.571129	0.533477	0.634146	0.559683	0.447689	0.586614	0.636964	0.588317	0.594625	0.447128	0.555556	0.466346	0.580260	0.396239	0.638335	0.398712	0.587987	0.630713	0.464546	0.592223	0.504046	0.629719	0.542222	0.490521	0.514673	0.593750	0.453600	0.458537	0.646965	0.491145	0.633621	0.554514	0.497069	0.618596	0.516648	0.631739	0.584521	0.597107	0.488344	0.643920	0.598394	0.035739	0.532584	0.618485	0.488003	0.634021	0.552106	0.601371	0.495305	0.601523	0.564103	0.605722	0.624636	0.593625	0.253482	0.609407	0.170845	0.545652	0.632013	0.499417	0.637473	0.655490	0.247045	0.486998	0.657097	0.596311	0.613767	0.498818	0.634652	0.087047	0.638519	0.238764	0.623418	0.195632	0.519886	0.593186	0.334661	0.635253	0.424090	0.444172	0.627148	0.627845	0.187753	0.617165	0.569904	0.562633	0.415032	0.520163	0.248603	0.631818	0.083913	0.459207	0.590495	0.643405	0.600000	0.494749	0.468233	0.584185	0.463030	0.627151	0.618307	0.594039	0.335653	0.615525	0.408629	0.646288	0.636981	0.627027	0.628466	0.629893	0.640793	0.598118	0.636566	0.644285	0.221277	0.596741	0.590529	0.545896	0.589055	0.453659	0.568501	0.390992	0.596064	0.458333	0.635085	0.578616	0.396328	0.603427	0.246154	0.586002	0.610294	0.582000	0.568947	0.627785	0.646801	0.606721	0.598741	0.603527	0.648264	0.634823	0.584320	0.353837	0.523702	0.609418	0.620370	0.576656	0.584958	0.613480	0.377278	0.647278	0.540958	0.643103	0.643920	0.650432	0.634812	0.604377	0.437267	0.323446	0.628689	0.618147	0.607868	0.613699	0.644564	0.631654	0.644040	0.633981	0.517025	0.581179	0.641322	0.617211	0.600201	0.438122	0.523810	0.634011	0.602386	0.516696	0.562232	0.524515	0.638144	0.265560	0.547461	0.606024	0.626151	0.254878	0.612786	0.593203	0.319035	0.397959	0.548087	0.454682	0.556634	0.619906	0.562597	0.603205	0.619534	0.579592	0.293878	0.609259	0.226308	0.596741	0.563617	0.336464	0.637838	0.592308	0.629699	0.604482	0.497664	0.633194	0.626344	0.457074	0.385109	0.637511	0.526196	0.656514	0.266638	0.627306	0.634545	0.538631	0.603586	0.607924	0.174409	0.516055	0.397452	0.619355	0.435307	0.613058	0.598361	0.622837	0.558792	0.549107	0.517674	0.519016	0.599395	0.596806	0.542192	0.056322	0.457940	0.569659	0.546667	0.607092	0.616822	0.639941	0.270345	0.640913	0.506977	0.609894	0.590650	0.563169	0.608696	0.584016	0.596386	0.208571	0.616142	0.431700	0.618611	0.599606	0.546667	0.588305	0.265560	0.482014	0.457467	0.367188	0.622372	0.557203	0.641350	0.517241	0.638163	0.540839	0.517919	0.574421	0.607248	0.451770	0.497674	0.628673	0.214030	0.549107	0.298714	0.284289	0.474699	0.590822	0.627946	0.611490	0.408112	0.584711	0.615772	0.623519	0.643436	0.630673	0.554217	0.488731	0.599303	0.524628	0.607725	0.619946	0.643225	0.432836	0.573209	0.212939	0.577595	0.632610	0.635115	0.633869	0.650089	0.641312	0.246154	0.386100	0.632860	0.605725	0.445087	0.632058	0.588757	0.595447	0.563025	0.639286	0.646154	0.533917	0.643200	0.626341	0.479967	0.386100	0.530934	0.328000	0.507567	0.436790	0.585117	0.537514	0.614515	0.622306	0.612022	0.645602	0.526690	0.637971	0.622345	0.284542	0.614257	0.627281	0.624409	0.621395	0.649231	0.575072	0.405577	0.372660	0.646512	0.629885	0.570829	0.620339	0.377370	0.630336	0.477541	0.344790	0.587269	0.627052	0.470446	0.597276	0.474444	0.228332	0.162309	0.496879	0.637246	0.463030	0.584247	0.641182	0.641825	0.377261	0.279835	0.624357	0.555799	0.527027	0.605839	0.575661	0.603156	0.521640	0.611440	0.166667	0.580105	0.231323	0.614644	0.486936	0.627273	0.572308	0.635441	0.642336	0.570846	0.484487	0.500000	0.616300	0.489941	0.635823	0.637456	0.452555	0.580844	0.636616	0.636808	0.194449	0.523702	0.637155	0.643110	0.318436	0.523406	0.595405	0.110300	0.600196	0.389744	0.459854	0.631290	0.494391	0.644911	0.545455	0.582011	0.038945	0.626866	0.564655	0.464329	0.524515	0.622732	0.532453	0.615917	0.526268	0.457978	0.619137	0.604040	0.639526	0.455882	0.628352	0.460788	0.616352	0.453744	0.610717	0.573561	0.491145	0.612840	0.377749	0.559140	0.546460	0.605540	0.624776	0.457074	0.593861	0.482270	0.339073	0.620825	0.487574	0.540601	0.328000	0.254309	0.606536	0.367188	0.528944	0.484634	0.646199	0.600188	0.608166	0.488003	0.561555	0.436183	0.521542	0.343750	0.414141	0.379845	0.437267	0.605523	0.628000	0.620035	0.624779	0.615284	0.640777	0.576017	0.645299	0.633476	0.587879	0.555315	0.632747	0.600232	0.206009	0.400000	0.553746	0.598410	0.657511	
0.593002	0.559557	0.467105	0.583463	0.637615	0.484444	0.414923	0.025784	0.555712	0.617997	0.631957	0.392827	0.620321	0.607083	0.566423	0.600707	0.509895	1.000000	0.625229	0.538787	0.270239	0.296296	0.547789	0.628253	0.606897	0.102678	0.426987	0.618762	0.607966	0.230159	0.587601	0.641975	0.612022	0.621622	0.307285	0.610169	0.584270	0.285714	0.618267	0.563607	0.526316	0.431448	0.333573	0.198460	0.608229	0.613272	0.320221	0.172555	0.551451	0.171218	0.620939	0.577969	0.209575	0.601974	0.642553	0.501176	0.621782	0.654788	0.606925	0.597774	0.210718	0.649412	0.504084	0.632743	0.455366	0.284314	0.615721	0.582701	0.626050	0.475054	0.626917	0.614311	0.226341	0.556150	0.602329	0.013374	0.638384	0.436782	0.224806	0.533160	0.611440	0.587859	0.621444	0.389500	0.624769	0.425819	0.597484	0.610837	0.495356	0.423507	0.066811	0.632381	0.531212	0.623377	0.452906	0.533835	0.099124	0.638581	0.498254	0.595525	0.583717	0.629712	0.593703	0.033117	0.467016	0.466877	0.483314	0.077140	0.270239	0.603648	0.575419	0.545939	0.606965	0.623810	0.535761	0.413103	0.073838	0.588785	0.313725	0.311619	0.177642	0.256071	0.504673	0.480000	0.031892	0.212942	0.599327	0.435453	0.604878	0.588745	0.210718	0.316940	0.665116	0.571429	0.537353	0.602076	0.138881	0.571429	0.610687	0.457610	0.479570	0.567832	0.561863	0.545953	0.522059	0.419030	0.468619	0.509346	0.477419	0.582624	0.560117	0.278846	0.586885	0.625882	0.318026	0.165596	0.577381	0.622328	0.470711	0.608229	0.167873	0.374496	0.518750	0.359411	0.375101	0.601653	0.638783	0.408488	0.546917	0.560907	0.343195	0.404930	0.557692	0.489480	0.336720	0.147348	0.631365	0.575581	0.554745	0.384874	0.331429	0.428706	0.160166	0.473573	0.300129	0.535948	0.553476	0.489749	0.543115	0.517024	0.639024	0.133257	0.425612	0.597285	0.391194	0.562857	0.485588	0.435897	0.521525	0.532995	0.252586	0.587413	0.530061	0.597403	0.608696	0.191974	0.640657	0.556041	0.605565	0.246677	0.636872	0.630705	0.457317	0.530488	0.622309	0.366798	0.573082	0.102541	0.367379	0.628472	0.575499	0.632391	0.594406	0.203956	0.601504	0.415608	0.300129	0.591592	0.458547	0.608547	0.552941	0.569343	0.487179	0.626917	0.611511	0.139256	0.559441	0.576744	0.579970	0.369427	0.629067	0.436959	0.415371	0.597222	0.583333	0.523929	0.637681	0.520966	0.107707	0.571843	0.570213	0.626223	0.594417	0.358025	0.068286	0.641509	0.635897	0.489941	0.191261	0.430189	0.633391	0.541393	0.609023	0.614770	0.643154	0.605210	0.597315	0.589786	0.278344	0.021216	0.205674	0.623693	0.629703	0.445320	0.571852	0.462185	0.521212	0.548387	0.627957	0.386023	0.341428	0.627087	0.593750	0.598967	0.592346	0.459016	0.605475	0.186946	0.404951	0.607431	0.653465	0.357473	0.518293	0.646925	0.206222	0.600536	0.521411	0.608379	0.534177	0.627368	0.500000	0.618395	0.629787	0.326991	0.591054	0.622642	0.632258	0.560440	0.084919	0.614770	0.122009	0.115538	0.625287	0.574501	0.519546	0.566456	0.609137	0.596859	0.521957	0.569801	0.517282	0.484711	0.629344	0.629464	0.349661	0.623431	0.529870	0.559889	0.544747	0.621027	0.630282	0.084456	0.598616	0.437137	0.474317	0.583082	0.555404	0.473573	0.493750	0.596859	0.426199	0.575581	0.195533	0.563300	0.445141	0.352049	0.603232	0.565517	0.488398	0.624277	0.512281	0.577778	0.226231	0.596859	0.611336	0.597183	0.642241	0.191656	0.610922	0.634538	0.564565	0.577381	0.370607	0.538660	0.295165	0.483444	0.569767	0.529762	0.414105	0.547619	0.589124	0.570588	0.483978	0.348872	0.609137	0.156229	0.496089	0.481319	0.609319	0.522293	0.158470	0.577904	0.638581	0.143122	0.604491	0.497738	0.640553	0.587678	0.214022	0.091034	0.063293	0.231076	0.542005	0.623256	0.615132	0.542328	0.469565	0.601583	0.526946	0.518807	0.635838	0.640974	0.556348	0.618182	0.352584	0.641822	0.600969	0.394464	0.614286	0.092320	0.600311	0.630872	0.561702	0.617241	0.494357	0.459487	0.296107	0.650113	0.646421	0.360809	0.604444	0.415027	0.449020	0.641686	0.597222	0.435530	0.506603	0.076644	0.631365	0.459817	0.548168	0.130962	0.251082	0.587459	0.042282	0.608280	0.607792	0.613583	0.567335	0.230616	0.493274	0.277346	0.621818	0.014589	0.561300	0.589118	0.583333	0.626556	0.585890	0.583658	0.438095	0.258640	0.629108	0.385382	0.615126	0.460251	0.622328	0.591680	0.204405	0.492588	0.199227	0.398614	0.611418	0.637168	0.590837	0.608466	0.616822	0.636542	0.588957	0.570236	0.615741	0.357198	0.620843	0.577778	0.404594	0.644444	0.650794	0.585915	0.102293	0.403524	0.611260	0.625514	0.603104	0.464543	0.583832	0.369181	0.224806	0.602637	0.601942	0.632444	0.142638	0.594458	0.585752	0.668293	0.597738	0.418100	0.555701	0.533333	0.406690	0.513674	0.627087	0.447968	0.537662	0.605042	0.637571	0.577259	0.348610	0.453947	0.600000	0.631179	0.595745	0.537662	
0.616613	0.616149	0.510553	0.624309	0.597303	0.559512	0.490694	0.034847	0.618687	0.642857	0.643750	0.483254	0.630435	0.642012	0.632812	0.634823	0.571125	0.625229	1.000000	0.606061	0.350000	0.380837	0.584184	0.634461	0.633484	0.136897	0.504721	0.619863	0.650000	0.300143	0.546256	0.632689	0.664557	0.622296	0.395480	0.628664	0.633962	0.369069	0.611765	0.610795	0.577778	0.497336	0.423338	0.260223	0.623053	0.600000	0.407311	0.227273	0.604043	0.225564	0.656201	0.613811	0.274271	0.622287	0.629295	0.576635	0.622449	0.624060	0.616725	0.620787	0.275711	0.610236	0.572340	0.624299	0.535185	0.367347	0.576710	0.619946	0.644007	0.547264	0.629851	0.637195	0.295359	0.611312	0.643275	0.018116	0.622837	0.514641	0.293433	0.586854	0.630508	0.609309	0.614815	0.471519	0.650641	0.504906	0.631433	0.627168	0.438424	0.509091	0.089641	0.634868	0.597778	0.634862	0.534690	0.585698	0.132242	0.629213	0.560510	0.632530	0.629428	0.617978	0.626667	0.044700	0.537572	0.420000	0.556723	0.103313	0.350000	0.644315	0.517007	0.604317	0.573196	0.584493	0.593897	0.492386	0.098948	0.615172	0.402049	0.399491	0.233766	0.332454	0.430693	0.549603	0.043056	0.278515	0.620384	0.512043	0.653295	0.609174	0.275711	0.405947	0.596491	0.596730	0.600473	0.632375	0.183995	0.615581	0.575630	0.534840	0.550839	0.611529	0.618182	0.596059	0.567297	0.500000	0.554379	0.570820	0.396947	0.614925	0.596078	0.360618	0.623377	0.582677	0.399481	0.218371	0.622517	0.587302	0.542830	0.651090	0.221286	0.467474	0.431762	0.449782	0.462121	0.630814	0.627258	0.485997	0.603136	0.608365	0.434843	0.484003	0.609125	0.553753	0.424367	0.194926	0.616725	0.619974	0.601562	0.468185	0.420769	0.506130	0.211409	0.546161	0.384285	0.594340	0.613718	0.559834	0.595349	0.563927	0.588235	0.176718	0.506550	0.619303	0.474684	0.610473	0.556345	0.523245	0.569196	0.594719	0.328125	0.632061	0.599109	0.663805	0.631424	0.252000	0.652632	0.607792	0.625360	0.320774	0.645161	0.630088	0.539831	0.452555	0.636364	0.459941	0.622739	0.136719	0.456166	0.622155	0.525346	0.567797	0.610687	0.267176	0.604878	0.494515	0.385513	0.622163	0.520755	0.610778	0.496454	0.614583	0.405063	0.644776	0.638498	0.184480	0.611529	0.609890	0.630319	0.458551	0.625000	0.516934	0.500000	0.601942	0.556745	0.586089	0.650177	0.586207	0.143475	0.619171	0.619289	0.626263	0.630058	0.446701	0.091596	0.632143	0.570825	0.560345	0.251096	0.516185	0.653614	0.609005	0.627642	0.623288	0.644248	0.621993	0.621502	0.617391	0.360000	0.028698	0.269346	0.624049	0.653061	0.520947	0.617414	0.525604	0.464891	0.597340	0.624088	0.470039	0.432732	0.630225	0.633472	0.635542	0.634503	0.376289	0.639205	0.245614	0.484349	0.632479	0.649660	0.453295	0.462287	0.628352	0.270039	0.552632	0.586089	0.610759	0.604811	0.623656	0.565720	0.622896	0.614828	0.411451	0.634697	0.611440	0.616788	0.611591	0.113575	0.623288	0.162120	0.153696	0.625483	0.607629	0.582192	0.615385	0.570231	0.618902	0.584091	0.614013	0.592191	0.559006	0.632280	0.625235	0.438298	0.627451	0.586166	0.611735	0.606557	0.589431	0.645161	0.112964	0.632375	0.504924	0.545090	0.622819	0.614251	0.546161	0.431762	0.554839	0.510711	0.625162	0.256515	0.613232	0.515385	0.445396	0.621875	0.616337	0.556680	0.624585	0.571429	0.619916	0.295220	0.537634	0.634315	0.529680	0.617916	0.251597	0.618834	0.612737	0.627503	0.606623	0.459925	0.593714	0.374622	0.554095	0.594034	0.472554	0.496215	0.605483	0.612081	0.610747	0.554656	0.438783	0.582809	0.206354	0.566462	0.565962	0.639626	0.585253	0.209233	0.626109	0.632959	0.189474	0.652568	0.560496	0.588008	0.620112	0.279876	0.121622	0.084974	0.301291	0.591961	0.619883	0.613603	0.598331	0.558325	0.558442	0.460432	0.587822	0.644518	0.635417	0.591837	0.657188	0.443174	0.643110	0.626781	0.306452	0.631415	0.123312	0.625344	0.618868	0.601523	0.627451	0.553148	0.525520	0.381818	0.627376	0.613971	0.447042	0.604128	0.502914	0.529465	0.592157	0.634294	0.511504	0.580786	0.102656	0.630662	0.542214	0.597561	0.173745	0.326256	0.626996	0.056977	0.621660	0.572650	0.600000	0.614597	0.300716	0.570256	0.358770	0.644550	0.019757	0.615789	0.636364	0.582524	0.619469	0.628571	0.616415	0.513680	0.335642	0.605108	0.477078	0.637168	0.531280	0.607143	0.636612	0.267743	0.554167	0.261194	0.481811	0.626198	0.631776	0.634078	0.537961	0.660194	0.652027	0.617687	0.615960	0.601942	0.442836	0.617978	0.528217	0.488889	0.604128	0.637138	0.515982	0.136393	0.479475	0.543860	0.629174	0.617978	0.543561	0.636485	0.455982	0.293433	0.612378	0.589899	0.624561	0.188849	0.562500	0.562771	0.588235	0.646724	0.505051	0.588652	0.601467	0.482363	0.580087	0.633441	0.529304	0.595545	0.625369	0.652459	0.621586	0.439887	0.372093	0.570825	0.633826	0.619597	0.600234	
0.583756	0.643226	0.584270	0.623025	0.528634	0.637555	0.565476	0.052300	0.641509	0.606715	0.605985	0.573446	0.612903	0.610979	0.630108	0.596794	0.610507	0.538787	0.606061	1.000000	0.475025	0.496963	0.640592	0.607918	0.618182	0.200252	0.599849	0.587131	0.567867	0.419284	0.435065	0.563611	0.609572	0.579292	0.507123	0.605670	0.643678	0.492242	0.532738	0.628176	0.636535	0.579193	0.542787	0.369338	0.626866	0.539589	0.519481	0.325153	0.626122	0.322843	0.603254	0.641949	0.386336	0.630715	0.576224	0.621005	0.600000	0.538905	0.589674	0.633867	0.388230	0.513433	0.631579	0.548063	0.610306	0.483751	0.529161	0.646018	0.579750	0.622108	0.617788	0.603912	0.411329	0.632427	0.626478	0.027306	0.567568	0.603569	0.413166	0.615385	0.593085	0.615385	0.558405	0.573633	0.608142	0.590803	0.610670	0.618267	0.320423	0.595292	0.132684	0.612987	0.634652	0.557284	0.609815	0.621285	0.193666	0.557471	0.601449	0.598063	0.640625	0.545977	0.644737	0.066919	0.601667	0.302491	0.642729	0.152396	0.452599	0.636792	0.404643	0.638554	0.482226	0.517293	0.650888	0.578869	0.146117	0.633596	0.516241	0.509804	0.333917	0.449198	0.314488	0.623932	0.064486	0.390264	0.612634	0.593920	0.630233	0.554455	0.389865	0.523113	0.521481	0.613839	0.619048	0.614824	0.266035	0.632804	0.489028	0.606209	0.602553	0.633333	0.615880	0.624230	0.627710	0.591928	0.606162	0.619437	0.281081	0.603365	0.634304	0.480880	0.622222	0.513433	0.488263	0.313095	0.641221	0.519520	0.612823	0.619403	0.317049	0.568733	0.311504	0.563802	0.558704	0.628235	0.568093	0.566860	0.627649	0.635121	0.530996	0.576394	0.628983	0.604530	0.529883	0.281084	0.578804	0.628081	0.612903	0.554704	0.528875	0.590491	0.303628	0.602855	0.495812	0.615842	0.634441	0.598397	0.637965	0.622351	0.494656	0.255970	0.579954	0.649780	0.580645	0.624339	0.612031	0.606831	0.608696	0.646660	0.453410	0.614443	0.630189	0.622532	0.628707	0.358377	0.581967	0.622318	0.619159	0.442145	0.608696	0.569464	0.597234	0.335079	0.592593	0.568212	0.660256	0.200000	0.563660	0.604141	0.389262	0.457413	0.624235	0.377778	0.620335	0.580549	0.495812	0.614709	0.595745	0.607229	0.369231	0.658065	0.287253	0.605769	0.609238	0.266704	0.620833	0.638202	0.638950	0.548967	0.549575	0.602804	0.585949	0.546529	0.457870	0.633301	0.565934	0.618217	0.209532	0.635974	0.644211	0.582011	0.622951	0.548994	0.135511	0.576177	0.469291	0.625688	0.357170	0.596169	0.605327	0.638171	0.602317	0.565684	0.585970	0.586022	0.625446	0.610329	0.481172	0.043138	0.381447	0.610501	0.592000	0.609524	0.641304	0.589808	0.340870	0.630940	0.554930	0.555632	0.539900	0.612245	0.639548	0.617433	0.602837	0.265455	0.621247	0.349835	0.577035	0.620370	0.581333	0.556060	0.335079	0.549708	0.382365	0.436893	0.631376	0.614610	0.628019	0.569444	0.637916	0.579365	0.548252	0.516827	0.617681	0.523169	0.552113	0.626927	0.167105	0.565684	0.235672	0.223891	0.547059	0.645089	0.626204	0.620296	0.466354	0.613692	0.641075	0.656811	0.630996	0.636525	0.600262	0.531025	0.544529	0.575380	0.636453	0.656282	0.639764	0.477064	0.627306	0.166231	0.609964	0.587959	0.622414	0.628445	0.639344	0.614610	0.311504	0.449761	0.580888	0.623794	0.364400	0.618143	0.590682	0.543826	0.615960	0.626804	0.617391	0.604712	0.638182	0.621714	0.413763	0.452951	0.573748	0.406667	0.552891	0.357839	0.628159	0.576043	0.614709	0.621592	0.546426	0.626836	0.476610	0.601216	0.628081	0.354561	0.575870	0.649351	0.606395	0.644324	0.606957	0.544762	0.478873	0.296734	0.624561	0.621645	0.612702	0.617476	0.300662	0.645636	0.543103	0.273588	0.626214	0.632418	0.521355	0.619590	0.392872	0.178585	0.125924	0.422548	0.622584	0.527407	0.618992	0.605395	0.612876	0.451923	0.348877	0.641732	0.586387	0.585366	0.630021	0.611321	0.548366	0.574176	0.625000	0.213483	0.588820	0.180990	0.632883	0.537572	0.642105	0.620606	0.611848	0.613115	0.486755	0.540698	0.572238	0.553886	0.532374	0.589875	0.610277	0.532738	0.618758	0.605263	0.614100	0.151453	0.565217	0.612378	0.621181	0.251848	0.449116	0.618096	0.085034	0.634593	0.463492	0.511905	0.651113	0.417368	0.627968	0.480709	0.608805	0.029767	0.644252	0.601542	0.531758	0.558459	0.630992	0.584980	0.593050	0.454144	0.503726	0.578330	0.630952	0.601166	0.513514	0.646532	0.377734	0.611408	0.370629	0.574696	0.606599	0.533716	0.637813	0.443018	0.610256	0.591512	0.635452	0.643154	0.525849	0.553109	0.543103	0.416529	0.586783	0.520863	0.576769	0.400000	0.199540	0.581159	0.436893	0.574555	0.563218	0.607553	0.646221	0.562039	0.409701	0.600515	0.499239	0.571038	0.272727	0.482866	0.435897	0.497710	0.631944	0.579259	0.626984	0.638776	0.576394	0.615101	0.586735	0.594896	0.624631	0.621429	0.588083	0.631579	0.545685	0.262295	0.466142	0.596628	0.609813	0.630542	
0.346325	0.477975	0.521940	0.428722	0.241563	0.547144	0.589286	0.154294	0.472987	0.387622	0.359116	0.614686	0.362734	0.391116	0.461300	0.367235	0.536932	0.270239	0.350000	0.475025	1.000000	0.640653	0.470829	0.341709	0.379705	0.480596	0.595289	0.306727	0.283237	0.637504	0.171182	0.292122	0.351831	0.322981	0.640608	0.335202	0.469211	0.645116	0.232143	0.414088	0.528502	0.572300	0.636157	0.619883	0.360927	0.242604	0.635085	0.583968	0.481353	0.586424	0.356392	0.461066	0.615518	0.401934	0.276262	0.530670	0.310580	0.254994	0.297018	0.419766	0.622287	0.230036	0.524171	0.258065	0.575111	0.635009	0.264173	0.440377	0.282244	0.566437	0.385870	0.373494	0.631547	0.483758	0.396980	0.082624	0.300915	0.589465	0.658426	0.496538	0.312500	0.417243	0.263158	0.592440	0.344482	0.567438	0.420328	0.401719	0.115482	0.575484	0.362283	0.329584	0.514976	0.268222	0.574856	0.503169	0.472194	0.257042	0.539773	0.380589	0.430672	0.257042	0.445833	0.194575	0.556159	0.108280	0.536287	0.392130	0.641751	0.398707	0.156425	0.493014	0.205438	0.224746	0.503462	0.597789	0.392198	0.426385	0.643485	0.633844	0.612160	0.636868	0.113088	0.561065	0.187951	0.607226	0.390904	0.584024	0.408994	0.268222	0.635601	0.638940	0.235294	0.435924	0.487103	0.377936	0.565085	0.464926	0.195626	0.573477	0.560696	0.466463	0.460825	0.484359	0.520058	0.590793	0.562245	0.542437	0.099808	0.385870	0.449612	0.628043	0.403650	0.230036	0.620206	0.591862	0.436364	0.225806	0.561340	0.360927	0.597461	0.611557	0.111888	0.611635	0.609639	0.398278	0.330523	0.604866	0.496248	0.457376	0.626488	0.591042	0.478546	0.538033	0.618776	0.564743	0.297018	0.454405	0.449948	0.578797	0.633245	0.595156	0.566747	0.561164	0.610218	0.501487	0.484758	0.543407	0.503448	0.503421	0.214071	0.553326	0.580562	0.442589	0.613804	0.466974	0.549420	0.579621	0.521781	0.509554	0.634951	0.372603	0.508704	0.410915	0.395462	0.625068	0.293103	0.456701	0.403433	0.641353	0.340782	0.288184	0.566831	0.121442	0.316327	0.616362	0.461934	0.482174	0.624801	0.376162	0.148379	0.191230	0.372603	0.615079	0.336134	0.586837	0.638800	0.434601	0.560538	0.383025	0.135593	0.450980	0.102236	0.385870	0.358209	0.573173	0.475610	0.426765	0.446410	0.604225	0.267211	0.585515	0.605286	0.237389	0.185706	0.513923	0.289171	0.500000	0.494875	0.460350	0.470889	0.316327	0.404941	0.633974	0.369036	0.283237	0.192331	0.518589	0.617015	0.581064	0.380589	0.503476	0.336134	0.306727	0.288184	0.304795	0.393726	0.400000	0.644521	0.128444	0.622970	0.374384	0.310580	0.591711	0.450207	0.550567	0.123816	0.483726	0.271246	0.602851	0.625574	0.342634	0.425779	0.380589	0.394822	0.093710	0.410886	0.623293	0.604866	0.413462	0.310580	0.605253	0.121442	0.244681	0.613189	0.173432	0.499267	0.351831	0.502203	0.281250	0.542197	0.316327	0.276262	0.627246	0.416179	0.228980	0.271246	0.468450	0.427274	0.306727	0.521756	0.522680	0.240521	0.436975	0.501466	0.421220	0.196721	0.373494	0.502439	0.465473	0.530593	0.535581	0.322981	0.253968	0.630233	0.284229	0.492338	0.472856	0.505929	0.212996	0.369028	0.436046	0.377936	0.587669	0.555351	0.440731	0.488911	0.568440	0.111888	0.183486	0.594780	0.453375	0.626034	0.459100	0.531222	0.621548	0.359116	0.481294	0.556997	0.323928	0.537002	0.420605	0.630751	0.183486	0.299943	0.152985	0.270239	0.617311	0.384992	0.303826	0.441897	0.447792	0.617964	0.508625	0.619469	0.552107	0.460587	0.130900	0.575668	0.491787	0.436554	0.455251	0.548656	0.621758	0.196721	0.591049	0.549348	0.540915	0.360022	0.499509	0.588376	0.460439	0.257042	0.571746	0.378821	0.543753	0.239478	0.419936	0.640164	0.453858	0.345993	0.640908	0.484179	0.235294	0.403009	0.481832	0.552232	0.180147	0.128544	0.500988	0.323928	0.298969	0.464688	0.352745	0.639938	0.289171	0.411325	0.073930	0.361831	0.458990	0.431435	0.252941	0.464760	0.379705	0.534829	0.575404	0.631915	0.248821	0.267211	0.627019	0.256019	0.603121	0.593049	0.232143	0.376162	0.590435	0.534995	0.402628	0.297018	0.571556	0.487437	0.542535	0.651403	0.402367	0.242905	0.418926	0.186813	0.232143	0.461302	0.649923	0.550117	0.635680	0.352745	0.089845	0.456995	0.337066	0.237389	0.288184	0.433596	0.319185	0.588797	0.643256	0.231090	0.615385	0.392857	0.557718	0.225806	0.435331	0.636957	0.522066	0.626466	0.601579	0.346325	0.258065	0.419936	0.179031	0.338926	0.314415	0.434646	0.473631	0.237389	0.626176	0.257042	0.158710	0.608805	0.256019	0.309619	0.152985	0.485058	0.604690	0.173432	0.292122	0.257042	0.578616	0.441437	0.621849	0.626470	0.335202	0.216216	0.293103	0.561474	0.200000	0.180147	0.214071	0.411325	0.598813	0.496032	0.484909	0.598577	0.531041	0.342634	0.579134	0.504202	0.392857	0.331461	0.458999	0.631579	0.092486	0.192331	0.330523	0.406652	0.501236	
0.378116	0.498904	0.567031	0.458979	0.265280	0.579421	0.609723	0.139700	0.499172	0.417504	0.389391	0.622965	0.395670	0.422419	0.485730	0.396882	0.555839	0.296296	0.380837	0.496963	0.640653	1.000000	0.494731	0.373171	0.411415	0.452944	0.619048	0.335621	0.310323	0.628608	0.188730	0.319899	0.382798	0.353086	0.633997	0.366197	0.500551	0.647102	0.255069	0.442252	0.546118	0.602331	0.642599	0.609302	0.392535	0.266407	0.641317	0.580322	0.527957	0.575026	0.388889	0.491949	0.600121	0.436257	0.302799	0.557377	0.339764	0.279819	0.325173	0.451762	0.610169	0.252783	0.556406	0.283140	0.596475	0.636430	0.289744	0.469052	0.309252	0.587945	0.417999	0.405970	0.618020	0.515676	0.426307	0.074536	0.329368	0.603914	0.626027	0.535542	0.341827	0.445602	0.288647	0.614104	0.374924	0.596262	0.451093	0.432496	0.127719	0.612695	0.331552	0.360172	0.550287	0.294118	0.602857	0.533684	0.446481	0.282035	0.557879	0.411171	0.464347	0.282035	0.470322	0.176537	0.581429	0.119803	0.571284	0.370100	0.627882	0.431672	0.172603	0.522396	0.226064	0.247043	0.529129	0.613358	0.361224	0.458716	0.639287	0.653802	0.589661	0.619767	0.125088	0.569314	0.170468	0.621762	0.422170	0.600935	0.439138	0.294118	0.618039	0.626656	0.258486	0.463206	0.520107	0.408333	0.542426	0.491676	0.215385	0.591062	0.571850	0.503027	0.484069	0.505735	0.540146	0.617768	0.586006	0.565884	0.110482	0.415631	0.484305	0.637744	0.434579	0.252783	0.620851	0.577869	0.475761	0.248194	0.588921	0.392535	0.584066	0.618539	0.123769	0.631007	0.631894	0.432337	0.361179	0.616211	0.517316	0.495575	0.624287	0.618409	0.506011	0.573566	0.633871	0.550459	0.325173	0.483799	0.484611	0.619546	0.639488	0.612679	0.555639	0.583984	0.623112	0.523835	0.517838	0.559596	0.525812	0.531926	0.235450	0.531414	0.612754	0.470255	0.614980	0.496115	0.570858	0.605860	0.537859	0.532275	0.637632	0.405018	0.542514	0.438882	0.422353	0.601307	0.320957	0.486305	0.436661	0.634261	0.372178	0.315657	0.587728	0.134266	0.345939	0.641318	0.486336	0.454949	0.630867	0.407628	0.163799	0.210597	0.406213	0.614747	0.367197	0.609800	0.628399	0.470588	0.577201	0.416123	0.149792	0.485730	0.113154	0.416815	0.389626	0.547587	0.507430	0.457928	0.474308	0.626802	0.293026	0.610929	0.611390	0.260756	0.204576	0.539030	0.316719	0.532557	0.467652	0.487996	0.498063	0.345939	0.433665	0.625521	0.337850	0.310323	0.211796	0.557781	0.596939	0.602220	0.412359	0.522813	0.367197	0.335621	0.315657	0.333542	0.424028	0.429491	0.647887	0.116141	0.615247	0.404535	0.339764	0.595182	0.478334	0.581305	0.136872	0.514626	0.297384	0.623264	0.637139	0.374162	0.456946	0.411171	0.427481	0.103767	0.442252	0.596540	0.615316	0.442766	0.339764	0.634167	0.134266	0.268657	0.616348	0.191186	0.532700	0.382798	0.538055	0.308180	0.566497	0.345939	0.302799	0.631495	0.445602	0.251638	0.297384	0.512568	0.399939	0.335621	0.501121	0.494725	0.264151	0.465488	0.535092	0.453287	0.216578	0.405970	0.532912	0.491131	0.557445	0.569270	0.353086	0.278710	0.634006	0.311392	0.525641	0.505495	0.534971	0.234282	0.400000	0.402971	0.408333	0.602060	0.573128	0.472789	0.509547	0.581055	0.123769	0.202156	0.609332	0.486034	0.608345	0.503047	0.578922	0.634711	0.390597	0.513410	0.577977	0.354102	0.567195	0.446882	0.621630	0.202156	0.328321	0.168840	0.296296	0.611978	0.414692	0.332500	0.468326	0.478016	0.618522	0.527157	0.632012	0.576693	0.487151	0.144645	0.603261	0.525296	0.470522	0.482604	0.585949	0.637336	0.216578	0.572692	0.570856	0.581511	0.391566	0.535241	0.561290	0.493363	0.282035	0.552486	0.410470	0.570997	0.263021	0.453026	0.615291	0.425230	0.316376	0.636656	0.511957	0.258486	0.431579	0.517761	0.579624	0.198515	0.142061	0.528564	0.354102	0.327273	0.494731	0.384988	0.628619	0.316719	0.441604	0.081955	0.393502	0.427546	0.456160	0.277598	0.495849	0.411415	0.554326	0.602792	0.642188	0.273139	0.293026	0.631491	0.280928	0.618018	0.606032	0.255069	0.410012	0.607725	0.559173	0.372275	0.325173	0.592806	0.514410	0.518407	0.642712	0.429742	0.220934	0.453179	0.205783	0.255069	0.492222	0.621708	0.569709	0.642162	0.384988	0.081079	0.482293	0.368196	0.260756	0.315657	0.465222	0.349010	0.599442	0.639503	0.253927	0.633998	0.421921	0.579203	0.248194	0.461451	0.610320	0.569985	0.620810	0.611702	0.378116	0.283140	0.453026	0.197297	0.370189	0.343886	0.464082	0.496431	0.260756	0.638067	0.282035	0.175103	0.616831	0.280928	0.338730	0.168840	0.455481	0.612427	0.191186	0.319899	0.282035	0.604337	0.480226	0.623509	0.632975	0.366197	0.237781	0.320957	0.540528	0.220147	0.198515	0.235450	0.443928	0.608065	0.530831	0.508438	0.629133	0.551724	0.374162	0.603505	0.527778	0.423100	0.362185	0.479866	0.642006	0.102418	0.211796	0.361179	0.431991	0.528846	
0.584615	0.640250	0.588338	0.626424	0.511144	0.620932	0.556886	0.051445	0.646934	0.600484	0.614610	0.571023	0.616541	0.604819	0.635575	0.605230	0.613139	0.547789	0.584184	0.640592	0.470829	0.494731	1.000000	0.598710	0.614443	0.197225	0.600455	0.579946	0.571429	0.414558	0.434211	0.591978	0.590331	0.603974	0.502576	0.580729	0.623815	0.487910	0.533133	0.608392	0.628083	0.575000	0.530713	0.364272	0.610553	0.528190	0.517200	0.320574	0.631156	0.318290	0.594185	0.611111	0.381885	0.613018	0.571429	0.605336	0.587601	0.533528	0.582418	0.623557	0.382124	0.507553	0.619744	0.554427	0.619125	0.480471	0.543885	0.633929	0.577840	0.619500	0.616505	0.604938	0.409270	0.629442	0.613365	0.026854	0.584699	0.604215	0.405910	0.622266	0.596774	0.607184	0.544669	0.561354	0.609254	0.577255	0.611684	0.619385	0.325000	0.579068	0.130604	0.598425	0.629981	0.537911	0.602429	0.614493	0.190728	0.546512	0.611314	0.603912	0.605856	0.543605	0.639381	0.065834	0.607383	0.306859	0.634720	0.150032	0.462641	0.633333	0.410084	0.649798	0.478873	0.517504	0.628231	0.586826	0.143843	0.639363	0.510490	0.507532	0.329238	0.444119	0.318996	0.617900	0.063438	0.383278	0.606498	0.602353	0.626761	0.566524	0.384584	0.507937	0.521739	0.635135	0.614000	0.608589	0.262158	0.623266	0.492063	0.605263	0.616967	0.619748	0.621212	0.627329	0.624881	0.592481	0.605197	0.618481	0.285192	0.614078	0.631121	0.473435	0.621015	0.516616	0.490566	0.308654	0.624862	0.519757	0.608550	0.618090	0.312562	0.552846	0.315978	0.544503	0.546811	0.617577	0.597641	0.565789	0.626653	0.619300	0.536186	0.572469	0.621762	0.610526	0.517647	0.277023	0.576923	0.627027	0.620390	0.550806	0.532682	0.594136	0.299298	0.598478	0.483455	0.616766	0.633503	0.597309	0.633136	0.601942	0.522411	0.252218	0.585065	0.622222	0.568406	0.625400	0.598771	0.597922	0.628571	0.634146	0.446480	0.622991	0.617871	0.618992	0.610778	0.353429	0.588398	0.638528	0.622642	0.432483	0.607235	0.575800	0.597871	0.339823	0.585561	0.560586	0.644397	0.196976	0.558667	0.600246	0.401361	0.479233	0.605686	0.373408	0.600780	0.578043	0.493550	0.622370	0.584843	0.615572	0.370884	0.639913	0.291439	0.618932	0.612863	0.262819	0.628151	0.630385	0.640177	0.542532	0.561605	0.581505	0.586466	0.529148	0.454106	0.634336	0.552778	0.615234	0.206381	0.632829	0.613588	0.604278	0.626478	0.545336	0.133390	0.560224	0.472089	0.598891	0.352234	0.593678	0.613692	0.639279	0.608583	0.577236	0.584145	0.592391	0.619448	0.606635	0.476891	0.042430	0.376254	0.606658	0.587601	0.591054	0.627193	0.603869	0.345679	0.619776	0.558405	0.560111	0.530075	0.610825	0.629418	0.603912	0.606205	0.269373	0.603730	0.344980	0.565789	0.607477	0.582210	0.553746	0.339823	0.523669	0.375553	0.439344	0.630456	0.620865	0.630964	0.567416	0.624434	0.580214	0.560113	0.508454	0.623407	0.514372	0.535613	0.627979	0.164533	0.577236	0.232178	0.220550	0.538690	0.653153	0.611650	0.637514	0.491284	0.604938	0.620890	0.630458	0.618959	0.630357	0.601325	0.543066	0.538363	0.576224	0.635551	0.624084	0.628968	0.504644	0.623602	0.163671	0.611043	0.599528	0.618056	0.629588	0.642562	0.627219	0.315978	0.452342	0.572294	0.629189	0.359387	0.640426	0.581240	0.532476	0.607053	0.629938	0.619965	0.621693	0.630037	0.615917	0.406469	0.462036	0.571819	0.405405	0.564907	0.352897	0.600243	0.582313	0.626800	0.624862	0.553392	0.627838	0.475401	0.619423	0.633514	0.363002	0.564408	0.642497	0.627364	0.643402	0.616462	0.551372	0.481775	0.292485	0.625442	0.619006	0.633962	0.620352	0.296367	0.632025	0.555233	0.269618	0.622549	0.631579	0.533532	0.613793	0.389189	0.175853	0.123943	0.416927	0.623590	0.512744	0.620118	0.608258	0.601556	0.457792	0.357268	0.646825	0.589947	0.572603	0.618337	0.592122	0.540889	0.561111	0.612150	0.216730	0.609787	0.178225	0.636364	0.546784	0.630573	0.602203	0.612645	0.622112	0.484479	0.526471	0.558739	0.554169	0.524017	0.588930	0.601432	0.515060	0.619926	0.599688	0.607477	0.149102	0.579670	0.611475	0.618070	0.248148	0.444125	0.631079	0.083668	0.617341	0.466238	0.512048	0.645989	0.416185	0.605846	0.477487	0.589581	0.029275	0.636761	0.607792	0.529148	0.581363	0.618673	0.567244	0.588967	0.451009	0.509804	0.569049	0.634615	0.605197	0.519757	0.632054	0.373355	0.603232	0.365549	0.573688	0.610256	0.545718	0.627586	0.448780	0.593264	0.587131	0.620922	0.644351	0.538117	0.541667	0.558140	0.412060	0.577064	0.538574	0.574899	0.402027	0.196522	0.568513	0.439344	0.586445	0.558140	0.606612	0.623204	0.559676	0.405910	0.598958	0.499230	0.591160	0.268768	0.485804	0.464286	0.497682	0.612150	0.582712	0.644000	0.633745	0.576839	0.625232	0.592784	0.600321	0.623635	0.646635	0.578534	0.613218	0.542092	0.266174	0.456140	0.597641	0.613208	0.643496	
0.602917	0.605528	0.537525	0.629371	0.584314	0.560575	0.487639	0.033868	0.602810	0.639517	0.649762	0.481928	0.620472	0.638681	0.613966	0.643750	0.578778	0.628253	0.634461	0.607918	0.341709	0.373171	0.598710	1.000000	0.648318	0.133246	0.501730	0.636522	0.635209	0.292823	0.557303	0.625000	0.645265	0.628378	0.383838	0.621488	0.618321	0.360424	0.582834	0.592806	0.592593	0.494181	0.417747	0.253731	0.612954	0.602740	0.401838	0.221498	0.605769	0.219828	0.652866	0.620957	0.267483	0.624633	0.632353	0.562771	0.590674	0.619503	0.623009	0.628734	0.268893	0.613226	0.569280	0.627376	0.535948	0.358734	0.593985	0.622101	0.621818	0.548193	0.632375	0.630603	0.288136	0.613139	0.651852	0.017603	0.636204	0.508050	0.286249	0.600237	0.629948	0.608571	0.610169	0.473307	0.634146	0.508993	0.630986	0.647145	0.443325	0.499127	0.087192	0.634391	0.576880	0.626866	0.529851	0.596330	0.128707	0.605714	0.568060	0.635115	0.642759	0.628571	0.639676	0.043450	0.532556	0.429668	0.555673	0.100509	0.341709	0.626292	0.518519	0.606061	0.584034	0.599190	0.586002	0.492754	0.096257	0.622905	0.392788	0.391555	0.227848	0.324496	0.435443	0.546547	0.041852	0.271638	0.628743	0.510791	0.644412	0.604478	0.268893	0.397919	0.619048	0.609655	0.583035	0.656442	0.179209	0.620155	0.591006	0.528015	0.537849	0.605830	0.620237	0.597758	0.586517	0.488432	0.543689	0.559140	0.406250	0.635401	0.600529	0.352129	0.608187	0.609218	0.392694	0.212796	0.627346	0.610101	0.532039	0.635071	0.215645	0.461538	0.431472	0.442491	0.457666	0.621502	0.633333	0.489627	0.612195	0.620513	0.429173	0.482645	0.615960	0.556807	0.411846	0.189885	0.637168	0.601050	0.619236	0.458861	0.413840	0.508385	0.205991	0.543137	0.375309	0.600715	0.605839	0.560924	0.589894	0.553633	0.599174	0.172103	0.503521	0.616011	0.476494	0.604651	0.559426	0.522059	0.586246	0.596288	0.320251	0.622291	0.589426	0.649275	0.648810	0.245684	0.638146	0.622865	0.621898	0.313043	0.641571	0.633094	0.529301	0.442786	0.635897	0.454070	0.627451	0.133072	0.445774	0.643077	0.517647	0.557235	0.606811	0.260536	0.627063	0.494898	0.377778	0.627027	0.525214	0.628225	0.487923	0.621871	0.409326	0.632375	0.612698	0.179683	0.618504	0.606398	0.632571	0.448120	0.624299	0.508535	0.500428	0.581028	0.558952	0.582949	0.639138	0.583043	0.139662	0.621232	0.603338	0.635897	0.626647	0.439416	0.089096	0.609800	0.577586	0.552775	0.244800	0.507937	0.644275	0.584431	0.636964	0.653913	0.629496	0.614311	0.623881	0.625551	0.351522	0.027889	0.262661	0.629630	0.639033	0.514233	0.611482	0.538012	0.465347	0.599022	0.638219	0.468652	0.421493	0.636215	0.624650	0.625954	0.640000	0.385224	0.653237	0.239437	0.479668	0.626263	0.639033	0.440233	0.462687	0.615984	0.263339	0.559284	0.596774	0.632424	0.601852	0.637523	0.564756	0.639316	0.625000	0.404555	0.628571	0.610442	0.638219	0.615960	0.110509	0.653913	0.157854	0.149633	0.640472	0.612414	0.583622	0.631728	0.568376	0.633694	0.580941	0.626289	0.584885	0.568443	0.648649	0.628352	0.429693	0.641304	0.587678	0.598485	0.601183	0.592133	0.657321	0.109914	0.613497	0.512635	0.554095	0.619565	0.608696	0.539216	0.436548	0.578947	0.495682	0.614173	0.250102	0.628057	0.516004	0.432471	0.624406	0.618273	0.549540	0.637437	0.583423	0.639205	0.288000	0.552632	0.637324	0.545455	0.620818	0.245291	0.651515	0.625874	0.618919	0.627346	0.458522	0.590588	0.369380	0.559184	0.622047	0.468293	0.493220	0.602410	0.627717	0.623342	0.565884	0.430199	0.585470	0.201051	0.567595	0.558943	0.632911	0.598370	0.203864	0.625641	0.613333	0.184560	0.643185	0.553236	0.610236	0.616690	0.272971	0.118352	0.082647	0.293948	0.608374	0.603175	0.615836	0.600000	0.553320	0.538631	0.470588	0.579882	0.644182	0.634921	0.598710	0.653846	0.434532	0.628366	0.634921	0.314050	0.643533	0.120000	0.635983	0.610365	0.605905	0.617737	0.581250	0.533842	0.371725	0.615087	0.601869	0.441176	0.595420	0.496644	0.524680	0.590818	0.640000	0.515611	0.564498	0.099869	0.626549	0.537370	0.609125	0.169201	0.318418	0.626471	0.055395	0.615385	0.566449	0.594810	0.606218	0.293384	0.563147	0.350315	0.653846	0.019198	0.612517	0.642504	0.616601	0.643885	0.619835	0.608844	0.501779	0.327623	0.600000	0.471049	0.630792	0.541748	0.602020	0.641770	0.261092	0.546793	0.254682	0.478827	0.635332	0.631179	0.628006	0.561947	0.640394	0.638079	0.625344	0.615385	0.600791	0.436999	0.643810	0.516129	0.484245	0.595420	0.619377	0.526807	0.132755	0.481390	0.545861	0.635714	0.617143	0.544413	0.609164	0.451515	0.286249	0.618182	0.596708	0.623886	0.183950	0.585987	0.551876	0.586777	0.634921	0.491942	0.602151	0.615575	0.476033	0.585792	0.655791	0.522622	0.599526	0.642750	0.628952	0.613158	0.429893	0.380952	0.564655	0.666667	0.639416	0.599526	
0.610015	0.620525	0.540856	0.623514	0.579710	0.578740	0.511934	0.038428	0.613333	0.643972	0.644874	0.501943	0.644018	0.645980	0.609238	0.645161	0.582564	0.606897	0.633484	0.618182	0.379705	0.411415	0.614443	0.648318	1.000000	0.150162	0.539232	0.619125	0.634064	0.326454	0.505133	0.598007	0.628571	0.627760	0.420664	0.624420	0.625604	0.400000	0.585635	0.610583	0.600214	0.521139	0.452555	0.283619	0.610370	0.593128	0.435783	0.248128	0.615561	0.246285	0.644776	0.613497	0.298712	0.624309	0.593857	0.590062	0.595813	0.594690	0.599671	0.636242	0.300259	0.569316	0.594039	0.612676	0.551662	0.398169	0.574913	0.621935	0.618243	0.570328	0.634424	0.626996	0.321330	0.625000	0.641562	0.019995	0.615385	0.539655	0.319266	0.598870	0.622793	0.622642	0.589878	0.501157	0.633181	0.518198	0.627660	0.631724	0.414579	0.528620	0.098570	0.630265	0.604502	0.605536	0.554758	0.612691	0.145091	0.606702	0.574359	0.642755	0.628422	0.603175	0.638570	0.049267	0.567694	0.387991	0.588832	0.113521	0.377523	0.645341	0.489451	0.608997	0.544402	0.567164	0.601130	0.523457	0.108750	0.633245	0.430094	0.428660	0.255132	0.360996	0.407323	0.568684	0.047460	0.303268	0.639437	0.549393	0.664843	0.602076	0.300259	0.436709	0.600733	0.628422	0.602958	0.636888	0.201331	0.622549	0.561886	0.553425	0.562141	0.616125	0.625156	0.598817	0.600858	0.514475	0.567164	0.576132	0.366197	0.617354	0.606516	0.389888	0.628099	0.580407	0.426667	0.238520	0.619289	0.599628	0.559701	0.637037	0.241667	0.490037	0.399083	0.479033	0.490761	0.626907	0.619938	0.518043	0.607889	0.622871	0.461853	0.517572	0.613744	0.578999	0.451138	0.213170	0.616145	0.616915	0.616729	0.485452	0.451187	0.537872	0.230999	0.564972	0.410349	0.608400	0.631944	0.591549	0.622620	0.574257	0.577947	0.193441	0.539898	0.629012	0.510409	0.625000	0.579568	0.546903	0.600646	0.621681	0.356375	0.613372	0.597207	0.653005	0.635854	0.274773	0.630182	0.622665	0.629986	0.348523	0.606432	0.612040	0.547273	0.414414	0.618820	0.480811	0.636927	0.149968	0.482959	0.627168	0.496788	0.534653	0.598837	0.291092	0.611111	0.522167	0.413959	0.629156	0.547118	0.650499	0.469298	0.614232	0.373832	0.634424	0.633929	0.201856	0.628159	0.630749	0.644586	0.483965	0.592721	0.543723	0.526055	0.562044	0.524000	0.606593	0.590985	0.604651	0.157324	0.623602	0.613886	0.618820	0.648276	0.475921	0.100709	0.603710	0.549407	0.563996	0.273800	0.530612	0.651363	0.618016	0.635802	0.645057	0.618729	0.601626	0.629213	0.630705	0.390353	0.031657	0.293423	0.637681	0.618357	0.539346	0.609355	0.556180	0.430493	0.625581	0.623064	0.496206	0.456949	0.629008	0.629630	0.637016	0.635983	0.346793	0.635007	0.267898	0.506816	0.631293	0.644122	0.478076	0.423423	0.594595	0.294167	0.527607	0.608791	0.613534	0.607064	0.598985	0.589431	0.622010	0.607509	0.437785	0.628032	0.596296	0.609294	0.623223	0.124731	0.645057	0.177596	0.168441	0.595281	0.625815	0.591859	0.620321	0.525490	0.629898	0.598028	0.628362	0.592670	0.578579	0.624606	0.592199	0.468468	0.622896	0.595937	0.618705	0.626832	0.567619	0.652047	0.124064	0.634006	0.528696	0.568380	0.634961	0.616293	0.568738	0.403670	0.538153	0.533333	0.626866	0.279630	0.622711	0.542404	0.463040	0.627043	0.634958	0.577865	0.604724	0.607621	0.648794	0.321181	0.530120	0.622951	0.492569	0.600000	0.274340	0.638177	0.625407	0.641944	0.639594	0.488304	0.600897	0.399289	0.565558	0.624378	0.446903	0.525368	0.600917	0.637532	0.623116	0.570029	0.460581	0.568627	0.225535	0.595450	0.571150	0.635015	0.603774	0.228647	0.630170	0.599647	0.207266	0.624460	0.564000	0.585455	0.630174	0.304729	0.133512	0.093460	0.327684	0.615925	0.582418	0.632597	0.610092	0.577220	0.509091	0.435556	0.606539	0.642520	0.620690	0.611995	0.621622	0.472067	0.634391	0.639456	0.281481	0.624260	0.135356	0.632411	0.586146	0.616322	0.614943	0.590818	0.553621	0.408794	0.604651	0.620451	0.473609	0.572438	0.528363	0.545775	0.581952	0.632948	0.543422	0.581665	0.112804	0.619440	0.569609	0.616647	0.190216	0.354379	0.620499	0.062759	0.642473	0.546906	0.593002	0.619165	0.327068	0.583333	0.389044	0.621622	0.021805	0.630517	0.628659	0.580292	0.605351	0.627604	0.606349	0.530017	0.364398	0.586716	0.507576	0.641350	0.557836	0.584730	0.637908	0.291702	0.567976	0.284663	0.503937	0.652504	0.598592	0.638184	0.522267	0.642089	0.633600	0.632812	0.625150	0.580292	0.467845	0.613757	0.491597	0.511218	0.593640	0.625806	0.484076	0.149613	0.513189	0.519427	0.627907	0.592593	0.561983	0.622449	0.481645	0.319266	0.608964	0.568182	0.613599	0.206589	0.561404	0.529293	0.558935	0.639456	0.529075	0.598407	0.615746	0.507987	0.589342	0.641221	0.560000	0.604966	0.627286	0.643857	0.620948	0.468556	0.342857	0.529644	0.641745	0.635488	0.623025	
0.135276	0.205150	0.273807	0.174191	0.090848	0.269627	0.336050	0.387103	0.200252	0.153747	0.140937	0.358209	0.142548	0.155336	0.191139	0.144557	0.255189	0.102678	0.136897	0.200252	0.480596	0.452944	0.197225	0.133246	0.150162	1.000000	0.330543	0.118086	0.108120	0.522484	0.062811	0.111870	0.137706	0.125082	0.438814	0.130397	0.201385	0.460644	0.087015	0.166382	0.240148	0.318164	0.413515	0.568121	0.141743	0.091273	0.425145	0.592823	0.218575	0.563784	0.139727	0.196466	0.527357	0.161270	0.105193	0.251988	0.119737	0.096359	0.113946	0.169513	0.549145	0.086161	0.254479	0.097626	0.302850	0.460348	0.100155	0.181162	0.107702	0.277275	0.152951	0.147364	0.522850	0.214866	0.158505	0.221276	0.115604	0.318494	0.526230	0.222637	0.120561	0.168340	0.099734	0.362108	0.134465	0.316513	0.172245	0.161664	0.041571	0.327677	0.591091	0.127948	0.240148	0.101838	0.303186	0.233258	0.598901	0.097204	0.255189	0.150561	0.178071	0.097204	0.184244	0.450570	0.288623	0.038884	0.258733	0.588083	0.476784	0.159296	0.057104	0.215980	0.076284	0.084022	0.222637	0.336438	0.586711	0.174580	0.431876	0.436869	0.559772	0.489518	0.040676	0.278313	0.438938	0.546679	0.155732	0.316513	0.164026	0.101838	0.539875	0.427976	0.088294	0.178071	0.220423	0.149363	0.591942	0.196845	0.072392	0.296782	0.280040	0.202516	0.191902	0.207776	0.239786	0.334499	0.288964	0.254123	0.035739	0.152951	0.189994	0.472460	0.162058	0.086161	0.425462	0.574012	0.186165	0.084450	0.288964	0.141743	0.572518	0.377031	0.040229	0.390947	0.376795	0.160086	0.128356	0.345931	0.214122	0.199118	0.403551	0.347910	0.207401	0.270674	0.412663	0.619656	0.113946	0.192283	0.191139	0.364538	0.417599	0.323426	0.604718	0.285543	0.450991	0.221162	0.214866	0.261910	0.225579	0.231436	0.079731	0.604219	0.324018	0.182705	0.361727	0.196845	0.270325	0.308542	0.238702	0.229610	0.500679	0.146963	0.239425	0.164419	0.157318	0.549444	0.112285	0.191902	0.162452	0.493598	0.132840	0.110205	0.298472	0.043806	0.122208	0.386842	0.193426	0.612821	0.381722	0.148564	0.054017	0.070657	0.146963	0.548815	0.130804	0.337018	0.445278	0.183859	0.296105	0.152155	0.049147	0.191139	0.036638	0.152951	0.140534	0.615947	0.202516	0.175745	0.185013	0.382602	0.101417	0.316843	0.334499	0.089146	0.068484	0.231800	0.110621	0.229244	0.606959	0.192664	0.198739	0.122208	0.161664	0.390207	0.582304	0.108120	0.071091	0.250204	0.568122	0.323754	0.150561	0.219684	0.130804	0.118086	0.110205	0.117260	0.156525	0.160875	0.470465	0.330723	0.541277	0.147764	0.119737	0.308876	0.187315	0.287597	0.044698	0.213378	0.103097	0.366369	0.409309	0.133653	0.173802	0.150561	0.158505	0.033486	0.166382	0.555912	0.345931	0.165597	0.119737	0.393424	0.043806	0.092123	0.556701	0.063686	0.231800	0.137706	0.230341	0.107285	0.258379	0.122208	0.105193	0.420899	0.168340	0.085733	0.103097	0.207401	0.584935	0.118086	0.639094	0.634618	0.090423	0.178071	0.231436	0.170685	0.072825	0.147364	0.232894	0.197604	0.248059	0.263670	0.125082	0.095936	0.400966	0.108537	0.223005	0.203646	0.223373	0.079301	0.145360	0.616609	0.149363	0.315190	0.274849	0.182319	0.208525	0.285543	0.040229	0.067613	0.331193	0.192283	0.552271	0.197982	0.289306	0.397171	0.140937	0.206276	0.271371	0.125492	0.253768	0.169904	0.533246	0.067613	0.115190	0.055782	0.102678	0.556516	0.152553	0.116846	0.183859	0.186165	0.378745	0.225212	0.453883	0.271719	0.192283	0.047370	0.338694	0.217834	0.182319	0.189229	0.271371	0.404085	0.072825	0.589324	0.267879	0.273112	0.141340	0.228512	0.600601	0.199118	0.097204	0.603262	0.149763	0.264021	0.089998	0.171075	0.532862	0.644449	0.584753	0.525812	0.211141	0.088294	0.161270	0.217834	0.276583	0.066306	0.046480	0.223373	0.125492	0.114776	0.197225	0.138111	0.397319	0.110621	0.165597	0.026243	0.142145	0.601696	0.174968	0.095513	0.198739	0.150162	0.264724	0.295427	0.448595	0.093819	0.101417	0.388691	0.096781	0.341775	0.310542	0.087015	0.148564	0.319483	0.245908	0.594520	0.113946	0.298134	0.210768	0.591998	0.494664	0.160481	0.506221	0.169122	0.068919	0.087015	0.196087	0.517554	0.266828	0.473464	0.138111	0.239103	0.188081	0.131212	0.089146	0.110205	0.178458	0.123441	0.320470	0.483501	0.086588	0.366229	0.156129	0.288964	0.084450	0.177296	0.544190	0.261557	0.558584	0.353619	0.135276	0.097626	0.171075	0.065870	0.132026	0.121385	0.178458	0.204022	0.089146	0.391109	0.097204	0.057984	0.346250	0.096781	0.119324	0.055782	0.602258	0.347206	0.063686	0.111870	0.097204	0.294749	0.184628	0.379174	0.522308	0.130397	0.080591	0.112285	0.620416	0.074124	0.066306	0.079731	0.165597	0.337984	0.220423	0.210021	0.348295	0.248775	0.133653	0.306872	0.223005	0.156129	0.128765	0.191521	0.400297	0.033035	0.071091	0.128356	0.162452	0.223005	
0.504737	0.611940	0.620915	0.571882	0.387097	0.640316	0.625510	0.091329	0.601356	0.548467	0.527660	0.638345	0.525869	0.546656	0.583269	0.518581	0.629655	0.426987	0.504721	0.599849	0.595289	0.619048	0.600455	0.501730	0.539232	0.330543	1.000000	0.473637	0.442009	0.558087	0.281092	0.449275	0.508997	0.482394	0.623120	0.492602	0.601504	0.615522	0.373206	0.555287	0.635540	0.638170	0.633151	0.530447	0.521665	0.388626	0.628931	0.478984	0.610465	0.474159	0.523891	0.604404	0.532486	0.551387	0.433824	0.630790	0.471950	0.406748	0.459874	0.561347	0.537589	0.370086	0.627797	0.409346	0.650155	0.606222	0.418216	0.581049	0.440585	0.646753	0.589212	0.528967	0.561469	0.612006	0.551272	0.048144	0.452830	0.645006	0.563758	0.614275	0.472889	0.565916	0.416744	0.641467	0.502157	0.617150	0.567783	0.550937	0.193411	0.640237	0.224779	0.493438	0.625784	0.420370	0.652228	0.628531	0.320815	0.409729	0.621530	0.538782	0.565800	0.407858	0.583658	0.116208	0.639542	0.181818	0.640215	0.256294	0.588437	0.545455	0.258197	0.613587	0.333333	0.362235	0.615717	0.658125	0.246305	0.568254	0.612303	0.619839	0.494737	0.579424	0.189563	0.637719	0.112085	0.537004	0.549505	0.642512	0.564477	0.424074	0.546099	0.623439	0.377863	0.568952	0.602462	0.528428	0.423844	0.591806	0.318497	0.643707	0.633075	0.610653	0.582375	0.604306	0.631799	0.639392	0.641677	0.628223	0.168103	0.536100	0.590769	0.604733	0.558632	0.370086	0.599904	0.475439	0.589147	0.363811	0.632783	0.521665	0.478415	0.638665	0.187633	0.634887	0.629650	0.554374	0.489510	0.643796	0.608504	0.595166	0.621320	0.630559	0.606241	0.640368	0.617234	0.444916	0.458070	0.586524	0.583269	0.628319	0.640238	0.646392	0.463727	0.645780	0.602588	0.610268	0.609078	0.618984	0.623656	0.598157	0.346304	0.410732	0.642857	0.582358	0.644803	0.590288	0.625000	0.638480	0.613557	0.614509	0.583299	0.527731	0.626657	0.554295	0.549342	0.514003	0.456109	0.593103	0.550041	0.575430	0.502165	0.450909	0.635456	0.202960	0.478299	0.642592	0.594347	0.330546	0.636895	0.529313	0.245614	0.311817	0.527731	0.532319	0.499130	0.646512	0.608133	0.570093	0.623197	0.536991	0.225470	0.594014	0.172043	0.544398	0.514480	0.429367	0.598650	0.568488	0.582751	0.626467	0.420760	0.648159	0.647575	0.380952	0.303393	0.616147	0.452316	0.614947	0.345108	0.587605	0.598639	0.481842	0.550937	0.634274	0.229327	0.440183	0.313492	0.626111	0.519711	0.644815	0.535446	0.607687	0.499130	0.470063	0.449091	0.463742	0.545305	0.550204	0.610066	0.075596	0.535839	0.528523	0.470169	0.641764	0.583140	0.636943	0.206751	0.607930	0.428440	0.637363	0.642387	0.504754	0.569157	0.535446	0.539787	0.158180	0.566586	0.511613	0.640366	0.562652	0.475512	0.636743	0.202960	0.391675	0.533473	0.284561	0.618980	0.508997	0.617898	0.437328	0.639300	0.476528	0.430147	0.616593	0.561093	0.368522	0.428440	0.600297	0.279513	0.470063	0.384076	0.366854	0.385565	0.575256	0.610914	0.563200	0.320158	0.528967	0.619081	0.603030	0.620453	0.638241	0.494718	0.403377	0.631362	0.443431	0.615274	0.600299	0.614831	0.344693	0.531197	0.278141	0.538462	0.647700	0.639269	0.587500	0.606375	0.644501	0.187633	0.300000	0.638073	0.575804	0.521565	0.595004	0.628571	0.633264	0.517447	0.598660	0.646093	0.487247	0.646300	0.565705	0.562008	0.300000	0.462230	0.252826	0.426987	0.515959	0.543189	0.471326	0.574766	0.589147	0.632086	0.621234	0.588128	0.639108	0.598775	0.218029	0.625290	0.617176	0.581250	0.583975	0.635588	0.631417	0.320158	0.461538	0.634501	0.640052	0.525510	0.608696	0.463621	0.596677	0.407858	0.435751	0.538012	0.633822	0.384030	0.565947	0.551328	0.297463	0.213863	0.569688	0.601770	0.377863	0.549755	0.602620	0.635891	0.294885	0.214286	0.619150	0.490765	0.464446	0.592873	0.513699	0.633919	0.448683	0.557801	0.125689	0.524618	0.301205	0.582078	0.403756	0.597128	0.535893	0.639628	0.645323	0.604119	0.395853	0.422614	0.632353	0.404494	0.652074	0.642247	0.373206	0.527638	0.651051	0.620262	0.254796	0.458070	0.658339	0.608118	0.402307	0.579886	0.545752	0.146653	0.563403	0.305085	0.373206	0.598784	0.563498	0.633113	0.603230	0.515411	0.052434	0.586873	0.496959	0.380952	0.450909	0.573228	0.484099	0.635492	0.584577	0.371648	0.655324	0.540808	0.639136	0.363811	0.580900	0.538781	0.618060	0.533424	0.634312	0.509905	0.411215	0.561151	0.293173	0.496097	0.477374	0.579528	0.601346	0.380952	0.631195	0.409729	0.261759	0.638857	0.406367	0.467023	0.252826	0.329841	0.640046	0.284561	0.452899	0.409729	0.642363	0.583204	0.631974	0.559284	0.494343	0.349515	0.448869	0.433996	0.325123	0.294885	0.346304	0.559418	0.647707	0.615496	0.607539	0.637400	0.634681	0.497839	0.649047	0.615274	0.544106	0.494323	0.585890	0.630067	0.156182	0.313492	0.491259	0.554923	0.615274	
0.641379	0.584980	0.495258	0.587021	0.613108	0.531483	0.436620	0.029834	0.605898	0.623003	0.626263	0.435430	0.628763	0.609524	0.609418	0.603648	0.529018	0.618762	0.619863	0.587131	0.306727	0.335621	0.579946	0.636522	0.619125	0.118086	0.473637	1.000000	0.614786	0.262056	0.588235	0.627151	0.617747	0.587387	0.347770	0.669014	0.590120	0.323901	0.629310	0.617021	0.562061	0.479630	0.376751	0.226526	0.637584	0.632911	0.362046	0.197359	0.566038	0.195850	0.642978	0.573370	0.239005	0.635659	0.627219	0.532131	0.664207	0.633745	0.640152	0.615616	0.240286	0.575758	0.527964	0.646217	0.499033	0.322349	0.597980	0.623563	0.647173	0.523462	0.634615	0.593443	0.257786	0.568153	0.642633	0.015491	0.635338	0.479186	0.256069	0.573201	0.654412	0.594268	0.655870	0.436782	0.626298	0.470698	0.573551	0.609907	0.488889	0.474301	0.077055	0.654804	0.559719	0.653307	0.498551	0.560479	0.114031	0.668033	0.513393	0.598706	0.633721	0.606557	0.605114	0.038297	0.510081	0.468927	0.543046	0.088896	0.306727	0.653125	0.546835	0.578680	0.564920	0.652079	0.573201	0.459507	0.085113	0.615611	0.354881	0.352556	0.203096	0.290968	0.469274	0.494802	0.036885	0.242780	0.621236	0.478140	0.619632	0.637275	0.240286	0.358428	0.573876	0.619186	0.575000	0.582114	0.159266	0.575305	0.590698	0.490157	0.494312	0.595745	0.577348	0.561358	0.539273	0.465487	0.507553	0.517357	0.443804	0.576923	0.617524	0.316285	0.636785	0.632035	0.350267	0.189503	0.626234	0.598253	0.501511	0.604027	0.192074	0.418495	0.464986	0.405120	0.419152	0.632399	0.628774	0.441781	0.559387	0.602961	0.387329	0.448423	0.583007	0.510638	0.380212	0.168864	0.662879	0.617931	0.542936	0.431948	0.374391	0.474453	0.183367	0.494405	0.339861	0.546135	0.583439	0.502732	0.565111	0.568675	0.581655	0.152884	0.462238	0.608571	0.436782	0.578019	0.504792	0.487155	0.536471	0.574545	0.287086	0.614122	0.546948	0.594181	0.611024	0.219234	0.618321	0.580110	0.589506	0.280501	0.651568	0.601156	0.493634	0.482192	0.635036	0.411674	0.607143	0.117931	0.412308	0.606852	0.505155	0.563380	0.653530	0.232699	0.632689	0.447761	0.339861	0.594595	0.467456	0.607717	0.509284	0.628809	0.452722	0.605769	0.627319	0.159691	0.571809	0.615836	0.609065	0.412993	0.606426	0.473978	0.456637	0.618337	0.593824	0.553550	0.592308	0.548544	0.123820	0.567493	0.574124	0.627737	0.622291	0.399100	0.078747	0.638132	0.576112	0.548753	0.218433	0.479490	0.614887	0.578947	0.636204	0.598513	0.635838	0.645522	0.650869	0.593168	0.315728	0.024558	0.234627	0.628478	0.605166	0.494297	0.584270	0.503539	0.495913	0.576184	0.613546	0.419693	0.385387	0.618056	0.587888	0.650485	0.636364	0.409357	0.577508	0.213577	0.443493	0.628049	0.642066	0.402996	0.487671	0.617647	0.235243	0.575610	0.572804	0.621160	0.565901	0.613281	0.534807	0.638686	0.595661	0.368132	0.606335	0.616052	0.593625	0.583007	0.097800	0.598513	0.140104	0.132741	0.610169	0.607558	0.561446	0.576981	0.598608	0.593443	0.577938	0.611637	0.534247	0.539130	0.627027	0.606186	0.394428	0.625243	0.594796	0.601325	0.564356	0.587444	0.634711	0.097270	0.634146	0.472456	0.504202	0.595136	0.570312	0.496439	0.476190	0.606205	0.451383	0.593103	0.223237	0.610811	0.494970	0.394096	0.632997	0.566929	0.532909	0.669065	0.556054	0.563718	0.257663	0.568019	0.610169	0.556122	0.610778	0.218877	0.603531	0.639252	0.586060	0.592384	0.411171	0.551046	0.334369	0.511135	0.582069	0.509383	0.458443	0.595208	0.586552	0.577406	0.509554	0.393563	0.621810	0.178916	0.521459	0.517423	0.642017	0.537713	0.181450	0.600269	0.631148	0.164074	0.639610	0.529859	0.598726	0.597015	0.243991	0.104792	0.073018	0.263081	0.544516	0.625268	0.592248	0.549811	0.514107	0.567308	0.506739	0.566832	0.618705	0.622642	0.604336	0.613288	0.397635	0.630769	0.603659	0.349693	0.609715	0.106261	0.611765	0.615702	0.563342	0.651540	0.511376	0.492095	0.335411	0.612500	0.626506	0.399093	0.599589	0.453680	0.480605	0.637931	0.632953	0.472325	0.533333	0.088327	0.659091	0.509804	0.542636	0.150279	0.285411	0.584759	0.048860	0.640602	0.587678	0.594828	0.601361	0.262567	0.520990	0.314620	0.592845	0.016896	0.596639	0.628070	0.631130	0.639692	0.571843	0.638838	0.476541	0.293829	0.617711	0.431910	0.613924	0.495468	0.593886	0.615160	0.233203	0.542670	0.227388	0.439966	0.648276	0.601227	0.600000	0.559036	0.671329	0.619048	0.603774	0.587302	0.622601	0.399701	0.618852	0.539043	0.439692	0.587269	0.606285	0.561224	0.117647	0.441980	0.560976	0.623327	0.627049	0.506931	0.609929	0.416212	0.256069	0.651408	0.636971	0.629771	0.163526	0.608295	0.567308	0.590604	0.597561	0.451839	0.570000	0.551813	0.443308	0.530752	0.600694	0.493308	0.550186	0.617089	0.624113	0.564315	0.393275	0.410557	0.571429	0.621670	0.580247	0.567534	
0.600719	0.574150	0.462703	0.593272	0.610245	0.503834	0.429856	0.027209	0.587258	0.624585	0.635088	0.410473	0.620209	0.607261	0.593123	0.614853	0.511468	0.607966	0.650000	0.567867	0.283237	0.310323	0.571429	0.635209	0.634064	0.108120	0.442009	0.614786	1.000000	0.241498	0.546875	0.613226	0.619217	0.629002	0.321733	0.617647	0.590345	0.299328	0.609091	0.589905	0.537349	0.450758	0.349003	0.208422	0.618881	0.622222	0.335157	0.181347	0.560311	0.179949	0.624339	0.595506	0.220027	0.592593	0.654244	0.500579	0.606178	0.614719	0.634921	0.607477	0.221219	0.621005	0.517241	0.636559	0.477228	0.297872	0.611465	0.586310	0.650307	0.494118	0.630000	0.604096	0.237518	0.570302	0.635179	0.014119	0.610236	0.456008	0.235917	0.547315	0.630769	0.585290	0.621277	0.408710	0.646209	0.433873	0.591680	0.604502	0.500000	0.436866	0.070423	0.628253	0.530120	0.652632	0.462908	0.545006	0.104389	0.633621	0.518349	0.599327	0.602410	0.620690	0.602941	0.034940	0.481405	0.484848	0.514739	0.081287	0.283237	0.610390	0.576819	0.562827	0.587952	0.623557	0.549872	0.429856	0.077815	0.586260	0.328418	0.326232	0.186667	0.268493	0.497006	0.488273	0.033649	0.223540	0.609555	0.456708	0.624204	0.614737	0.221219	0.331754	0.618510	0.581325	0.543814	0.622673	0.146094	0.577840	0.605911	0.477823	0.487805	0.574176	0.585714	0.557951	0.537998	0.433996	0.491228	0.508631	0.445820	0.603333	0.564029	0.292188	0.616372	0.625571	0.332880	0.174067	0.583942	0.635945	0.485036	0.632867	0.176449	0.391374	0.468468	0.374233	0.392000	0.605178	0.627087	0.419580	0.553360	0.567455	0.358974	0.421236	0.566802	0.495633	0.350827	0.154965	0.630952	0.579173	0.581662	0.399002	0.346780	0.436567	0.168385	0.488008	0.314304	0.544987	0.562418	0.520763	0.541772	0.523573	0.628842	0.140200	0.442791	0.582840	0.408710	0.572230	0.491803	0.465433	0.525424	0.549313	0.264865	0.622222	0.545894	0.620032	0.638298	0.201646	0.636000	0.580000	0.586538	0.258712	0.621818	0.626263	0.471414	0.504399	0.641221	0.383412	0.579545	0.107977	0.384013	0.614601	0.582418	0.582090	0.601709	0.214161	0.620183	0.430493	0.314304	0.580265	0.464646	0.615385	0.532578	0.575931	0.461538	0.606667	0.625659	0.146487	0.574176	0.580547	0.604106	0.382979	0.641350	0.450570	0.435805	0.593258	0.584383	0.547708	0.608871	0.540000	0.113400	0.575499	0.562674	0.660305	0.601286	0.372804	0.071974	0.612245	0.600496	0.487179	0.200902	0.445480	0.629630	0.563307	0.616514	0.645914	0.642424	0.609375	0.600985	0.603226	0.291667	0.022392	0.215954	0.596252	0.644788	0.459144	0.563953	0.478756	0.518950	0.560106	0.652720	0.401646	0.357143	0.630435	0.600306	0.606061	0.596091	0.452830	0.611987	0.196393	0.419580	0.594937	0.640927	0.373760	0.516129	0.637168	0.216527	0.569948	0.532838	0.601423	0.550436	0.655738	0.513053	0.629771	0.621118	0.342179	0.597809	0.640732	0.644351	0.577598	0.089465	0.645914	0.128407	0.121618	0.647321	0.602410	0.535980	0.579845	0.594595	0.617747	0.543210	0.573427	0.518779	0.506696	0.632768	0.637744	0.365672	0.627291	0.551724	0.566347	0.553571	0.611374	0.640275	0.088978	0.605753	0.450812	0.493534	0.610370	0.561828	0.488008	0.480480	0.597468	0.435734	0.573466	0.205365	0.581006	0.463918	0.368144	0.621053	0.571816	0.498911	0.620301	0.529954	0.594090	0.237403	0.612658	0.635108	0.565217	0.637317	0.201315	0.611018	0.622309	0.594993	0.581022	0.385771	0.544994	0.309148	0.504897	0.579173	0.538682	0.430742	0.564369	0.589630	0.582973	0.496732	0.364855	0.599509	0.164264	0.506608	0.498375	0.616462	0.538847	0.166610	0.595271	0.629310	0.150538	0.611486	0.501672	0.617450	0.591331	0.224668	0.095890	0.066721	0.242454	0.537949	0.632054	0.608696	0.543563	0.493033	0.581633	0.518732	0.538265	0.639098	0.664032	0.579832	0.611012	0.368698	0.633065	0.610759	0.377483	0.603839	0.097242	0.594512	0.621739	0.565460	0.590219	0.507230	0.473684	0.310127	0.627193	0.632911	0.375674	0.613391	0.429708	0.460794	0.609091	0.617997	0.456604	0.515366	0.080765	0.630952	0.481928	0.562667	0.137795	0.263299	0.584814	0.044598	0.589704	0.603015	0.618182	0.573840	0.241975	0.499448	0.290629	0.639432	0.015401	0.585507	0.622711	0.615730	0.642424	0.613534	0.595825	0.447789	0.271168	0.615034	0.402629	0.605263	0.476780	0.640553	0.604230	0.214630	0.512360	0.209223	0.414739	0.622302	0.649462	0.622291	0.588235	0.642336	0.628352	0.595489	0.576503	0.606742	0.373476	0.637931	0.557641	0.422707	0.630670	0.638298	0.548913	0.107716	0.419861	0.590674	0.653307	0.637931	0.482759	0.578561	0.387609	0.235917	0.591912	0.640000	0.644000	0.150031	0.604878	0.607143	0.595745	0.604430	0.429338	0.548969	0.561497	0.421236	0.519906	0.634058	0.469667	0.546616	0.598684	0.618519	0.580830	0.364583	0.447950	0.595533	0.630798	0.612179	0.556833	
0.296897	0.423043	0.508929	0.372093	0.205231	0.512235	0.559034	0.182525	0.418399	0.333489	0.308203	0.580242	0.311406	0.336597	0.402325	0.315392	0.492742	0.230159	0.300143	0.419284	0.637504	0.628608	0.414558	0.292823	0.326454	0.522484	0.558087	0.262056	0.241498	1.000000	0.144566	0.249264	0.301761	0.276329	0.619203	0.287086	0.419611	0.634761	0.197069	0.358030	0.472773	0.547206	0.612980	0.637018	0.309806	0.206134	0.616461	0.625324	0.443290	0.608634	0.305793	0.409596	0.627191	0.348148	0.235410	0.490425	0.265435	0.216892	0.253549	0.364053	0.637720	0.195245	0.489830	0.219561	0.539035	0.628769	0.224876	0.386251	0.240631	0.513339	0.331931	0.320941	0.644642	0.436522	0.342778	0.098441	0.256961	0.556240	0.640487	0.449806	0.267120	0.361800	0.223992	0.586901	0.295270	0.553668	0.369287	0.348913	0.097067	0.566311	0.414735	0.282138	0.471085	0.228401	0.534902	0.461277	0.506337	0.218672	0.489423	0.327239	0.380390	0.218672	0.390266	0.229262	0.528121	0.090958	0.502272	0.440597	0.633833	0.344316	0.131937	0.441164	0.174002	0.190669	0.448944	0.562806	0.441297	0.373747	0.617618	0.624137	0.619116	0.641498	0.095035	0.517562	0.221601	0.638435	0.337372	0.549807	0.353484	0.228401	0.643580	0.620690	0.199798	0.378575	0.447516	0.324883	0.592683	0.411190	0.165553	0.534966	0.516519	0.416409	0.403752	0.427006	0.470439	0.562571	0.529506	0.485880	0.083781	0.331931	0.401074	0.631219	0.349676	0.195245	0.595151	0.609554	0.392986	0.191586	0.527113	0.309806	0.622335	0.596202	0.094017	0.613437	0.590176	0.345851	0.282964	0.571003	0.436902	0.416298	0.614325	0.576637	0.426316	0.505092	0.617065	0.607956	0.253549	0.401786	0.404113	0.582057	0.616531	0.559173	0.621713	0.522018	0.635249	0.445404	0.438261	0.495473	0.449979	0.465672	0.181448	0.585221	0.548585	0.386456	0.586901	0.411190	0.508557	0.547155	0.467653	0.457265	0.646798	0.320151	0.473173	0.354244	0.340465	0.623835	0.250123	0.403752	0.350439	0.635596	0.292006	0.245821	0.534700	0.102128	0.270480	0.605609	0.403923	0.523614	0.598934	0.323308	0.125066	0.161772	0.320151	0.633917	0.287908	0.562924	0.624274	0.391344	0.537762	0.330370	0.114165	0.402325	0.085837	0.331931	0.307400	0.610156	0.419056	0.375057	0.390815	0.588319	0.227521	0.544963	0.569376	0.201613	0.157025	0.459506	0.246683	0.458316	0.531058	0.403391	0.412938	0.270480	0.348913	0.596208	0.417635	0.241498	0.162719	0.485607	0.640523	0.558193	0.327239	0.445309	0.287908	0.262056	0.245821	0.260361	0.338920	0.347383	0.641193	0.152335	0.635504	0.321731	0.265435	0.539930	0.393354	0.523962	0.104145	0.436411	0.231036	0.586057	0.605977	0.293639	0.371350	0.327239	0.342778	0.078621	0.358030	0.639564	0.571748	0.356518	0.265435	0.607018	0.102128	0.207936	0.643872	0.146494	0.465473	0.301761	0.460290	0.239763	0.494215	0.270480	0.235410	0.607203	0.361800	0.194332	0.231036	0.426316	0.470068	0.262056	0.572549	0.567888	0.204328	0.378575	0.466525	0.366300	0.166495	0.320941	0.465730	0.412600	0.482643	0.504312	0.276329	0.216000	0.602292	0.242365	0.451335	0.421145	0.449419	0.180520	0.316981	0.486233	0.324883	0.549884	0.516417	0.386631	0.430136	0.518014	0.094017	0.155119	0.558422	0.405357	0.633885	0.415078	0.530092	0.604181	0.308203	0.423364	0.512007	0.277161	0.489406	0.364803	0.645573	0.155119	0.256109	0.128998	0.230159	0.633778	0.331151	0.259512	0.391344	0.392086	0.584165	0.453608	0.615237	0.506916	0.401786	0.110169	0.573363	0.444541	0.387534	0.399642	0.506309	0.610687	0.166495	0.621849	0.504291	0.513404	0.309005	0.460419	0.625893	0.418069	0.218672	0.601168	0.325669	0.498358	0.203424	0.367048	0.640860	0.504136	0.398964	0.642697	0.434934	0.199798	0.348148	0.440208	0.514563	0.152253	0.108165	0.451141	0.277161	0.255257	0.411895	0.302569	0.599024	0.246683	0.356518	0.061923	0.310606	0.499544	0.372665	0.215108	0.412051	0.326454	0.501231	0.523941	0.621994	0.211529	0.227521	0.598309	0.217782	0.576779	0.545101	0.197069	0.323308	0.554829	0.475472	0.445964	0.253549	0.532544	0.435125	0.578214	0.640000	0.346617	0.284848	0.363303	0.157976	0.197069	0.411556	0.641414	0.502455	0.641860	0.302569	0.106967	0.396590	0.288729	0.201613	0.245821	0.381125	0.272991	0.553420	0.632995	0.196158	0.587808	0.338146	0.524721	0.191586	0.378919	0.639979	0.499794	0.651379	0.585366	0.296897	0.219561	0.367048	0.151295	0.290369	0.268802	0.381125	0.425363	0.201613	0.603297	0.218672	0.133891	0.570045	0.217782	0.264591	0.128998	0.522996	0.573874	0.146494	0.249264	0.218672	0.531485	0.392793	0.601858	0.634403	0.287086	0.183299	0.250123	0.605619	0.169318	0.152253	0.181448	0.356518	0.566052	0.446652	0.433756	0.566220	0.480568	0.293639	0.540414	0.450474	0.338146	0.283790	0.403038	0.603538	0.077586	0.162719	0.282964	0.350439	0.449612	
0.515556	0.426073	0.336996	0.470803	0.530612	0.344486	0.276342	0.015528	0.438312	0.508065	0.538793	0.257885	0.495726	0.500000	0.452703	0.503171	0.362924	0.587601	0.546256	0.435065	0.171182	0.188730	0.434211	0.557303	0.505133	0.062811	0.281092	0.588235	0.546875	0.144566	1.000000	0.549618	0.517544	0.522353	0.196189	0.570776	0.439418	0.181581	0.634731	0.492424	0.383978	0.292632	0.214176	0.123831	0.532189	0.569767	0.205015	0.107088	0.415038	0.106229	0.529284	0.448845	0.131070	0.497087	0.604775	0.361955	0.553398	0.584270	0.567839	0.485075	0.131816	0.566265	0.363874	0.607242	0.307522	0.180637	0.542466	0.462898	0.563969	0.335344	0.518219	0.500000	0.142054	0.421374	0.527559	0.008035	0.572139	0.292324	0.141045	0.408284	0.560386	0.491557	0.615385	0.255515	0.540179	0.294180	0.467772	0.507752	0.565217	0.283963	0.040572	0.546296	0.383978	0.574526	0.307182	0.394326	0.060593	0.592179	0.357702	0.479508	0.483871	0.603352	0.459930	0.019974	0.322506	0.616071	0.358247	0.046944	0.171182	0.505882	0.581132	0.410334	0.569579	0.654434	0.408284	0.276342	0.044904	0.491803	0.200577	0.199140	0.110361	0.161722	0.543860	0.334135	0.019231	0.133269	0.495010	0.294180	0.517241	0.585366	0.131816	0.202772	0.569733	0.455197	0.411940	0.523711	0.085591	0.441516	0.586667	0.313770	0.332139	0.437299	0.437710	0.415094	0.378976	0.278000	0.322132	0.364351	0.589862	0.485830	0.465195	0.176957	0.491296	0.644578	0.203514	0.102621	0.469775	0.579268	0.322132	0.532189	0.104081	0.242583	0.572687	0.232053	0.243007	0.503906	0.545035	0.267823	0.401225	0.450245	0.220810	0.266539	0.425197	0.343210	0.216342	0.090969	0.618090	0.457143	0.432432	0.253418	0.212701	0.287785	0.099144	0.325909	0.191328	0.404762	0.424427	0.351592	0.400585	0.394286	0.567823	0.082030	0.286894	0.463158	0.255515	0.431631	0.343634	0.301846	0.380556	0.400000	0.159404	0.496868	0.385042	0.489484	0.487129	0.119621	0.563452	0.441077	0.498069	0.155481	0.549550	0.560411	0.312009	0.544681	0.559809	0.237201	0.454849	0.062726	0.237607	0.509317	0.558140	0.601351	0.526096	0.127406	0.555809	0.275520	0.191328	0.464223	0.314480	0.516260	0.558704	0.459459	0.520548	0.489879	0.539957	0.085829	0.427653	0.481884	0.454861	0.239037	0.581522	0.293869	0.278000	0.619469	0.597938	0.393723	0.528205	0.391931	0.065955	0.453020	0.447712	0.564593	0.484496	0.231089	0.041480	0.593750	0.585859	0.364362	0.119160	0.287487	0.520492	0.416168	0.546697	0.549020	0.596401	0.600985	0.516899	0.474708	0.176620	0.012766	0.128525	0.523909	0.548544	0.301518	0.446735	0.323632	0.607595	0.417819	0.559140	0.250676	0.219589	0.515695	0.471664	0.483607	0.511811	0.518868	0.469697	0.116367	0.267823	0.501901	0.558252	0.230705	0.578723	0.554913	0.128883	0.607143	0.396576	0.543860	0.395983	0.570681	0.358710	0.564593	0.567639	0.209653	0.480300	0.598187	0.569892	0.428346	0.051759	0.549020	0.074933	0.070864	0.590643	0.473118	0.394286	0.467532	0.611296	0.504167	0.392045	0.446634	0.372654	0.351899	0.512941	0.563380	0.225284	0.576623	0.410635	0.435200	0.404130	0.569620	0.551579	0.051472	0.511340	0.295430	0.338200	0.471002	0.420063	0.325909	0.634361	0.629758	0.280525	0.460504	0.121930	0.449180	0.321759	0.226939	0.504310	0.433544	0.342365	0.563380	0.364829	0.472998	0.141982	0.581315	0.578554	0.610687	0.549865	0.119416	0.503043	0.528395	0.464223	0.452504	0.239862	0.398243	0.187965	0.341943	0.447059	0.576132	0.274432	0.416290	0.460457	0.449744	0.342365	0.224737	0.631229	0.096628	0.346633	0.340269	0.537634	0.393064	0.098060	0.446982	0.631285	0.088282	0.514403	0.351454	0.580645	0.481481	0.133976	0.055556	0.038408	0.145170	0.412403	0.611276	0.493204	0.407240	0.336155	0.608392	0.614108	0.407080	0.549296	0.555000	0.444079	0.525164	0.227310	0.543590	0.486692	0.500000	0.505353	0.056355	0.476364	0.581921	0.434641	0.537988	0.350567	0.315193	0.188602	0.605714	0.581522	0.233026	0.571429	0.271220	0.299892	0.610778	0.538302	0.291405	0.372973	0.046636	0.572864	0.312360	0.422360	0.080580	0.158405	0.487329	0.025549	0.478505	0.643836	0.556886	0.449587	0.144867	0.347935	0.175949	0.494530	0.008767	0.445205	0.500000	0.595870	0.601542	0.461538	0.532067	0.290491	0.163433	0.612613	0.250225	0.486056	0.322132	0.518293	0.478417	0.127699	0.354592	0.124329	0.262017	0.537778	0.568245	0.462963	0.561404	0.561086	0.533654	0.461538	0.440895	0.613569	0.230514	0.592179	0.599251	0.267565	0.560224	0.559611	0.648855	0.062570	0.266795	0.614286	0.559796	0.592179	0.315909	0.473043	0.241110	0.141045	0.538813	0.639498	0.573604	0.087975	0.578947	0.566434	0.605678	0.494297	0.274704	0.408955	0.420561	0.266539	0.371658	0.520179	0.303493	0.407681	0.501992	0.520737	0.451939	0.224556	0.549763	0.579125	0.563510	0.474903	0.404727	
0.644248	0.575269	0.488223	0.594268	0.620087	0.501085	0.442462	0.028194	0.580027	0.608838	0.628670	0.419111	0.620926	0.611382	0.594059	0.605442	0.538025	0.641975	0.632689	0.563611	0.292122	0.319899	0.591978	0.625000	0.598007	0.111870	0.449275	0.627151	0.613226	0.249264	0.549618	1.000000	0.626970	0.666667	0.331593	0.607595	0.580381	0.308627	0.583519	0.575428	0.543504	0.450704	0.359519	0.215254	0.612737	0.627451	0.345343	0.187385	0.561538	0.185944	0.649306	0.574202	0.227191	0.596825	0.642276	0.516055	0.626186	0.632696	0.592593	0.605223	0.228417	0.617450	0.527873	0.624473	0.478901	0.307134	0.641667	0.599119	0.666667	0.497881	0.620690	0.645378	0.245174	0.581818	0.603531	0.014633	0.634429	0.461538	0.243528	0.568900	0.646503	0.598765	0.651357	0.408978	0.635879	0.443396	0.589666	0.608558	0.504348	0.442413	0.072915	0.625229	0.548272	0.628099	0.476471	0.558537	0.108016	0.638478	0.526674	0.606965	0.585438	0.638478	0.597968	0.036200	0.479017	0.477876	0.520763	0.084148	0.292122	0.608000	0.552632	0.576973	0.613208	0.624434	0.551201	0.437110	0.080558	0.611446	0.338441	0.336201	0.192863	0.276990	0.483965	0.500528	0.034864	0.230804	0.600649	0.467925	0.605965	0.599174	0.228417	0.341857	0.610619	0.609212	0.537580	0.620000	0.151056	0.587258	0.607229	0.483516	0.495798	0.578019	0.583921	0.577896	0.534606	0.446637	0.490798	0.521640	0.433735	0.614122	0.559659	0.301305	0.607595	0.612975	0.343011	0.179887	0.579251	0.632054	0.490798	0.616179	0.182340	0.398097	0.485380	0.382331	0.400318	0.599681	0.656934	0.435386	0.575521	0.557692	0.368268	0.430052	0.578667	0.505946	0.361429	0.160202	0.619883	0.585915	0.571429	0.404290	0.357243	0.455134	0.174032	0.491736	0.322704	0.559085	0.566234	0.508889	0.563204	0.520245	0.625000	0.144977	0.457565	0.601460	0.412303	0.576177	0.502165	0.467181	0.538922	0.565432	0.273265	0.626263	0.537634	0.611285	0.619355	0.208282	0.652259	0.581100	0.622433	0.266947	0.647585	0.638889	0.475149	0.520000	0.626642	0.391608	0.603086	0.111722	0.395331	0.622074	0.536193	0.613139	0.575758	0.221158	0.592058	0.439502	0.323980	0.566860	0.472472	0.626030	0.519337	0.568600	0.467066	0.633826	0.608997	0.151461	0.586160	0.560720	0.602026	0.392801	0.596273	0.461828	0.441256	0.599119	0.571429	0.549020	0.645545	0.546354	0.117321	0.593530	0.594223	0.649156	0.633914	0.383915	0.074520	0.657315	0.601942	0.514418	0.207516	0.447320	0.630182	0.554278	0.635379	0.627151	0.630952	0.614203	0.637540	0.610493	0.300770	0.023205	0.223003	0.600671	0.629981	0.459016	0.568149	0.496920	0.511364	0.577023	0.624230	0.405229	0.367849	0.638146	0.601208	0.597015	0.590690	0.440367	0.603421	0.202875	0.423244	0.602184	0.641366	0.384848	0.520000	0.642082	0.223592	0.572152	0.529412	0.602452	0.549261	0.663984	0.516854	0.622889	0.646341	0.352533	0.601852	0.614350	0.620123	0.570667	0.092599	0.627151	0.132810	0.125805	0.630197	0.585438	0.527607	0.608563	0.620192	0.601681	0.542125	0.580110	0.536585	0.517127	0.633333	0.629787	0.376575	0.636000	0.542929	0.572973	0.577554	0.640371	0.630508	0.092096	0.616667	0.473485	0.503735	0.593567	0.589641	0.500000	0.485380	0.613861	0.444846	0.577465	0.212109	0.576552	0.461696	0.379104	0.621762	0.583668	0.513484	0.598891	0.529076	0.585890	0.245055	0.599010	0.620155	0.541114	0.662551	0.207941	0.595395	0.634615	0.569767	0.579251	0.395604	0.553885	0.318695	0.502155	0.591549	0.519553	0.437943	0.565553	0.587719	0.595442	0.515642	0.375740	0.600962	0.169786	0.514722	0.500000	0.631034	0.535316	0.172203	0.590659	0.630021	0.155637	0.635607	0.518764	0.635965	0.607634	0.231963	0.099238	0.069087	0.250246	0.560526	0.646018	0.600000	0.550129	0.496815	0.613466	0.522472	0.559899	0.639556	0.636893	0.564315	0.639860	0.379671	0.649505	0.617785	0.366559	0.597938	0.100634	0.586466	0.631130	0.572215	0.584718	0.495595	0.485456	0.319698	0.645161	0.625259	0.386850	0.648305	0.438596	0.476008	0.596882	0.618729	0.465856	0.535673	0.083608	0.631579	0.485572	0.561265	0.142496	0.271658	0.592357	0.046199	0.596923	0.584767	0.605791	0.580556	0.249754	0.522976	0.299705	0.632867	0.015962	0.606581	0.619820	0.581498	0.634921	0.611276	0.608209	0.455224	0.279736	0.607143	0.414356	0.619125	0.490798	0.613995	0.616990	0.221640	0.491657	0.216078	0.421769	0.626549	0.637131	0.601527	0.580000	0.588869	0.647834	0.587537	0.556005	0.603524	0.384557	0.617336	0.565445	0.436742	0.648305	0.646388	0.567639	0.111452	0.425238	0.587342	0.622047	0.630021	0.488442	0.579710	0.397476	0.243528	0.618445	0.612903	0.636542	0.155115	0.620525	0.578554	0.606481	0.620905	0.441881	0.557962	0.568032	0.430052	0.542294	0.641711	0.477207	0.553030	0.622366	0.633880	0.584746	0.375462	0.429448	0.587379	0.624088	0.600316	0.560606	
0.605096	0.617100	0.511535	0.639118	0.602687	0.556345	0.503378	0.035064	0.612091	0.635015	0.657321	0.490446	0.631579	0.640118	0.607792	0.642089	0.578390	0.612022	0.664557	0.609572	0.351831	0.382798	0.590331	0.645265	0.628571	0.137706	0.508997	0.617747	0.619217	0.301761	0.517544	0.626970	1.000000	0.626866	0.396238	0.603896	0.632371	0.370977	0.589844	0.597734	0.583149	0.500000	0.426829	0.261659	0.618012	0.586207	0.409387	0.228551	0.609727	0.226834	0.635368	0.627551	0.275772	0.620491	0.623423	0.571123	0.606780	0.602996	0.607639	0.613445	0.277219	0.607843	0.575372	0.610801	0.547135	0.369249	0.600368	0.637097	0.641711	0.550149	0.630952	0.638298	0.296956	0.621849	0.635569	0.018230	0.631034	0.522586	0.295021	0.587822	0.631757	0.618847	0.619926	0.475513	0.642173	0.495102	0.626907	0.639769	0.431373	0.503025	0.090185	0.626230	0.587583	0.617916	0.537396	0.588901	0.133026	0.608209	0.563559	0.642643	0.619565	0.615672	0.625000	0.044977	0.542308	0.407960	0.549266	0.103934	0.349612	0.651163	0.505643	0.607656	0.570842	0.574257	0.604215	0.494932	0.099545	0.632737	0.402813	0.401525	0.235076	0.334212	0.428571	0.546535	0.043324	0.280035	0.639175	0.523598	0.631429	0.592322	0.277219	0.408005	0.609709	0.627717	0.584906	0.654600	0.185055	0.606369	0.569038	0.543233	0.553695	0.622500	0.621762	0.599509	0.579356	0.500849	0.545629	0.571732	0.394937	0.627976	0.599739	0.362493	0.624460	0.580392	0.401554	0.219605	0.626156	0.604743	0.549472	0.633540	0.222534	0.459215	0.429630	0.450581	0.459909	0.611594	0.644845	0.498355	0.616125	0.604298	0.435630	0.491400	0.617466	0.564777	0.425154	0.196042	0.600694	0.602846	0.612987	0.454902	0.424242	0.508741	0.212609	0.547042	0.385040	0.602353	0.607443	0.562825	0.596288	0.553531	0.589899	0.177740	0.514385	0.625668	0.477093	0.619108	0.557244	0.524113	0.585746	0.595647	0.329865	0.642314	0.593333	0.650499	0.635432	0.253397	0.639860	0.639896	0.620690	0.322482	0.633441	0.624339	0.538821	0.450363	0.640940	0.456296	0.618557	0.137527	0.465875	0.644478	0.509174	0.561181	0.608828	0.268644	0.602917	0.498736	0.386266	0.607190	0.534840	0.629851	0.484706	0.600000	0.403023	0.645833	0.630265	0.185543	0.615000	0.619178	0.631300	0.454884	0.608059	0.519573	0.507640	0.568665	0.545842	0.584755	0.637324	0.594037	0.144321	0.614987	0.627848	0.617450	0.622478	0.451846	0.092151	0.619217	0.555789	0.546237	0.252489	0.510044	0.648649	0.593381	0.628849	0.631399	0.603175	0.616438	0.619677	0.627168	0.361872	0.028877	0.270824	0.619120	0.640678	0.518182	0.605263	0.541948	0.453012	0.615199	0.621818	0.469308	0.434903	0.625000	0.631724	0.624625	0.618076	0.374359	0.634561	0.246981	0.493421	0.622159	0.640678	0.451193	0.450363	0.618321	0.271520	0.532751	0.582480	0.624606	0.598857	0.639286	0.572928	0.620805	0.616216	0.414894	0.616034	0.585462	0.618182	0.605166	0.114255	0.631399	0.163066	0.154596	0.615385	0.619565	0.583144	0.619247	0.563674	0.626140	0.578231	0.607370	0.580087	0.557851	0.626866	0.622889	0.441926	0.618117	0.573099	0.622665	0.607477	0.595142	0.627871	0.113640	0.621418	0.520107	0.546000	0.618474	0.620098	0.556741	0.429630	0.543897	0.508127	0.602846	0.257933	0.604061	0.514395	0.444761	0.635514	0.619753	0.557576	0.605960	0.576596	0.618182	0.296816	0.561028	0.625216	0.500000	0.630237	0.252993	0.637854	0.620926	0.620506	0.626156	0.466717	0.592334	0.374170	0.554995	0.615783	0.465558	0.497061	0.599287	0.618474	0.603922	0.567677	0.440989	0.559499	0.207529	0.563265	0.558794	0.637636	0.586207	0.210422	0.629583	0.600746	0.190562	0.632530	0.553148	0.608863	0.610028	0.281403	0.122347	0.085491	0.302914	0.595383	0.594175	0.634921	0.601665	0.557214	0.547414	0.463007	0.586449	0.629139	0.629758	0.605598	0.645669	0.446824	0.630282	0.627841	0.304813	0.641860	0.124046	0.631868	0.635338	0.612658	0.616541	0.556128	0.532075	0.383777	0.602273	0.622711	0.452225	0.620561	0.503741	0.526697	0.593750	0.638427	0.522968	0.577342	0.103274	0.631944	0.558052	0.603406	0.174752	0.327988	0.625181	0.057329	0.617111	0.570213	0.578125	0.620690	0.302337	0.562948	0.360637	0.636220	0.019881	0.611549	0.621359	0.568665	0.603175	0.618725	0.617696	0.511013	0.337414	0.594912	0.480993	0.635294	0.536023	0.600791	0.637602	0.269214	0.557173	0.262635	0.482647	0.621019	0.618250	0.640669	0.552916	0.619355	0.643098	0.618725	0.609453	0.595745	0.445087	0.623134	0.530337	0.493016	0.609346	0.634975	0.513636	0.137200	0.480328	0.541485	0.619965	0.611940	0.538752	0.605578	0.461307	0.295021	0.600649	0.575453	0.632867	0.189934	0.568465	0.543103	0.589899	0.639205	0.505882	0.587264	0.597561	0.489762	0.587473	0.637821	0.537477	0.596491	0.626471	0.637255	0.617380	0.440678	0.370180	0.581053	0.635025	0.620690	0.608187	
0.606365	0.592784	0.501035	0.612950	0.591837	0.536688	0.477016	0.031690	0.595020	0.615863	0.631751	0.450612	0.624390	0.633694	0.600812	0.648387	0.562979	0.621622	0.622296	0.579292	0.322981	0.353086	0.603974	0.628378	0.627760	0.125082	0.482394	0.587387	0.629002	0.276329	0.522353	0.666667	0.626866	1.000000	0.365729	0.581197	0.618799	0.340882	0.553015	0.551111	0.555683	0.470374	0.394464	0.239130	0.606852	0.586558	0.379242	0.208531	0.596059	0.206946	0.644737	0.602922	0.252205	0.604230	0.618321	0.539823	0.579606	0.592445	0.579817	0.617862	0.253546	0.626305	0.566411	0.608696	0.502379	0.339265	0.632812	0.608696	0.630189	0.530738	0.627145	0.650718	0.271863	0.600998	0.625954	0.016462	0.622951	0.484517	0.270066	0.592953	0.620321	0.632353	0.594912	0.435628	0.628571	0.467033	0.628986	0.633484	0.445623	0.472469	0.081726	0.621762	0.560276	0.600775	0.501901	0.584507	0.120803	0.598020	0.556407	0.611024	0.612766	0.637624	0.621359	0.040668	0.519326	0.420485	0.535211	0.094249	0.322981	0.624049	0.529126	0.588820	0.614035	0.586498	0.568651	0.468343	0.090249	0.614943	0.373125	0.369410	0.214554	0.306538	0.464000	0.535240	0.039170	0.256158	0.620370	0.489011	0.612855	0.573643	0.253546	0.376812	0.615702	0.621277	0.541004	0.639241	0.168483	0.607427	0.590604	0.515005	0.532520	0.603381	0.618084	0.597701	0.563218	0.472537	0.524752	0.547253	0.395604	0.636505	0.554348	0.332945	0.602410	0.584551	0.376735	0.200280	0.595041	0.606316	0.518812	0.629690	0.202981	0.433101	0.449198	0.420818	0.436871	0.600910	0.655172	0.467511	0.600000	0.576316	0.405405	0.460504	0.590793	0.541275	0.398045	0.178583	0.590826	0.587601	0.608931	0.427653	0.393398	0.486972	0.193833	0.528000	0.352500	0.586081	0.600998	0.549356	0.575211	0.521842	0.586207	0.161765	0.491039	0.613668	0.446964	0.591512	0.539749	0.503745	0.583622	0.589074	0.302485	0.626198	0.568470	0.647761	0.619632	0.231485	0.658041	0.601889	0.634586	0.295607	0.612521	0.634328	0.512524	0.486911	0.633628	0.429113	0.606711	0.124918	0.431283	0.641270	0.538272	0.591422	0.571885	0.245599	0.576792	0.475779	0.357500	0.591667	0.510184	0.647887	0.487310	0.587280	0.431694	0.636505	0.600000	0.168931	0.608583	0.560801	0.616874	0.429008	0.598058	0.497713	0.477768	0.563786	0.543379	0.577830	0.651769	0.575505	0.131133	0.632571	0.598155	0.644248	0.633484	0.419259	0.083516	0.606403	0.594595	0.527253	0.230645	0.477558	0.651969	0.579141	0.645051	0.648649	0.623134	0.589512	0.615385	0.611195	0.332365	0.026090	0.247619	0.595541	0.629696	0.486436	0.606310	0.518887	0.463542	0.604010	0.628131	0.447452	0.403397	0.620573	0.628242	0.611024	0.595420	0.401114	0.645926	0.225552	0.467511	0.615156	0.651163	0.421598	0.486911	0.620690	0.248264	0.524590	0.549528	0.590381	0.582938	0.631380	0.553145	0.630088	0.641221	0.388323	0.611765	0.594142	0.628131	0.598465	0.103661	0.648649	0.148302	0.140541	0.625767	0.601418	0.552538	0.635569	0.598214	0.644338	0.561692	0.597884	0.564390	0.531483	0.643357	0.617530	0.414193	0.635338	0.550971	0.590674	0.586667	0.604752	0.633441	0.103100	0.598101	0.494485	0.532508	0.620112	0.606369	0.526000	0.443850	0.541284	0.483304	0.592992	0.235682	0.605020	0.482690	0.413994	0.625205	0.613607	0.535975	0.600349	0.552255	0.622807	0.271734	0.564220	0.635036	0.528117	0.640927	0.231111	0.628125	0.608696	0.594444	0.614325	0.428790	0.578313	0.348093	0.533333	0.598383	0.492308	0.474138	0.585185	0.625698	0.615804	0.548488	0.407514	0.553571	0.189153	0.539515	0.533195	0.611111	0.576877	0.191818	0.605263	0.578218	0.173544	0.622433	0.537313	0.627049	0.631732	0.257426	0.111046	0.077454	0.277401	0.583333	0.590909	0.619335	0.587654	0.525667	0.549654	0.484536	0.569697	0.663176	0.632541	0.572185	0.632450	0.411679	0.636872	0.635958	0.332362	0.641694	0.112598	0.625538	0.626747	0.600791	0.567823	0.548936	0.522838	0.352869	0.639839	0.621359	0.420896	0.630952	0.469283	0.502793	0.561331	0.606349	0.495913	0.561443	0.093648	0.620183	0.522662	0.723135	0.159021	0.300736	0.603030	0.051868	0.615836	0.560364	0.611227	0.598404	0.276864	0.547569	0.331210	0.658940	0.017955	0.626539	0.630324	0.572016	0.630597	0.637394	0.577465	0.474638	0.309524	0.587500	0.453100	0.640986	0.524752	0.627368	0.625889	0.246127	0.511278	0.240034	0.453642	0.636516	0.660079	0.628821	0.578704	0.590832	0.639432	0.603399	0.587322	0.559671	0.416851	0.641584	0.526570	0.470489	0.630952	0.652330	0.498778	0.124619	0.457527	0.562061	0.637037	0.609901	0.527751	0.584488	0.433846	0.270066	0.598291	0.575107	0.624769	0.172966	0.594235	0.563510	0.599138	0.653789	0.476273	0.587515	0.598226	0.460504	0.567598	0.654300	0.507996	0.584951	0.631741	0.640275	0.613514	0.410108	0.402235	0.590090	0.662069	0.637594	0.587379	
0.388924	0.514706	0.558733	0.467101	0.275304	0.564234	0.620047	0.134230	0.504843	0.424465	0.401747	0.629680	0.403236	0.431971	0.480647	0.411911	0.571129	0.307285	0.395480	0.507123	0.640608	0.633997	0.502576	0.383838	0.420664	0.438814	0.623120	0.347770	0.321733	0.619203	0.196189	0.331593	0.396238	0.365729	1.000000	0.376665	0.511945	0.642697	0.264766	0.443911	0.550725	0.570608	0.640952	0.590426	0.402492	0.276467	0.642084	0.554217	0.529933	0.582002	0.397500	0.495129	0.606135	0.441354	0.313984	0.565401	0.352031	0.290301	0.337020	0.456119	0.580665	0.262407	0.566474	0.293725	0.598140	0.650485	0.300532	0.478592	0.320631	0.576220	0.426209	0.421248	0.616925	0.525084	0.437158	0.071519	0.341337	0.588517	0.625723	0.526722	0.354153	0.460526	0.299401	0.607095	0.389414	0.576775	0.467301	0.438671	0.132944	0.593957	0.319860	0.371738	0.549651	0.305040	0.598826	0.554230	0.438275	0.292585	0.578478	0.421635	0.464349	0.292585	0.476357	0.169755	0.589705	0.124725	0.560836	0.360572	0.627579	0.437841	0.179487	0.523094	0.234807	0.256480	0.520110	0.619114	0.348704	0.462085	0.648713	0.628008	0.588300	0.631910	0.130212	0.593607	0.163899	0.589147	0.432927	0.619962	0.445515	0.305040	0.615148	0.650996	0.268293	0.476134	0.509674	0.424877	0.535218	0.501718	0.223767	0.596543	0.591093	0.507666	0.498557	0.517183	0.557465	0.607761	0.596404	0.570978	0.115044	0.429884	0.479167	0.625092	0.437198	0.262407	0.644311	0.573285	0.477299	0.257669	0.591409	0.406231	0.583202	0.625821	0.128843	0.628156	0.632501	0.437311	0.371501	0.627469	0.525670	0.488584	0.648040	0.604033	0.512965	0.576706	0.624587	0.532062	0.337020	0.484429	0.497978	0.600179	0.645135	0.618527	0.540705	0.604418	0.604938	0.537824	0.522854	0.580042	0.539770	0.511147	0.244505	0.526060	0.619545	0.478642	0.620566	0.507446	0.583162	0.600971	0.554061	0.543075	0.629899	0.419036	0.551316	0.451264	0.437956	0.608721	0.332681	0.492787	0.450211	0.873249	0.385344	0.327225	0.600000	0.139738	0.357097	0.631761	0.499712	0.444444	0.639238	0.418002	0.170365	0.218815	0.412855	0.601024	0.377693	0.632216	0.652778	0.464953	0.603065	0.426732	0.155844	0.491046	0.117820	0.429884	0.397004	0.540429	0.513345	0.455352	0.489796	0.629887	0.303915	0.616787	0.617111	0.270636	0.212587	0.547826	0.328319	0.541189	0.460590	0.501441	0.509423	0.358382	0.443505	0.650726	0.325979	0.321733	0.220056	0.540455	0.594470	0.598291	0.421635	0.524626	0.378961	0.347770	0.327225	0.345631	0.428745	0.439201	0.633985	0.111538	0.611750	0.413580	0.352031	0.590005	0.490413	0.587588	0.142442	0.522905	0.308405	0.637900	0.624532	0.386120	0.460261	0.420406	0.434730	0.108068	0.454709	0.604875	0.627469	0.448048	0.352031	0.630546	0.139738	0.278788	0.592840	0.198732	0.533696	0.392476	0.540305	0.319527	0.571578	0.358382	0.313984	0.645842	0.449761	0.261224	0.308405	0.508455	0.390476	0.347770	0.485048	0.483998	0.274139	0.464349	0.526373	0.458880	0.225000	0.420012	0.531742	0.498856	0.568700	0.565060	0.365729	0.289157	0.634640	0.322835	0.522026	0.504535	0.536048	0.243299	0.411400	0.390520	0.417488	0.607692	0.591535	0.480094	0.530107	0.589357	0.128843	0.210084	0.617840	0.486736	0.612460	0.497427	0.559161	0.638748	0.402994	0.522868	0.578165	0.366773	0.561810	0.465394	0.610268	0.210084	0.340260	0.175589	0.307285	0.603980	0.425245	0.344560	0.478972	0.483120	0.637946	0.538968	0.607334	0.590164	0.502884	0.150507	0.613383	0.524972	0.483607	0.493627	0.589441	0.627946	0.225000	0.568227	0.578053	0.568507	0.403990	0.550519	0.553598	0.501142	0.292585	0.538246	0.420923	0.560622	0.272973	0.465753	0.626011	0.410549	0.305121	0.622135	0.521300	0.268293	0.444982	0.533851	0.582909	0.206316	0.147826	0.537149	0.366773	0.339181	0.491128	0.394737	0.645216	0.328319	0.454054	0.085393	0.404732	0.416996	0.470101	0.288011	0.508281	0.419434	0.578675	0.609599	0.638347	0.283412	0.303915	0.644940	0.291444	0.626617	0.607938	0.264766	0.414303	0.622074	0.564130	0.359718	0.337020	0.605224	0.528323	0.515145	0.651002	0.439467	0.212646	0.450418	0.213836	0.264766	0.498853	0.629823	0.584107	0.632586	0.395990	0.077808	0.489843	0.381254	0.270636	0.327225	0.475854	0.360256	0.593511	0.641549	0.263587	0.634667	0.435101	0.593407	0.257669	0.468437	0.617612	0.540822	0.608593	0.608182	0.390183	0.293725	0.463371	0.205056	0.380772	0.356270	0.474676	0.511048	0.270636	0.635394	0.292585	0.182077	0.624426	0.291444	0.350968	0.175589	0.449301	0.618982	0.198732	0.331593	0.292585	0.606241	0.478413	0.637871	0.621865	0.379201	0.246914	0.332681	0.528960	0.228690	0.206316	0.244505	0.455255	0.627615	0.536208	0.524424	0.623281	0.568098	0.387382	0.597567	0.541850	0.436319	0.373808	0.500000	0.641144	0.106667	0.220056	0.374046	0.452625	0.534141	
0.622951	0.583016	0.520940	0.607345	0.592445	0.558428	0.463122	0.033106	0.600515	0.625000	0.637821	0.463651	0.646497	0.618182	0.614362	0.616114	0.533477	0.610169	0.628664	0.605670	0.335202	0.366197	0.580729	0.621488	0.624420	0.130397	0.492602	0.669014	0.617647	0.287086	0.570776	0.607595	0.603896	0.581197	0.376665	1.000000	0.598203	0.353637	0.789474	0.648256	0.570136	0.504505	0.407407	0.248649	0.635783	0.607143	0.391821	0.216981	0.591515	0.215340	0.621578	0.592689	0.262166	0.634074	0.618250	0.556161	0.636364	0.620155	0.659498	0.629310	0.263552	0.569106	0.547619	0.624277	0.520677	0.351972	0.582857	0.614325	0.618785	0.535895	0.639144	0.593750	0.282475	0.579141	0.640719	0.017204	0.622776	0.505851	0.280619	0.586124	0.634146	0.597403	0.614504	0.467949	0.631579	0.497738	0.600284	0.633136	0.446154	0.502195	0.085282	0.625000	0.579186	0.620038	0.514554	0.571098	0.125948	0.629344	0.522678	0.592593	0.621170	0.602317	0.613079	0.042478	0.514677	0.432292	0.553419	0.098323	0.335202	0.647761	0.517647	0.594132	0.545842	0.611910	0.583732	0.480274	0.094158	0.609309	0.385511	0.383033	0.223218	0.318254	0.443299	0.528226	0.040914	0.266251	0.641452	0.497738	0.633431	0.631380	0.263552	0.390594	0.583501	0.596100	0.614458	0.620155	0.175469	0.597132	0.569565	0.514340	0.513541	0.598465	0.599469	0.585427	0.559456	0.496552	0.525904	0.535211	0.413793	0.584098	0.627503	0.345465	0.623338	0.613821	0.380079	0.208435	0.633288	0.573770	0.531769	0.626198	0.211233	0.450230	0.434109	0.435935	0.446319	0.630952	0.623946	0.467446	0.563346	0.615783	0.414376	0.478803	0.591195	0.550515	0.408304	0.185945	0.645161	0.635762	0.577128	0.475736	0.403545	0.495560	0.201754	0.523198	0.370738	0.567308	0.593865	0.529101	0.587678	0.590698	0.557652	0.168498	0.487157	0.613699	0.469551	0.599739	0.532508	0.503238	0.550000	0.587135	0.314076	0.594679	0.562358	0.606149	0.631579	0.240741	0.624549	0.586207	0.604720	0.306982	0.625828	0.637523	0.504282	0.440506	0.643599	0.444444	0.612137	0.130226	0.440602	0.606532	0.502392	0.548246	0.647887	0.255337	0.647746	0.482464	0.369498	0.611187	0.509579	0.619632	0.486486	0.632979	0.395778	0.611621	0.635634	0.175934	0.593350	0.629213	0.603261	0.441421	0.617424	0.493671	0.477586	0.653307	0.549889	0.569106	0.596364	0.557377	0.136686	0.582011	0.603627	0.626298	0.633136	0.426999	0.087147	0.636029	0.590810	0.567982	0.239872	0.503993	0.620370	0.601449	0.611018	0.598592	0.648452	0.639576	0.636501	0.623145	0.344867	0.027260	0.257426	0.636505	0.604895	0.519409	0.617251	0.531894	0.453401	0.601726	0.601504	0.455477	0.416550	0.623762	0.599717	0.635802	0.649701	0.370968	0.598837	0.234602	0.469115	0.629738	0.625874	0.436630	0.460759	0.600791	0.258092	0.540909	0.578397	0.623377	0.590432	0.608856	0.545455	0.633218	0.625698	0.394347	0.614719	0.590631	0.605263	0.583648	0.108118	0.598592	0.154522	0.146461	0.569721	0.618384	0.572093	0.597997	0.572668	0.612500	0.590278	0.618986	0.562914	0.560000	0.611966	0.613592	0.426112	0.609174	0.609319	0.608917	0.582339	0.600840	0.667717	0.107535	0.635659	0.495913	0.535642	0.592593	0.571429	0.529121	0.434109	0.552339	0.479583	0.614570	0.245082	0.607792	0.527344	0.425993	0.625000	0.593434	0.557613	0.634812	0.566161	0.582496	0.282342	0.534521	0.638146	0.516588	0.587571	0.240354	0.618683	0.615929	0.600273	0.598106	0.436694	0.581257	0.363636	0.536485	0.580132	0.481390	0.492754	0.605103	0.595336	0.597055	0.520576	0.423765	0.590022	0.196905	0.544699	0.550665	0.640000	0.553991	0.199666	0.620957	0.640927	0.180719	0.637771	0.548896	0.570858	0.608571	0.267562	0.115802	0.080833	0.288193	0.568944	0.611670	0.601481	0.563791	0.536981	0.551570	0.473815	0.568019	0.617747	0.639286	0.617188	0.606159	0.423717	0.614545	0.606414	0.320225	0.583732	0.117416	0.614085	0.610895	0.577720	0.673879	0.533054	0.512476	0.364749	0.611765	0.594697	0.427199	0.576402	0.482700	0.505980	0.595142	0.656299	0.491921	0.546667	0.097696	0.634409	0.525714	0.562189	0.165651	0.312272	0.609212	0.054162	0.635971	0.553097	0.599190	0.598693	0.287638	0.550574	0.343678	0.599676	0.018763	0.602151	0.623333	0.605210	0.615665	0.606398	0.598967	0.506714	0.321333	0.612576	0.462628	0.619335	0.512219	0.573770	0.617318	0.255884	0.569915	0.249583	0.470106	0.613115	0.597303	0.594286	0.521348	0.651163	0.628472	0.625869	0.605598	0.621242	0.428990	0.602317	0.519906	0.463720	0.584139	0.602452	0.521327	0.129915	0.477537	0.545455	0.611212	0.621622	0.528846	0.631293	0.444783	0.280619	0.618729	0.630480	0.610108	0.180120	0.581897	0.547085	0.578616	0.612245	0.482935	0.592771	0.558603	0.473815	0.546256	0.597360	0.522305	0.573477	0.604230	0.616162	0.586985	0.420601	0.388140	0.538293	0.634064	0.601770	0.580645	
0.599241	0.655670	0.584483	0.627672	0.546784	0.630662	0.580549	0.052620	0.660397	0.637993	0.631056	0.575053	0.618047	0.627824	0.651661	0.626536	0.634146	0.584270	0.633962	0.643678	0.469211	0.500551	0.623815	0.618321	0.625604	0.201385	0.601504	0.590120	0.590345	0.419611	0.439418	0.580381	0.632371	0.618799	0.511945	0.598203	1.000000	0.488248	0.527407	0.626007	0.640376	0.587142	0.543014	0.371230	0.602230	0.545985	0.524455	0.326864	0.650099	0.324544	0.615960	0.650475	0.387490	0.637850	0.571031	0.639344	0.581673	0.553802	0.581867	0.645382	0.388571	0.531947	0.637104	0.565714	0.623293	0.488298	0.552408	0.637266	0.580110	0.620513	0.629940	0.623630	0.416014	0.650602	0.645465	0.027475	0.600269	0.595975	0.412630	0.654867	0.603974	0.636156	0.558865	0.578027	0.783270	0.592535	0.638009	0.625438	0.318739	0.593939	0.133463	0.615783	0.646009	0.569014	0.611557	0.657744	0.194766	0.563662	0.619693	0.634499	0.647386	0.563662	0.646995	0.067326	0.615129	0.300885	0.617726	0.153281	0.459033	0.643948	0.412541	0.664665	0.495385	0.523952	0.637168	0.587973	0.146969	0.635955	0.511870	0.511226	0.335664	0.457282	0.312830	0.624041	0.064878	0.393902	0.634204	0.608087	0.646582	0.571831	0.391837	0.523364	0.542773	0.640712	0.633037	0.644068	0.267484	0.649789	0.489860	0.614507	0.624788	0.645898	0.645989	0.640737	0.629699	0.592095	0.626246	0.626812	0.279570	0.617964	0.630108	0.482218	0.634033	0.526003	0.506151	0.314754	0.641304	0.529148	0.612957	0.636927	0.318725	0.568931	0.309859	0.557505	0.568350	0.628370	0.630491	0.581581	0.655936	0.647799	0.542500	0.591040	0.639344	0.630756	0.537515	0.282602	0.584574	0.651709	0.645230	0.553547	0.530340	0.596787	0.305246	0.623116	0.499443	0.645607	0.648594	0.623446	0.640000	0.620557	0.513678	0.257373	0.589313	0.641054	0.586424	0.639241	0.629565	0.613312	0.646560	0.646718	0.451799	0.626829	0.652869	0.645833	0.635934	0.360225	0.606803	0.633155	0.628638	0.442461	0.598726	0.591781	0.616883	0.333333	0.616601	0.564442	0.653887	0.201131	0.563865	0.633495	0.397329	0.470958	0.609756	0.380499	0.597436	0.591111	0.493868	0.634573	0.607347	0.629052	0.367347	0.638800	0.285714	0.644311	0.619403	0.268156	0.654206	0.636058	0.652126	0.563830	0.578279	0.596737	0.601044	0.520588	0.471519	0.648752	0.585499	0.637681	0.210711	0.638207	0.631689	0.606061	0.634772	0.550518	0.136306	0.571034	0.482759	0.605672	0.359013	0.587156	0.644150	0.640238	0.612821	0.608812	0.589041	0.594378	0.625592	0.626901	0.486684	0.043404	0.382588	0.627737	0.602922	0.603325	0.637053	0.615000	0.339100	0.651210	0.575035	0.569655	0.541381	0.607370	0.644144	0.641737	0.628975	0.264014	0.649022	0.351648	0.585932	0.652826	0.608234	0.554981	0.333333	0.544396	0.383507	0.444444	0.641075	0.597240	0.651252	0.572614	0.629032	0.595520	0.568245	0.520696	0.633867	0.529762	0.569425	0.651639	0.168067	0.608812	0.236979	0.225141	0.538799	0.634038	0.630163	0.638636	0.489097	0.638246	0.637321	0.654737	0.643974	0.631300	0.608355	0.551724	0.556190	0.586777	0.638507	0.656315	0.657507	0.508371	0.627451	0.167189	0.624697	0.603744	0.613929	0.654945	0.653728	0.624791	0.309859	0.473016	0.594595	0.638889	0.366272	0.641430	0.579253	0.554278	0.621118	0.649538	0.622723	0.604954	0.638259	0.658314	0.414093	0.460317	0.579515	0.407960	0.570225	0.359685	0.628297	0.592493	0.643326	0.656522	0.568000	0.648438	0.472527	0.622184	0.630342	0.356164	0.595273	0.657371	0.639560	0.637931	0.620989	0.547529	0.485981	0.298322	0.631671	0.626943	0.615385	0.638916	0.302267	0.660377	0.549356	0.275072	0.628779	0.618375	0.542522	0.635641	0.395695	0.179607	0.126666	0.422872	0.640974	0.539823	0.640187	0.645418	0.621575	0.465710	0.350515	0.635918	0.612777	0.599190	0.625922	0.619048	0.551151	0.585499	0.643599	0.212291	0.616337	0.182025	0.650954	0.558273	0.637985	0.618357	0.641975	0.601799	0.498072	0.555716	0.569817	0.554107	0.553009	0.595900	0.619874	0.536296	0.638350	0.611583	0.629047	0.152333	0.603518	0.625508	0.637563	0.253231	0.447519	0.632319	0.085546	0.632420	0.477093	0.524444	0.646934	0.420354	0.636842	0.486205	0.624060	0.029951	0.646486	0.627401	0.529412	0.583562	0.642222	0.593176	0.590139	0.458374	0.531157	0.585399	0.638197	0.612957	0.526158	0.662207	0.381255	0.625778	0.372526	0.582026	0.616941	0.565714	0.646992	0.453674	0.620690	0.605020	0.644444	0.655636	0.532353	0.552036	0.552217	0.421053	0.581159	0.567335	0.595745	0.407960	0.200669	0.574114	0.444444	0.591281	0.563662	0.617527	0.646288	0.562249	0.414360	0.593068	0.521212	0.598639	0.274207	0.486822	0.456140	0.510638	0.648212	0.591279	0.636993	0.640895	0.592486	0.633609	0.637865	0.625298	0.650295	0.621590	0.614194	0.659529	0.552248	0.260870	0.482759	0.617571	0.637951	0.656189	
0.365238	0.499469	0.565637	0.446419	0.255639	0.570874	0.612660	0.145333	0.487961	0.407090	0.378567	0.628915	0.382336	0.409584	0.471545	0.387022	0.559683	0.285714	0.369069	0.492242	0.645116	0.647102	0.487910	0.360424	0.400000	0.460644	0.615522	0.323901	0.299328	0.634761	0.181581	0.308627	0.370977	0.340882	0.642697	0.353637	0.488248	1.000000	0.245747	0.431218	0.541224	0.587381	0.638181	0.616924	0.380454	0.256731	0.647758	0.584567	0.511992	0.581912	0.375729	0.486283	0.616479	0.423077	0.292025	0.550249	0.327928	0.269733	0.313749	0.441587	0.620464	0.243533	0.557263	0.272953	0.597126	0.653295	0.279357	0.458494	0.298289	0.576369	0.404121	0.393537	0.629283	0.514675	0.417944	0.077650	0.317825	0.604356	0.634615	0.516330	0.329934	0.435610	0.278293	0.612559	0.363316	0.585077	0.444321	0.425099	0.122724	0.601254	0.343492	0.347774	0.542236	0.283600	0.593142	0.537283	0.461565	0.271881	0.558692	0.400919	0.451684	0.271881	0.464149	0.183508	0.592908	0.115098	0.558896	0.383554	0.630518	0.417470	0.166008	0.514914	0.217670	0.237975	0.517367	0.619743	0.373186	0.451720	0.635847	0.649302	0.595440	0.635935	0.120189	0.575540	0.177223	0.618149	0.409350	0.602366	0.429296	0.283600	0.629982	0.646341	0.249057	0.456102	0.511700	0.398159	0.555432	0.487097	0.207341	0.600281	0.580861	0.494933	0.477531	0.503970	0.540486	0.604527	0.586011	0.562500	0.106122	0.405266	0.469055	0.640227	0.422599	0.243533	0.633830	0.585563	0.466157	0.239089	0.587902	0.380454	0.592762	0.621926	0.118919	0.631579	0.639132	0.419263	0.348754	0.624182	0.508919	0.489818	0.635350	0.618467	0.502119	0.571983	0.632782	0.558366	0.313749	0.474026	0.476965	0.611064	0.647656	0.603876	0.573330	0.586895	0.628973	0.521558	0.506289	0.568204	0.523490	0.522273	0.226752	0.544162	0.612961	0.459682	0.625374	0.483871	0.568380	0.599816	0.543335	0.530801	0.637971	0.392610	0.541772	0.429054	0.416382	0.606094	0.309654	0.484028	0.425748	0.639263	0.359458	0.304507	0.590485	0.129032	0.333932	0.630928	0.479741	0.466843	0.639703	0.396313	0.157512	0.202711	0.392610	0.614847	0.354610	0.621574	0.637103	0.464403	0.589612	0.403438	0.144000	0.474797	0.108696	0.406411	0.377622	0.562778	0.497067	0.448753	0.468015	0.628311	0.282542	0.598454	0.610741	0.251256	0.196891	0.538383	0.305539	0.527992	0.479883	0.483505	0.486863	0.333932	0.423968	0.645765	0.349969	0.299328	0.203871	0.544638	0.605689	0.600000	0.400919	0.515357	0.354610	0.323901	0.304507	0.321881	0.412301	0.422184	0.648037	0.120886	0.620609	0.394464	0.327928	0.589425	0.470845	0.583333	0.131544	0.510504	0.286769	0.628281	0.643112	0.361389	0.445556	0.398621	0.419080	0.099659	0.433464	0.613948	0.618944	0.430579	0.327928	0.630594	0.129032	0.258912	0.615836	0.183953	0.526100	0.370977	0.525128	0.297248	0.564103	0.333932	0.292025	0.633579	0.437850	0.242424	0.286769	0.501059	0.412138	0.323901	0.510981	0.506182	0.254545	0.457206	0.531490	0.441964	0.208494	0.393537	0.529382	0.487648	0.550275	0.564856	0.340882	0.268657	0.632087	0.300366	0.512953	0.490948	0.522009	0.225621	0.388889	0.415990	0.395857	0.602552	0.581205	0.463227	0.504495	0.580247	0.118919	0.194553	0.616756	0.479437	0.621568	0.487386	0.570619	0.629540	0.378567	0.501857	0.569492	0.341870	0.555831	0.440223	0.625350	0.194553	0.316808	0.162376	0.285714	0.627758	0.403207	0.320869	0.460022	0.469432	0.637645	0.529959	0.627379	0.576960	0.480519	0.139037	0.608120	0.512526	0.465423	0.475000	0.571429	0.638554	0.208494	0.584019	0.578102	0.574879	0.379511	0.528535	0.571918	0.491961	0.271881	0.559746	0.399080	0.563601	0.253450	0.441718	0.637620	0.435352	0.327877	0.635101	0.507903	0.249057	0.424208	0.511482	0.570192	0.191033	0.136546	0.523045	0.341870	0.315789	0.481462	0.371930	0.642165	0.305539	0.432827	0.078675	0.381395	0.439056	0.451470	0.267579	0.487936	0.398851	0.565982	0.589227	0.640997	0.263256	0.282542	0.645135	0.270807	0.627744	0.600917	0.245747	0.396313	0.604440	0.547918	0.383976	0.313749	0.598227	0.510279	0.530300	0.652926	0.421291	0.229438	0.438479	0.198058	0.245747	0.484392	0.637453	0.564327	0.642429	0.371930	0.084456	0.472510	0.355582	0.251256	0.304507	0.455850	0.336918	0.590045	0.646581	0.244641	0.635364	0.413675	0.588847	0.239089	0.454395	0.633819	0.550810	0.625394	0.614520	0.365238	0.272953	0.441718	0.189857	0.357522	0.331935	0.456954	0.494944	0.251256	0.631964	0.271881	0.168421	0.617801	0.270807	0.326923	0.162376	0.469101	0.627451	0.183953	0.308627	0.271881	0.592593	0.463895	0.630923	0.633375	0.353637	0.229008	0.309654	0.553818	0.211946	0.191033	0.226752	0.432827	0.610155	0.520021	0.505541	0.616725	0.553723	0.361389	0.607653	0.529534	0.413675	0.349733	0.478873	0.637495	0.098361	0.203871	0.348754	0.426877	0.523316	
0.577075	0.516788	0.422857	0.552980	0.596491	0.442642	0.363465	0.021716	0.532738	0.568841	0.576923	0.343915	0.591603	0.586331	0.527778	0.551985	0.447689	0.618267	0.611765	0.532738	0.232143	0.255069	0.533133	0.582834	0.585635	0.087015	0.373206	0.629310	0.609091	0.197069	0.634731	0.583519	0.589844	0.553015	0.264766	0.789474	0.527407	0.245747	1.000000	0.565068	0.479487	0.387674	0.288035	0.169492	0.593870	0.615000	0.276204	0.147059	0.496533	0.145903	0.568665	0.534743	0.179146	0.560420	0.646651	0.452645	0.632479	0.621359	0.647577	0.574324	0.180139	0.587629	0.460976	0.655422	0.406250	0.244514	0.551069	0.556270	0.624146	0.433898	0.585455	0.552239	0.193741	0.509142	0.585106	0.011253	0.598253	0.387289	0.192403	0.491803	0.617021	0.553480	0.652381	0.340909	0.599206	0.383616	0.527546	0.573427	0.538462	0.376812	0.056456	0.602459	0.482051	0.616471	0.403746	0.475690	0.083979	0.647343	0.445255	0.551471	0.563518	0.613527	0.539683	0.027909	0.416122	0.557143	0.459135	0.065239	0.232143	0.597173	0.598131	0.507003	0.591781	0.663185	0.508197	0.367232	0.062430	0.565289	0.270458	0.268595	0.151456	0.219718	0.528169	0.430180	0.026874	0.182073	0.585278	0.387612	0.581315	0.630588	0.180139	0.273301	0.605598	0.530945	0.515152	0.580407	0.118039	0.518854	0.634831	0.405520	0.423292	0.522124	0.510769	0.500000	0.480103	0.369318	0.420022	0.451770	0.549451	0.541818	0.551938	0.239705	0.572426	0.639175	0.274262	0.141049	0.557480	0.598958	0.424374	0.593870	0.143014	0.324459	0.537102	0.311005	0.325000	0.570423	0.576687	0.354662	0.485190	0.529148	0.296578	0.354868	0.515195	0.443418	0.290828	0.125321	0.647577	0.552995	0.496914	0.338248	0.286134	0.379648	0.136364	0.420242	0.258449	0.486264	0.503516	0.432818	0.494595	0.492063	0.616622	0.113208	0.374634	0.552716	0.340909	0.527903	0.430058	0.397134	0.461340	0.495340	0.216667	0.564486	0.473008	0.563040	0.556150	0.163866	0.631111	0.513846	0.547038	0.211497	0.608000	0.620225	0.405491	0.522337	0.599156	0.317590	0.535168	0.086898	0.318108	0.556586	0.566879	0.607955	0.605607	0.174263	0.622222	0.364319	0.258449	0.543720	0.400000	0.558394	0.554455	0.555556	0.501818	0.589091	0.593449	0.118361	0.507375	0.582237	0.553797	0.319934	0.641509	0.387226	0.369318	0.663291	0.605187	0.480845	0.582960	0.472000	0.091314	0.515337	0.529940	0.624473	0.548951	0.309770	0.057709	0.627273	0.628895	0.457921	0.163248	0.381232	0.577206	0.511050	0.593939	0.590517	0.660674	0.632035	0.576029	0.547368	0.239264	0.017863	0.175755	0.618250	0.606838	0.398773	0.542320	0.419672	0.573379	0.514851	0.602804	0.334764	0.295008	0.609562	0.550580	0.566176	0.585106	0.477612	0.523973	0.159509	0.356490	0.563574	0.615385	0.309278	0.542955	0.597015	0.176231	0.595238	0.501982	0.613281	0.494024	0.621005	0.459687	0.607595	0.600462	0.282200	0.550085	0.620155	0.588785	0.518090	0.071863	0.590517	0.103558	0.098015	0.613065	0.570033	0.476190	0.537815	0.616246	0.559701	0.481579	0.547368	0.463840	0.458629	0.594595	0.608273	0.302326	0.607710	0.510232	0.522761	0.498638	0.602151	0.613936	0.071468	0.584104	0.391174	0.428246	0.537600	0.498559	0.422442	0.544170	0.631884	0.370583	0.540707	0.166952	0.528529	0.417391	0.304450	0.584615	0.514535	0.440092	0.614108	0.459658	0.539629	0.193644	0.591304	0.612691	0.603774	0.599532	0.163591	0.557377	0.594360	0.543720	0.532283	0.320988	0.481732	0.254072	0.432681	0.528418	0.561873	0.364827	0.511822	0.528000	0.538103	0.433180	0.301624	0.649860	0.132970	0.445221	0.439863	0.618042	0.478610	0.134901	0.541106	0.671498	0.121685	0.601476	0.448642	0.589421	0.553691	0.183013	0.077075	0.053469	0.197869	0.496434	0.641221	0.570928	0.467316	0.430351	0.602339	0.585859	0.495913	0.585062	0.618421	0.524096	0.588694	0.304926	0.591928	0.542955	0.428571	0.543021	0.078172	0.544554	0.619512	0.505988	0.611418	0.442874	0.413646	0.254902	0.630542	0.632075	0.312250	0.576271	0.360777	0.396745	0.635897	0.601113	0.386139	0.457286	0.064816	0.616740	0.412262	0.494286	0.111238	0.215351	0.558875	0.035659	0.575296	0.660920	0.615385	0.535552	0.197468	0.442105	0.238386	0.553606	0.012277	0.528125	0.584677	0.632911	0.620225	0.526829	0.566038	0.384995	0.221969	0.627249	0.334190	0.569892	0.411317	0.567708	0.555556	0.174653	0.454762	0.170157	0.349150	0.588933	0.616867	0.560403	0.539589	0.622490	0.605932	0.546341	0.533724	0.653165	0.309033	0.618357	0.619195	0.356164	0.576271	0.591006	0.597484	0.086686	0.355191	0.607143	0.619154	0.652174	0.414530	0.557845	0.322581	0.192403	0.607287	0.634667	0.613333	0.121269	0.605556	0.567251	0.632708	0.539519	0.365169	0.504132	0.495702	0.354868	0.457711	0.585657	0.399177	0.488404	0.587814	0.579592	0.526965	0.301391	0.501873	0.572238	0.588957	0.540070	0.485675	
0.620000	0.609784	0.557530	0.601504	0.543002	0.601703	0.504777	0.042858	0.639723	0.619303	0.616246	0.531627	0.618384	0.613333	0.638955	0.583679	0.586614	0.563607	0.610795	0.628176	0.414088	0.442252	0.608392	0.592806	0.610583	0.166382	0.555287	0.617021	0.589905	0.358030	0.492424	0.575428	0.597734	0.551111	0.443911	0.648256	0.626007	0.431218	0.565068	1.000000	0.599589	0.566667	0.480620	0.311824	0.631285	0.575758	0.459527	0.273366	0.605464	0.271364	0.613221	0.591121	0.328132	0.630065	0.580542	0.583913	0.640483	0.567657	0.614198	0.625954	0.329801	0.515464	0.573964	0.571429	0.573657	0.420347	0.539837	0.632353	0.584518	0.580167	0.615591	0.580822	0.352515	0.603315	0.627968	0.022324	0.579755	0.564530	0.350293	0.602592	0.626506	0.579821	0.586319	0.542601	0.616046	0.558996	0.567465	0.621410	0.379167	0.563059	0.109547	0.612903	0.626283	0.588045	0.569697	0.582199	0.160810	0.565789	0.551181	0.609756	0.638614	0.565789	0.623786	0.054912	0.553957	0.358650	0.614035	0.126053	0.405550	0.668421	0.469903	0.625551	0.504472	0.547660	0.637149	0.544586	0.120789	0.613267	0.454768	0.462940	0.280968	0.392077	0.355649	0.560074	0.052904	0.333048	0.620506	0.550628	0.639896	0.623586	0.329801	0.456508	0.521295	0.599010	0.639130	0.598639	0.222413	0.590432	0.512727	0.561620	0.548298	0.598624	0.575829	0.582393	0.589928	0.560000	0.578616	0.546890	0.334047	0.548387	0.641240	0.423943	0.649283	0.542955	0.429455	0.262927	0.636912	0.525952	0.567835	0.614525	0.266347	0.517192	0.368973	0.500000	0.494978	0.622047	0.600293	0.515528	0.598007	0.630359	0.479788	0.547564	0.598870	0.575472	0.489902	0.235330	0.614198	0.650888	0.555819	0.525612	0.471419	0.546053	0.254748	0.545784	0.450969	0.570499	0.596685	0.539130	0.610278	0.625263	0.514991	0.213795	0.521739	0.619512	0.536622	0.588098	0.564684	0.578992	0.560825	0.605291	0.390171	0.606310	0.592593	0.602846	0.609272	0.302253	0.568323	0.592417	0.593750	0.378803	0.616715	0.604069	0.545136	0.383505	0.604790	0.514768	0.617925	0.166168	0.507042	0.603001	0.433071	0.501832	0.631001	0.319901	0.618287	0.522637	0.438050	0.622114	0.522046	0.601078	0.418511	0.662708	0.341151	0.594086	0.645161	0.222987	0.587156	0.655860	0.612591	0.501062	0.566343	0.540134	0.548800	0.560272	0.499076	0.576236	0.565625	0.578390	0.174244	0.572104	0.600928	0.589820	0.603133	0.488644	0.111910	0.589905	0.511883	0.608782	0.301200	0.570255	0.590786	0.623094	0.606676	0.547112	0.594679	0.621951	0.634794	0.586387	0.424342	0.035320	0.322420	0.623803	0.583082	0.576792	0.605769	0.555455	0.402464	0.612653	0.556270	0.498896	0.497361	0.603448	0.614806	0.642276	0.617414	0.316017	0.575835	0.294809	0.512422	0.639175	0.589124	0.509966	0.387629	0.550336	0.323224	0.494340	0.630915	0.626062	0.599789	0.572785	0.585366	0.607784	0.567783	0.451777	0.595147	0.543890	0.546624	0.610169	0.138410	0.547112	0.196465	0.186437	0.540541	0.631188	0.597895	0.590621	0.490018	0.572603	0.626834	0.626310	0.574297	0.601923	0.607407	0.548760	0.498652	0.576378	0.642934	0.628571	0.594828	0.522968	0.631724	0.137675	0.644898	0.547439	0.565299	0.595849	0.594595	0.576609	0.368973	0.515770	0.517325	0.601183	0.307510	0.618605	0.581688	0.488136	0.591036	0.585034	0.589454	0.630178	0.608696	0.574333	0.352355	0.489796	0.565284	0.449219	0.573269	0.301784	0.600269	0.592366	0.605103	0.603136	0.493967	0.595927	0.438404	0.562559	0.605917	0.417850	0.533650	0.615553	0.573871	0.578256	0.557439	0.501681	0.540835	0.248801	0.568441	0.584817	0.637762	0.558386	0.252188	0.623407	0.598684	0.228891	0.619565	0.589817	0.527919	0.600000	0.334624	0.148078	0.103900	0.359353	0.576536	0.589438	0.603922	0.573932	0.575673	0.477612	0.399185	0.590517	0.594675	0.587692	0.671329	0.582744	0.494229	0.575000	0.595361	0.255605	0.577406	0.150106	0.615000	0.559603	0.582367	0.664858	0.558006	0.537102	0.437355	0.560000	0.576052	0.483714	0.550247	0.536471	0.559048	0.551370	0.638472	0.551495	0.585859	0.125262	0.592593	0.561404	0.563758	0.210270	0.386035	0.613368	0.069895	0.634395	0.509225	0.541096	0.612865	0.358691	0.571973	0.424044	0.577086	0.024342	0.599520	0.600000	0.590832	0.591549	0.588381	0.605067	0.565037	0.396720	0.555746	0.529023	0.609043	0.544474	0.529412	0.610422	0.320560	0.626692	0.312953	0.540046	0.600000	0.545156	0.620253	0.471028	0.618497	0.594595	0.608158	0.618721	0.577250	0.487637	0.555921	0.452611	0.521334	0.550247	0.574887	0.464844	0.165779	0.532508	0.467925	0.590980	0.575658	0.557522	0.649697	0.503207	0.350293	0.613372	0.548330	0.608696	0.228152	0.505415	0.503731	0.536155	0.582474	0.532488	0.595652	0.578475	0.535189	0.595190	0.586207	0.564322	0.576052	0.593085	0.590643	0.576512	0.483871	0.312364	0.493601	0.576867	0.565104	0.601942	
0.582589	0.662326	0.616601	0.617706	0.486692	0.636872	0.603306	0.063764	0.642185	0.594480	0.597802	0.610236	0.590810	0.604651	0.622351	0.589771	0.636964	0.526316	0.577778	0.636535	0.528502	0.546118	0.628083	0.592593	0.600214	0.240148	0.635540	0.562061	0.537349	0.472773	0.383978	0.543504	0.583149	0.555683	0.550725	0.570136	0.640376	0.541224	0.479487	0.599589	1.000000	0.604585	0.577982	0.431067	0.600877	0.486076	0.569367	0.380013	0.637264	0.378714	0.595369	0.633080	0.440203	0.599376	0.529769	0.635079	0.564103	0.511222	0.549763	0.629328	0.440705	0.473008	0.636364	0.506832	0.638519	0.527960	0.520345	0.638340	0.530760	0.649412	0.612766	0.598272	0.470246	0.653951	0.610063	0.033385	0.535377	0.631353	0.473314	0.636364	0.555814	0.608784	0.513580	0.604954	0.583893	0.601006	0.606673	0.609148	0.269231	0.614737	0.160318	0.576310	0.642735	0.517791	0.642487	0.632493	0.232420	0.517413	0.632013	0.597430	0.609562	0.512438	0.629412	0.081454	0.628440	0.253731	0.648118	0.183731	0.514010	0.608787	0.354430	0.644928	0.442384	0.470893	0.643494	0.614325	0.176284	0.617085	0.560044	0.558089	0.391906	0.500693	0.264095	0.632238	0.078513	0.444708	0.604013	0.628325	0.615702	0.517791	0.451663	0.563566	0.485313	0.627490	0.616487	0.590763	0.316730	0.626781	0.428954	0.645646	0.629774	0.636704	0.625000	0.650647	0.648417	0.614108	0.637128	0.635236	0.235294	0.604255	0.618357	0.526525	0.610592	0.478149	0.536424	0.370840	0.622439	0.475452	0.631016	0.583333	0.375361	0.586683	0.261516	0.588808	0.597484	0.603340	0.582480	0.609164	0.633303	0.608121	0.577126	0.605776	0.627197	0.636943	0.574235	0.334095	0.542654	0.607109	0.622351	0.581983	0.570451	0.624646	0.359385	0.620477	0.533965	0.642218	0.644868	0.625508	0.653097	0.610820	0.461337	0.305085	0.616254	0.633858	0.607562	0.622982	0.631076	0.623263	0.643225	0.657318	0.506849	0.598919	0.638699	0.604747	0.618297	0.416606	0.552381	0.636538	0.603734	0.495971	0.584270	0.543713	0.620793	0.281938	0.564815	0.597033	0.651341	0.239852	0.600248	0.602799	0.338068	0.420485	0.596757	0.436834	0.571751	0.611684	0.542391	0.612365	0.600000	0.599147	0.311688	0.635838	0.240602	0.612766	0.589659	0.317503	0.634831	0.619238	0.632094	0.580485	0.528256	0.626437	0.621024	0.478981	0.412483	0.645161	0.543062	0.631579	0.251019	0.633397	0.635161	0.567130	0.611227	0.580958	0.163682	0.525301	0.422611	0.629382	0.415977	0.624204	0.599572	0.653501	0.569492	0.555035	0.536527	0.542254	0.600632	0.602083	0.532673	0.052648	0.437716	0.591154	0.550117	0.631579	0.624514	0.631418	0.286969	0.652689	0.528117	0.601929	0.580607	0.594170	0.610272	0.614561	0.601677	0.221884	0.613963	0.409171	0.610512	0.623457	0.554779	0.589945	0.281938	0.507576	0.439493	0.388430	0.638187	0.569845	0.638670	0.538647	0.655201	0.557870	0.522479	0.558691	0.623085	0.478764	0.511002	0.629047	0.201135	0.555035	0.281521	0.267796	0.492386	0.625498	0.633508	0.613198	0.425703	0.580994	0.641739	0.644550	0.644295	0.648867	0.562572	0.506866	0.589286	0.539110	0.628673	0.636788	0.654804	0.448819	0.599349	0.200103	0.597207	0.621485	0.638801	0.622660	0.645756	0.628176	0.261516	0.405442	0.604036	0.609030	0.424065	0.634470	0.598473	0.578097	0.597802	0.641929	0.645469	0.561927	0.644040	0.608342	0.470882	0.408163	0.545455	0.347458	0.521420	0.418169	0.609159	0.552291	0.622179	0.638049	0.598131	0.653676	0.524675	0.630659	0.645533	0.301887	0.605894	0.651037	0.618719	0.636980	0.634340	0.583482	0.431058	0.352091	0.649038	0.639747	0.588364	0.623902	0.356599	0.630784	0.500000	0.325452	0.605150	0.643492	0.490470	0.622718	0.452995	0.214679	0.152264	0.476917	0.634280	0.480204	0.611863	0.623986	0.636292	0.401639	0.296943	0.637011	0.573394	0.557920	0.639469	0.593577	0.591971	0.547847	0.611111	0.177570	0.576123	0.217513	0.622490	0.502500	0.637051	0.606645	0.640839	0.631024	0.539583	0.497487	0.525799	0.586943	0.508095	0.621346	0.635106	0.482051	0.600646	0.631429	0.635750	0.182613	0.547393	0.652695	0.638532	0.300308	0.503408	0.600626	0.103293	0.615698	0.414634	0.484615	0.633682	0.472727	0.642570	0.529121	0.580288	0.036384	0.633010	0.577878	0.484076	0.536527	0.622886	0.560554	0.618674	0.503959	0.474968	0.619139	0.605485	0.629488	0.467700	0.636727	0.437667	0.626016	0.432513	0.603849	0.591518	0.506832	0.622718	0.396717	0.565315	0.563805	0.634826	0.641791	0.481529	0.577482	0.509950	0.359046	0.615488	0.505604	0.560093	0.347458	0.239313	0.615591	0.388430	0.541120	0.504975	0.633484	0.630754	0.586617	0.464212	0.574661	0.462745	0.545238	0.324459	0.434667	0.398907	0.456094	0.621399	0.618656	0.636201	0.628676	0.611148	0.651591	0.582960	0.646109	0.641140	0.616034	0.570455	0.625602	0.589074	0.219178	0.417227	0.573379	0.599585	0.646483	
0.497326	0.579554	0.638498	0.531148	0.394089	0.624746	0.573302	0.087322	0.572981	0.532534	0.503521	0.617143	0.508772	0.525597	0.593354	0.501310	0.588317	0.431448	0.497336	0.579193	0.572300	0.602331	0.575000	0.494181	0.521139	0.318164	0.638170	0.479630	0.450758	0.547206	0.292632	0.450704	0.500000	0.470374	0.570608	0.504505	0.587142	0.587381	0.387674	0.566667	0.604585	1.000000	0.620305	0.519026	0.518453	0.399606	0.594675	0.475520	0.593867	0.448769	0.508385	0.577465	0.501969	0.545914	0.434700	0.601819	0.485240	0.406615	0.465421	0.562914	0.523553	0.376494	0.601671	0.413191	0.637056	0.574401	0.414658	0.562197	0.439810	0.627582	0.533448	0.498264	0.545455	0.592313	0.535593	0.045985	0.463687	0.655576	0.541052	0.586053	0.482505	0.549378	0.424710	0.643182	0.501786	0.627087	0.528395	0.537037	0.201774	0.660206	0.215577	0.492754	0.628940	0.428434	0.623970	0.583878	0.308365	0.415534	0.578581	0.512069	0.583740	0.405825	0.568218	0.111172	0.606258	0.189732	0.640884	0.245981	0.578397	0.554992	0.268943	0.587970	0.346585	0.376376	0.620178	0.616210	0.236340	0.556921	0.584062	0.618956	0.470699	0.559598	0.197778	0.599734	0.107218	0.536621	0.535379	0.614719	0.554439	0.436119	0.531464	0.585414	0.382557	0.551220	0.636364	0.508211	0.407143	0.573886	0.331276	0.613607	0.599072	0.587326	0.552923	0.579511	0.574910	0.645933	0.624104	0.578397	0.175478	0.516295	0.618557	0.598306	0.546678	0.384462	0.546614	0.458444	0.596323	0.372000	0.612378	0.513181	0.458869	0.634763	0.195773	0.620321	0.605727	0.545608	0.485068	0.596491	0.573585	0.602335	0.601761	0.636735	0.581484	0.611336	0.632601	0.434013	0.467290	0.598264	0.544304	0.661391	0.618494	0.616606	0.457422	0.595410	0.628706	0.578869	0.583271	0.575154	0.594395	0.634111	0.359960	0.395469	0.600853	0.570048	0.637500	0.555121	0.596894	0.630257	0.568966	0.602780	0.581954	0.526499	0.602582	0.533891	0.540357	0.493324	0.450281	0.567141	0.529412	0.541463	0.507168	0.444863	0.606526	0.211687	0.478899	0.633406	0.573228	0.317790	0.608035	0.519481	0.255914	0.324380	0.531712	0.518570	0.511251	0.606782	0.584471	0.570281	0.591260	0.522337	0.235038	0.594937	0.179574	0.526587	0.521586	0.414728	0.565688	0.578431	0.559295	0.611444	0.423077	0.604450	0.616029	0.395648	0.315680	0.585579	0.440678	0.582723	0.331901	0.548896	0.562305	0.466055	0.531987	0.595200	0.219962	0.446970	0.326109	0.646067	0.505158	0.643075	0.513793	0.600000	0.489649	0.457407	0.450518	0.474954	0.546383	0.539629	0.613535	0.072253	0.522046	0.537728	0.476015	0.652447	0.559809	0.619203	0.215622	0.595616	0.431034	0.606401	0.637771	0.490161	0.557834	0.518966	0.550847	0.165158	0.538333	0.496570	0.602339	0.555927	0.463100	0.629728	0.211687	0.398821	0.528809	0.296218	0.614712	0.523050	0.596056	0.438330	0.615066	0.471560	0.427073	0.574575	0.544398	0.376869	0.423372	0.587605	0.268410	0.457407	0.370151	0.352992	0.394477	0.585366	0.603499	0.538398	0.332991	0.505208	0.622093	0.588603	0.586742	0.648427	0.472197	0.408958	0.613851	0.444655	0.627131	0.587510	0.595556	0.358300	0.517873	0.267084	0.530683	0.624923	0.599732	0.543110	0.564885	0.612459	0.195773	0.312175	0.604931	0.598264	0.501355	0.581903	0.643229	0.604112	0.505282	0.578221	0.621294	0.488160	0.623431	0.531017	0.556654	0.312175	0.447344	0.263383	0.423778	0.503333	0.503004	0.464253	0.563855	0.553157	0.610595	0.591882	0.586704	0.606061	0.558800	0.227322	0.629080	0.599251	0.554392	0.563940	0.601078	0.631744	0.332991	0.445759	0.614654	0.640698	0.513632	0.574780	0.457941	0.580545	0.421359	0.420832	0.525043	0.623377	0.384995	0.541254	0.531489	0.285765	0.205057	0.554310	0.580106	0.388503	0.527380	0.570787	0.600400	0.306889	0.223439	0.594074	0.473588	0.457090	0.598437	0.508415	0.601583	0.444444	0.532554	0.131336	0.486392	0.289384	0.548282	0.407407	0.552960	0.553926	0.611604	0.599743	0.586207	0.399217	0.421154	0.599464	0.412051	0.624632	0.622889	0.385686	0.529870	0.622386	0.587819	0.244535	0.452336	0.620999	0.556231	0.385735	0.555418	0.550211	0.140396	0.548467	0.317427	0.381710	0.576351	0.548051	0.596873	0.598579	0.496014	0.050088	0.555732	0.491007	0.391691	0.454288	0.550772	0.479414	0.642112	0.563843	0.384080	0.620303	0.522998	0.604560	0.376000	0.557003	0.519481	0.644231	0.521320	0.645124	0.495544	0.415131	0.546205	0.305120	0.504488	0.468750	0.555646	0.582435	0.393670	0.613419	0.415534	0.272630	0.600818	0.404276	0.452447	0.263383	0.317107	0.621937	0.296218	0.452582	0.421359	0.615979	0.577386	0.625753	0.534998	0.488288	0.363269	0.457786	0.422234	0.338115	0.306889	0.359960	0.525876	0.621140	0.593145	0.572298	0.619242	0.597183	0.488372	0.624685	0.587102	0.526405	0.488246	0.548617	0.608377	0.163080	0.324045	0.485068	0.519328	0.591549	
0.420408	0.540934	0.590538	0.493622	0.299340	0.596606	0.621915	0.122496	0.534230	0.463061	0.432615	0.641563	0.436828	0.461842	0.527295	0.442063	0.594625	0.333573	0.423338	0.542787	0.636157	0.642599	0.530713	0.417747	0.452555	0.413515	0.633151	0.376751	0.349003	0.612980	0.214176	0.359519	0.426829	0.394464	0.640952	0.407407	0.543014	0.638181	0.288035	0.480620	0.577982	0.620305	1.000000	0.589893	0.438762	0.300587	0.648990	0.545354	0.560237	0.551004	0.429440	0.525215	0.586437	0.475570	0.340730	0.579629	0.381285	0.315407	0.365303	0.491003	0.586769	0.285503	0.595291	0.319072	0.619543	0.640875	0.326354	0.508197	0.347826	0.613304	0.458388	0.446667	0.616728	0.558806	0.469895	0.065076	0.369902	0.623034	0.610498	0.570755	0.382148	0.488088	0.325145	0.638520	0.419619	0.622901	0.499040	0.475260	0.145600	0.622311	0.294461	0.403581	0.580275	0.331174	0.622338	0.579710	0.405849	0.317852	0.586786	0.457560	0.506971	0.317852	0.514429	0.155175	0.611052	0.136656	0.594655	0.333621	0.627837	0.467974	0.196109	0.554231	0.255831	0.279139	0.562500	0.631787	0.321453	0.494583	0.646717	0.644040	0.567957	0.626506	0.142628	0.609071	0.149780	0.599485	0.464168	0.621883	0.482490	0.331174	0.606584	0.650774	0.291820	0.503169	0.556213	0.454485	0.507029	0.528580	0.243939	0.623295	0.603123	0.537150	0.522924	0.544686	0.582903	0.626733	0.614976	0.583287	0.126112	0.458388	0.515848	0.642995	0.477554	0.285503	0.619447	0.545455	0.517824	0.280415	0.609665	0.433378	0.556489	0.644506	0.141139	0.648332	0.645102	0.471279	0.403304	0.631681	0.548715	0.533987	0.649408	0.638875	0.542598	0.609836	0.641215	0.524043	0.365303	0.525077	0.531017	0.630137	0.651483	0.636455	0.532950	0.611853	0.632430	0.560284	0.556418	0.593906	0.569249	0.562791	0.266268	0.496258	0.627451	0.510692	0.636622	0.537185	0.606889	0.627512	0.571264	0.576093	0.625181	0.448299	0.572905	0.476993	0.465574	0.578349	0.360679	0.532838	0.472042	0.619658	0.413934	0.354862	0.618524	0.152988	0.388039	0.652372	0.524104	0.415994	0.648402	0.449767	0.186228	0.238602	0.446965	0.595253	0.411241	0.626910	0.629195	0.509730	0.610294	0.458995	0.170481	0.529777	0.129136	0.458388	0.432906	0.518432	0.540804	0.496183	0.513784	0.641319	0.329971	0.625636	0.633663	0.294334	0.231884	0.576409	0.356028	0.569428	0.430564	0.527228	0.529412	0.388039	0.475260	0.646874	0.300181	0.349003	0.239939	0.581264	0.584551	0.628083	0.457560	0.553318	0.408499	0.376751	0.354862	0.374474	0.463559	0.471969	0.642251	0.101680	0.595664	0.447702	0.381285	0.617920	0.515605	0.609899	0.155927	0.544584	0.334770	0.635040	0.652668	0.416098	0.500319	0.458886	0.467277	0.118506	0.490956	0.580815	0.635569	0.479948	0.381285	0.648989	0.152988	0.303075	0.595530	0.216923	0.565950	0.429539	0.573093	0.346648	0.597214	0.388039	0.340730	0.642796	0.482936	0.284234	0.334770	0.538973	0.361446	0.376751	0.468499	0.456808	0.298091	0.504436	0.565116	0.492623	0.245269	0.449333	0.570766	0.526703	0.580974	0.600000	0.395848	0.314182	0.653061	0.350178	0.558633	0.547112	0.566549	0.264970	0.445485	0.361003	0.450498	0.623151	0.597177	0.512272	0.546441	0.615056	0.141139	0.229183	0.632521	0.521362	0.587879	0.530061	0.598726	0.649443	0.432615	0.548426	0.605895	0.396957	0.593715	0.486834	0.611820	0.229183	0.368754	0.191888	0.333573	0.587814	0.460013	0.373333	0.510986	0.515322	0.645250	0.560188	0.611445	0.595745	0.523839	0.164687	0.625676	0.558526	0.512272	0.514001	0.605895	0.641560	0.245269	0.542982	0.604830	0.606424	0.430976	0.567757	0.543191	0.533987	0.317852	0.517150	0.451527	0.590834	0.296841	0.489744	0.604847	0.383798	0.280698	0.612606	0.556156	0.291820	0.472964	0.563280	0.608554	0.225115	0.161776	0.554770	0.395574	0.367606	0.529484	0.427894	0.650022	0.356028	0.477361	0.093750	0.439812	0.386696	0.495541	0.312955	0.526961	0.453882	0.605626	0.613039	0.636728	0.308029	0.329971	0.640759	0.316630	0.644499	0.631741	0.288035	0.451098	0.631206	0.581818	0.332044	0.365303	0.618848	0.546875	0.487696	0.623423	0.470972	0.194774	0.488746	0.233232	0.288035	0.539077	0.616536	0.601429	0.638462	0.426540	0.070820	0.524938	0.409589	0.294334	0.354862	0.502850	0.391395	0.627213	0.629915	0.286770	0.639137	0.467806	0.616038	0.280415	0.500000	0.594933	0.590909	0.597666	0.637194	0.420408	0.319072	0.494872	0.223755	0.414501	0.385794	0.507916	0.547995	0.294334	0.640611	0.317852	0.198912	0.642059	0.316630	0.380154	0.191888	0.419550	0.629486	0.216923	0.359519	0.317852	0.627368	0.514107	0.642430	0.611836	0.407407	0.268857	0.360679	0.517225	0.249245	0.225115	0.266268	0.479948	0.638780	0.564497	0.545126	0.632089	0.582579	0.416098	0.623967	0.558633	0.465177	0.404402	0.526968	0.651904	0.116978	0.239939	0.404680	0.481144	0.563347	
0.257344	0.377504	0.470208	0.325249	0.176623	0.470079	0.517995	0.211978	0.369338	0.289890	0.267380	0.546470	0.270226	0.292663	0.354045	0.273770	0.447128	0.198460	0.260223	0.369338	0.619883	0.609302	0.364272	0.253731	0.283619	0.568121	0.530447	0.226526	0.208422	0.637018	0.123831	0.215254	0.261659	0.239130	0.590426	0.248649	0.371230	0.616924	0.169492	0.311824	0.431067	0.519026	0.589893	1.000000	0.268804	0.177412	0.598856	0.645628	0.398936	0.602967	0.265239	0.363000	0.613014	0.302981	0.203072	0.445668	0.229508	0.186827	0.219027	0.317219	0.652601	0.167899	0.445990	0.189166	0.502264	0.606389	0.193825	0.337150	0.207660	0.475680	0.288501	0.278709	0.634557	0.392830	0.298182	0.115186	0.222035	0.520905	0.637379	0.404843	0.230995	0.315200	0.193050	0.561047	0.255901	0.514423	0.321912	0.303665	0.082840	0.529532	0.456968	0.244268	0.430323	0.196918	0.500000	0.417665	0.530282	0.188387	0.445664	0.284318	0.331881	0.188387	0.342385	0.265156	0.486391	0.077590	0.457893	0.471543	0.626009	0.299556	0.112903	0.395429	0.149385	0.163906	0.406356	0.530777	0.476342	0.325914	0.597077	0.607791	0.620597	0.618557	0.081093	0.475884	0.256470	0.645941	0.293355	0.517170	0.307754	0.196918	0.642296	0.589575	0.171875	0.331881	0.402730	0.282219	0.596740	0.363636	0.142038	0.492815	0.474322	0.373117	0.354549	0.381867	0.426766	0.537917	0.486219	0.450549	0.071429	0.288501	0.352113	0.635953	0.304348	0.167899	0.580858	0.607357	0.345640	0.164706	0.486219	0.268804	0.622251	0.571796	0.080219	0.584518	0.557377	0.300928	0.245000	0.532446	0.391603	0.367442	0.572226	0.540199	0.381245	0.468131	0.593481	0.646227	0.219027	0.355972	0.354045	0.563316	0.591326	0.525060	0.641375	0.483688	0.613450	0.400909	0.392830	0.452035	0.409657	0.417698	0.155867	0.602315	0.516349	0.339771	0.557119	0.363636	0.466138	0.509695	0.425754	0.413223	0.641337	0.278005	0.429156	0.308434	0.296117	0.617106	0.216010	0.355330	0.305030	0.616245	0.253007	0.212224	0.493352	0.087193	0.233962	0.573431	0.357895	0.554149	0.564871	0.280816	0.106966	0.138754	0.278005	0.644975	0.249377	0.528226	0.592398	0.341732	0.488951	0.287109	0.097561	0.354045	0.073193	0.288501	0.266667	0.633116	0.373117	0.327908	0.343689	0.575719	0.196146	0.508067	0.529828	0.173461	0.134632	0.415292	0.212983	0.412627	0.554513	0.356613	0.366809	0.233962	0.303665	0.567823	0.460261	0.208422	0.139576	0.445017	0.649302	0.522154	0.284318	0.400759	0.249377	0.226526	0.212224	0.225032	0.294737	0.302297	0.634284	0.177392	0.628571	0.279412	0.229508	0.514365	0.347587	0.484076	0.088929	0.390374	0.199230	0.550065	0.591401	0.254455	0.324582	0.284318	0.298182	0.067003	0.311824	0.629936	0.539101	0.310469	0.229508	0.583228	0.087193	0.178988	0.653734	0.125501	0.419790	0.261659	0.415916	0.206897	0.454413	0.233962	0.203072	0.584877	0.315200	0.167102	0.199230	0.381245	0.494958	0.226526	0.609477	0.600679	0.175834	0.331881	0.416948	0.319234	0.142857	0.278709	0.420816	0.364907	0.440840	0.462822	0.239130	0.186047	0.581693	0.209184	0.406203	0.375000	0.405293	0.155059	0.275184	0.521987	0.282219	0.508941	0.471854	0.339117	0.382342	0.485106	0.080219	0.132979	0.521298	0.355972	0.639510	0.365541	0.491699	0.572055	0.267380	0.378607	0.469234	0.239866	0.450715	0.317891	0.652229	0.132979	0.221284	0.110363	0.198460	0.645402	0.287805	0.224283	0.341732	0.345640	0.561100	0.407547	0.610563	0.464748	0.355972	0.094118	0.540268	0.398479	0.339117	0.350822	0.464915	0.588015	0.142857	0.626755	0.463705	0.474856	0.268092	0.412185	0.652645	0.367442	0.188387	0.618843	0.282919	0.460479	0.175043	0.319904	0.634834	0.547985	0.443889	0.641937	0.387443	0.171875	0.302981	0.397719	0.471009	0.130493	0.092391	0.405293	0.239866	0.220532	0.364272	0.262376	0.581191	0.212983	0.310469	0.052705	0.269515	0.525507	0.326579	0.185265	0.366809	0.283619	0.458696	0.487890	0.600988	0.182132	0.196146	0.560127	0.187608	0.536765	0.511403	0.169492	0.280816	0.517631	0.433690	0.482593	0.219027	0.495625	0.386059	0.588148	0.626008	0.301613	0.327833	0.316547	0.135458	0.169492	0.362364	0.635100	0.457701	0.627009	0.262376	0.125067	0.348883	0.250104	0.173461	0.212224	0.332542	0.236181	0.525992	0.613959	0.168696	0.554256	0.294046	0.485512	0.164706	0.330559	0.634653	0.462377	0.645729	0.551519	0.257344	0.189166	0.319904	0.129663	0.251557	0.232480	0.332542	0.375627	0.173461	0.569808	0.188387	0.114593	0.534930	0.187608	0.228764	0.110363	0.547270	0.543702	0.125501	0.215254	0.188387	0.489638	0.343037	0.564744	0.625190	0.248649	0.157480	0.216010	0.641311	0.145310	0.130493	0.155867	0.310469	0.531051	0.401214	0.385588	0.537542	0.437569	0.254455	0.505723	0.403933	0.294046	0.245731	0.354687	0.572231	0.066116	0.139576	0.245000	0.305030	0.405446	
0.617555	0.607099	0.534260	0.600543	0.606403	0.564824	0.492462	0.036151	0.624378	0.619883	0.622699	0.486572	0.652439	0.619186	0.612821	0.586989	0.555556	0.608229	0.623053	0.626866	0.360927	0.392535	0.610553	0.612954	0.610370	0.141743	0.521665	0.637584	0.618881	0.309806	0.532189	0.612737	0.618012	0.606852	0.402492	0.635783	0.602230	0.380454	0.593870	0.631285	0.600877	0.518453	0.438762	0.268804	1.000000	0.586466	0.417098	0.234914	0.604924	0.233155	0.637904	0.604534	0.283239	0.617354	0.626549	0.571429	0.643333	0.610294	0.645051	0.649171	0.284719	0.573077	0.569328	0.606947	0.549451	0.377533	0.600362	0.636605	0.616462	0.560472	0.648094	0.613772	0.304895	0.600237	0.632184	0.018800	0.606780	0.539069	0.302918	0.599537	0.637874	0.615811	0.608696	0.487461	0.628931	0.504854	0.596443	0.642045	0.425837	0.515853	0.092898	0.651613	0.585526	0.624776	0.548948	0.582307	0.136935	0.615385	0.557652	0.621302	0.613941	0.589744	0.622047	0.046363	0.537143	0.407767	0.578838	0.107038	0.360927	0.641834	0.494481	0.614657	0.555332	0.598058	0.622685	0.512563	0.102524	0.629579	0.410419	0.411616	0.241596	0.342947	0.418269	0.547059	0.044660	0.287599	0.632801	0.520741	0.636620	0.617594	0.284719	0.416934	0.579048	0.624665	0.589744	0.600297	0.190338	0.618868	0.549180	0.536313	0.542439	0.619753	0.588235	0.597087	0.579583	0.515152	0.538535	0.561514	0.385185	0.592375	0.635779	0.371802	0.621277	0.592308	0.400257	0.225751	0.625815	0.573643	0.551855	0.608563	0.228751	0.467766	0.419277	0.460317	0.468468	0.648571	0.618357	0.491028	0.585018	0.601748	0.438148	0.498781	0.597813	0.557114	0.437203	0.201603	0.621160	0.620690	0.592308	0.482490	0.433445	0.514731	0.218583	0.536023	0.396100	0.583721	0.588375	0.546763	0.605505	0.590090	0.570297	0.182835	0.509939	0.625330	0.484326	0.608805	0.541625	0.535618	0.572687	0.595696	0.338509	0.629685	0.589011	0.618847	0.632035	0.260350	0.615120	0.613811	0.617564	0.330972	0.655063	0.616984	0.535681	0.420804	0.636964	0.464706	0.625954	0.141558	0.466863	0.619970	0.479821	0.541322	0.653673	0.275949	0.628389	0.492899	0.393662	0.609724	0.513060	0.623529	0.459770	0.638462	0.388206	0.633431	0.639017	0.190837	0.600000	0.635135	0.620419	0.460400	0.600719	0.527337	0.493266	0.592030	0.542797	0.600675	0.615917	0.585034	0.148535	0.604592	0.620000	0.627063	0.636364	0.454349	0.094920	0.636364	0.544330	0.585106	0.259421	0.528139	0.621302	0.605140	0.647528	0.587248	0.644714	0.636364	0.633864	0.592593	0.371169	0.029775	0.278179	0.645740	0.603333	0.538739	0.615584	0.542502	0.437647	0.607867	0.600000	0.468774	0.445667	0.640379	0.614966	0.644970	0.635057	0.365000	0.611732	0.253783	0.487765	0.627451	0.606667	0.455133	0.444444	0.610487	0.278891	0.534188	0.582677	0.621118	0.583051	0.649123	0.600208	0.623762	0.598230	0.418758	0.629681	0.574181	0.600000	0.597813	0.117647	0.587248	0.167778	0.159085	0.592453	0.635389	0.585586	0.588721	0.572597	0.592814	0.609865	0.627353	0.573876	0.564417	0.626427	0.585635	0.451477	0.614311	0.605780	0.619926	0.609700	0.555556	0.654600	0.117016	0.647845	0.524358	0.558416	0.623514	0.602906	0.555235	0.419277	0.536688	0.502120	0.597701	0.264992	0.604010	0.520913	0.447275	0.625767	0.614634	0.562000	0.638436	0.581053	0.582069	0.304753	0.557652	0.597623	0.511111	0.608229	0.259936	0.625551	0.623946	0.593955	0.623207	0.458797	0.585534	0.388722	0.559441	0.615581	0.450116	0.504580	0.615746	0.605020	0.603871	0.544000	0.451930	0.552147	0.213377	0.567677	0.567164	0.637060	0.565909	0.216341	0.609238	0.615385	0.195984	0.626113	0.576098	0.578450	0.634615	0.288997	0.125963	0.088069	0.310984	0.590636	0.601905	0.620199	0.571093	0.555665	0.544304	0.452214	0.595843	0.612378	0.605442	0.635678	0.623256	0.456414	0.612457	0.619048	0.296875	0.580153	0.127709	0.634146	0.612546	0.605000	0.640000	0.548420	0.547664	0.391095	0.594796	0.611511	0.454743	0.598165	0.502885	0.541704	0.601533	0.619970	0.528897	0.584052	0.106359	0.634812	0.551020	0.586538	0.179769	0.336593	0.610556	0.059084	0.633472	0.541667	0.593870	0.625473	0.310394	0.573455	0.369910	0.617054	0.020502	0.621762	0.605096	0.599620	0.616984	0.591700	0.623974	0.524017	0.346215	0.583493	0.489607	0.620290	0.532826	0.542636	0.631720	0.276533	0.567901	0.269802	0.488391	0.642633	0.595978	0.620879	0.541226	0.619048	0.635762	0.615797	0.611794	0.611006	0.456241	0.604396	0.496703	0.498778	0.590826	0.617696	0.511111	0.141222	0.505691	0.529915	0.612737	0.622711	0.548689	0.621232	0.463833	0.302918	0.632588	0.587771	0.628866	0.195341	0.581301	0.523207	0.570297	0.607843	0.500000	0.603730	0.587952	0.500406	0.579060	0.602524	0.538043	0.587283	0.628986	0.636656	0.604353	0.446003	0.360902	0.560825	0.615137	0.597734	0.598844	
0.604651	0.541007	0.422599	0.550489	0.601467	0.458190	0.376866	0.022817	0.542522	0.580071	0.622642	0.358392	0.610487	0.583039	0.559271	0.589981	0.466346	0.613272	0.600000	0.539589	0.242604	0.266407	0.528190	0.602740	0.593128	0.091273	0.388626	0.632911	0.622222	0.206134	0.569767	0.627451	0.586207	0.586558	0.276467	0.607143	0.545985	0.256731	0.615000	0.575758	0.486076	0.399606	0.300587	0.177412	0.586466	1.000000	0.288326	0.154020	0.517100	0.152814	0.599620	0.535714	0.187471	0.581756	0.627540	0.473876	0.606695	0.630332	0.620690	0.561462	0.188506	0.613065	0.472289	0.616471	0.416495	0.255452	0.589327	0.560127	0.636971	0.444693	0.596429	0.578755	0.202669	0.515950	0.588850	0.011827	0.615385	0.403147	0.201276	0.509434	0.620833	0.547579	0.623256	0.355286	0.610895	0.395648	0.548440	0.570447	0.547297	0.388517	0.059266	0.638554	0.498734	0.634483	0.420185	0.482490	0.088096	0.669811	0.456731	0.570397	0.560897	0.641509	0.568750	0.029319	0.437500	0.531034	0.475059	0.068470	0.242604	0.614583	0.580060	0.519337	0.597333	0.620865	0.512129	0.382463	0.065527	0.559350	0.282369	0.280438	0.158607	0.229692	0.510204	0.445434	0.028233	0.190520	0.578483	0.403561	0.581633	0.620690	0.188506	0.285317	0.610422	0.567308	0.516304	0.595281	0.123718	0.531947	0.622951	0.424370	0.440753	0.537791	0.524242	0.515670	0.496831	0.384615	0.437029	0.472859	0.494700	0.550000	0.534351	0.250458	0.590051	0.623116	0.286313	0.147748	0.555039	0.634518	0.428418	0.586466	0.149799	0.338284	0.518771	0.324367	0.338843	0.605536	0.597194	0.369565	0.522949	0.536082	0.309434	0.369702	0.527817	0.447489	0.303479	0.131326	0.612069	0.553707	0.525836	0.352537	0.298616	0.397287	0.142857	0.437432	0.269914	0.495935	0.527046	0.453584	0.506667	0.488251	0.626632	0.118669	0.388406	0.559748	0.355286	0.523031	0.443429	0.415400	0.478372	0.507227	0.226519	0.594495	0.484772	0.570458	0.598949	0.171548	0.630435	0.536364	0.578767	0.221143	0.615686	0.615385	0.417973	0.531561	0.611570	0.331179	0.560241	0.091152	0.331715	0.571949	0.580247	0.607735	0.572477	0.182384	0.605941	0.379535	0.269914	0.550861	0.421053	0.584229	0.562300	0.553191	0.498246	0.607143	0.620038	0.124054	0.537791	0.566343	0.566978	0.333605	0.640553	0.401186	0.384615	0.597531	0.616246	0.498044	0.609649	0.492105	0.095772	0.537764	0.528024	0.615702	0.580756	0.323089	0.060579	0.608889	0.628099	0.471883	0.170905	0.396902	0.581227	0.517711	0.598020	0.590717	0.624176	0.635593	0.597540	0.565517	0.250000	0.018770	0.183939	0.585009	0.602510	0.410931	0.537037	0.423784	0.547855	0.529986	0.607306	0.348936	0.307808	0.617188	0.551387	0.599278	0.581882	0.467626	0.558923	0.167006	0.367754	0.570946	0.598326	0.322581	0.524917	0.626214	0.184435	0.606936	0.498044	0.590038	0.505898	0.629464	0.466112	0.615702	0.609481	0.294540	0.560935	0.619647	0.621005	0.524964	0.075409	0.590717	0.108581	0.102783	0.612745	0.570513	0.493473	0.565289	0.637602	0.567766	0.488312	0.548148	0.480296	0.467290	0.615071	0.622328	0.315385	0.643016	0.522207	0.535456	0.518817	0.623037	0.602588	0.074995	0.602541	0.401192	0.439189	0.551181	0.522727	0.433079	0.511945	0.608451	0.384106	0.538578	0.174766	0.538462	0.427957	0.317583	0.600000	0.521490	0.455581	0.609756	0.480676	0.563847	0.202569	0.585915	0.591006	0.573171	0.617849	0.171261	0.561717	0.870488	0.547731	0.551938	0.334694	0.502003	0.265372	0.450512	0.544629	0.563107	0.378128	0.521262	0.551181	0.539051	0.444191	0.314658	0.637602	0.139314	0.456221	0.455266	0.625235	0.477573	0.141331	0.536082	0.622642	0.127527	0.615942	0.469078	0.609337	0.567657	0.191499	0.080868	0.056134	0.206966	0.517581	0.635236	0.564544	0.485597	0.445689	0.647727	0.566775	0.502688	0.601626	0.613734	0.540059	0.588910	0.318076	0.640351	0.570946	0.427481	0.555347	0.082016	0.564935	0.614286	0.516224	0.593128	0.456345	0.419831	0.266234	0.615385	0.622120	0.325655	0.581560	0.375802	0.408862	0.650000	0.590164	0.401961	0.466501	0.068027	0.629310	0.426778	0.509859	0.116610	0.225151	0.559585	0.037453	0.582363	0.631285	0.590000	0.542474	0.206549	0.453179	0.249089	0.585086	0.012902	0.544615	0.600791	0.627160	0.624176	0.553600	0.579055	0.394917	0.232032	0.631579	0.348343	0.595070	0.430571	0.598985	0.572347	0.182791	0.463529	0.178106	0.363798	0.612403	0.621176	0.557756	0.558405	0.618110	0.634855	0.556800	0.531792	0.637037	0.322327	0.603774	0.582583	0.371041	0.614657	0.591195	0.579268	0.090929	0.370036	0.595376	0.618736	0.641509	0.429175	0.555382	0.336341	0.201276	0.603175	0.638961	0.617391	0.127092	0.605405	0.585227	0.621410	0.574324	0.380334	0.510870	0.505650	0.367899	0.474201	0.597656	0.413442	0.500673	0.602113	0.604000	0.522003	0.314417	0.483755	0.573003	0.597194	0.561644	0.514132	
0.404450	0.534271	0.580917	0.484625	0.287122	0.598408	0.622841	0.128233	0.525384	0.443456	0.417639	0.639147	0.420440	0.447402	0.502994	0.426821	0.580260	0.320221	0.407311	0.519481	0.635085	0.641317	0.517200	0.401838	0.435783	0.425145	0.628931	0.362046	0.335157	0.616461	0.205015	0.345343	0.409387	0.379242	0.642084	0.391821	0.524455	0.647758	0.276204	0.459527	0.569367	0.594675	0.648990	0.598856	0.417098	0.288326	1.000000	0.557431	0.542742	0.558593	0.414555	0.516627	0.602063	0.456999	0.327148	0.580926	0.366443	0.302650	0.350949	0.477076	0.584249	0.273759	0.584148	0.306193	0.613522	0.642721	0.313236	0.491484	0.334018	0.589407	0.442748	0.432606	0.620099	0.547028	0.455233	0.068221	0.355405	0.612124	0.617252	0.551881	0.368633	0.468032	0.312067	0.626039	0.403670	0.605042	0.481184	0.460477	0.139144	0.615459	0.306936	0.388079	0.561598	0.317899	0.618255	0.564218	0.420755	0.305014	0.585683	0.440613	0.482885	0.305014	0.497579	0.162310	0.610309	0.130568	0.570658	0.347143	0.625463	0.450882	0.187640	0.534562	0.245133	0.267616	0.545040	0.627639	0.334847	0.485556	0.637175	0.650768	0.577704	0.636396	0.136294	0.595812	0.156689	0.599874	0.448385	0.620860	0.466250	0.317899	0.613743	0.645161	0.279859	0.486553	0.538902	0.437620	0.519186	0.513947	0.233672	0.606925	0.596345	0.522353	0.513158	0.532089	0.570794	0.615014	0.602782	0.585551	0.120463	0.444020	0.501500	0.644772	0.455172	0.273759	0.636661	0.556641	0.500905	0.268848	0.597630	0.419689	0.566018	0.636691	0.134866	0.638840	0.644464	0.456604	0.389146	0.636106	0.545350	0.515671	0.641849	0.625177	0.531232	0.593220	0.638172	0.535075	0.350949	0.505678	0.510180	0.621609	0.649895	0.620352	0.545080	0.605904	0.632161	0.553143	0.545874	0.580784	0.552781	0.553431	0.255197	0.508619	0.624328	0.492718	0.637119	0.519881	0.585056	0.618309	0.559511	0.552735	0.624380	0.427746	0.563333	0.465959	0.453569	0.592593	0.346467	0.515550	0.461153	0.627355	0.399474	0.340832	0.604368	0.146230	0.372995	0.638222	0.508353	0.431579	0.645018	0.434337	0.178144	0.228530	0.429030	0.609202	0.394199	0.642070	0.636112	0.496669	0.607543	0.439490	0.163019	0.505389	0.123362	0.444020	0.415315	0.530924	0.522353	0.477301	0.496977	0.638108	0.316736	0.616601	0.628489	0.282287	0.222060	0.556492	0.341962	0.550790	0.442471	0.517324	0.520710	0.371658	0.461731	0.645331	0.312853	0.335157	0.229818	0.565027	0.589270	0.612225	0.440613	0.539519	0.395517	0.362046	0.340832	0.359838	0.447818	0.458543	0.643288	0.106497	0.603517	0.432328	0.366443	0.603000	0.503614	0.605059	0.149049	0.548294	0.321379	0.645633	0.639932	0.401575	0.484923	0.438059	0.453972	0.113178	0.468244	0.588982	0.632325	0.466334	0.366443	0.640385	0.146230	0.290730	0.598454	0.207658	0.551996	0.406780	0.550986	0.332877	0.574204	0.372995	0.327148	0.631448	0.468032	0.272534	0.321379	0.527729	0.374632	0.362046	0.481621	0.468706	0.285915	0.486553	0.556805	0.474954	0.234953	0.431322	0.556678	0.510966	0.571272	0.582441	0.379242	0.301465	0.642734	0.336295	0.537892	0.532002	0.553531	0.253945	0.428847	0.375675	0.431222	0.621100	0.601053	0.503947	0.530303	0.606939	0.134866	0.219459	0.626390	0.499701	0.599762	0.515403	0.581874	0.643508	0.417639	0.530994	0.592593	0.380319	0.578261	0.475542	0.611989	0.219459	0.354293	0.183582	0.320221	0.593071	0.443030	0.358732	0.501514	0.502112	0.639249	0.554231	0.620258	0.595452	0.516438	0.157456	0.627451	0.539920	0.500304	0.506907	0.594709	0.633261	0.234953	0.554741	0.593617	0.597361	0.419961	0.560452	0.557117	0.520402	0.305014	0.528034	0.436061	0.579989	0.284708	0.477132	0.611481	0.397567	0.292689	0.620114	0.543239	0.279859	0.459510	0.546812	0.600525	0.215543	0.154663	0.542141	0.381649	0.353180	0.510083	0.409121	0.646675	0.341962	0.466334	0.089482	0.422006	0.400266	0.484029	0.300279	0.513609	0.435783	0.592197	0.603061	0.641066	0.295518	0.316736	0.649053	0.303833	0.643842	0.617456	0.276204	0.434337	0.622047	0.567657	0.345788	0.350949	0.622967	0.538908	0.496908	0.635369	0.460088	0.203529	0.472412	0.223358	0.276204	0.515746	0.619286	0.581779	0.638074	0.410423	0.074232	0.503008	0.395257	0.282287	0.340832	0.493586	0.376251	0.611302	0.635480	0.274982	0.646871	0.451899	0.601752	0.268848	0.493268	0.605223	0.575725	0.605914	0.627396	0.405759	0.306193	0.475896	0.214233	0.397368	0.370817	0.488699	0.530516	0.282287	0.636602	0.305014	0.190335	0.627303	0.303833	0.365346	0.183582	0.432530	0.628302	0.207658	0.345343	0.305014	0.616956	0.496068	0.634693	0.617252	0.393140	0.257695	0.346467	0.525720	0.238784	0.215543	0.255197	0.468828	0.628708	0.548055	0.536047	0.632720	0.577218	0.402887	0.619860	0.553846	0.448101	0.390212	0.515859	0.640760	0.111715	0.229818	0.389146	0.461153	0.559544	
0.224711	0.332542	0.424609	0.285415	0.153326	0.417280	0.474729	0.243015	0.325153	0.253731	0.233645	0.498233	0.236181	0.256210	0.311340	0.239341	0.396239	0.172555	0.227273	0.325153	0.583968	0.580322	0.320574	0.221498	0.248128	0.592823	0.478984	0.197359	0.181347	0.625324	0.107088	0.187385	0.228551	0.208531	0.554217	0.216981	0.326864	0.584567	0.147059	0.273366	0.380013	0.475520	0.545354	0.645628	0.234914	0.154020	0.557431	1.000000	0.350654	0.605066	0.231738	0.319425	0.596531	0.265443	0.176623	0.394797	0.200000	0.162304	0.190722	0.278206	0.638807	0.145660	0.397794	0.164363	0.453135	0.572466	0.168468	0.296117	0.180674	0.421989	0.252489	0.243746	0.618012	0.344433	0.261146	0.133106	0.193382	0.472928	0.609000	0.357381	0.201318	0.276394	0.167785	0.507340	0.223427	0.468894	0.282419	0.266055	0.071429	0.485896	0.495311	0.213091	0.380671	0.171195	0.453615	0.369170	0.556907	0.163677	0.393645	0.248753	0.291377	0.163677	0.300830	0.302661	0.430818	0.066876	0.405947	0.519175	0.594622	0.262376	0.097561	0.346774	0.129425	0.142155	0.357381	0.478339	0.509343	0.286013	0.539957	0.579429	0.606574	0.589547	0.069914	0.422222	0.292953	0.670754	0.256829	0.462151	0.269718	0.171195	0.624351	0.546490	0.149153	0.291377	0.355422	0.246878	0.608696	0.320000	0.122995	0.443820	0.418384	0.328571	0.312500	0.335139	0.378823	0.490657	0.433197	0.392730	0.061538	0.252489	0.309598	0.598611	0.266667	0.145660	0.533659	0.611896	0.303763	0.142857	0.442628	0.234914	0.620164	0.522517	0.069155	0.535267	0.512998	0.263604	0.213740	0.485101	0.343319	0.323439	0.526139	0.491520	0.335252	0.418159	0.567305	0.657239	0.190722	0.313079	0.310653	0.521230	0.542897	0.465286	0.661070	0.426995	0.590825	0.355184	0.345106	0.398324	0.361759	0.371769	0.135104	0.617838	0.472772	0.298476	0.507340	0.319316	0.409338	0.462488	0.375905	0.367740	0.618415	0.243118	0.378947	0.270327	0.259299	0.611805	0.188053	0.312500	0.267278	0.591817	0.220854	0.184706	0.440636	0.075206	0.203947	0.531805	0.314815	0.576593	0.515482	0.245627	0.092391	0.120122	0.243118	0.632889	0.217628	0.474301	0.562185	0.300242	0.434104	0.251246	0.084211	0.311340	0.063067	0.252489	0.233010	0.642073	0.328571	0.287805	0.302004	0.517093	0.170514	0.464461	0.473177	0.150546	0.116520	0.367671	0.185377	0.362550	0.577683	0.313658	0.322867	0.203947	0.266055	0.516899	0.494235	0.181347	0.120841	0.397394	0.636852	0.476712	0.248753	0.352311	0.217628	0.197359	0.184706	0.196035	0.258065	0.264831	0.596608	0.203943	0.618612	0.244373	0.200000	0.456173	0.305517	0.431854	0.076712	0.344897	0.173234	0.501897	0.553013	0.222142	0.284817	0.248753	0.261146	0.057708	0.273366	0.622052	0.479142	0.272152	0.200000	0.535907	0.075206	0.155405	0.648492	0.108545	0.370984	0.228551	0.369486	0.180000	0.404138	0.203947	0.176623	0.539517	0.276394	0.144960	0.173234	0.335930	0.521004	0.197359	0.635368	0.618491	0.152632	0.291377	0.369119	0.280014	0.123711	0.243746	0.372601	0.321148	0.385770	0.410553	0.208531	0.161616	0.534347	0.182020	0.359265	0.330275	0.357810	0.134396	0.240602	0.549294	0.246878	0.459650	0.422930	0.297887	0.334912	0.425733	0.069155	0.115075	0.464793	0.313079	0.618095	0.321721	0.446889	0.524414	0.233645	0.332881	0.415974	0.209184	0.398701	0.278809	0.635173	0.115075	0.192718	0.095349	0.172555	0.634094	0.251868	0.195373	0.300242	0.303763	0.501582	0.358547	0.587832	0.413286	0.313079	0.081218	0.488742	0.351560	0.297887	0.308434	0.417891	0.550774	0.123711	0.630221	0.411538	0.422329	0.234280	0.363455	0.651271	0.323439	0.163677	0.632522	0.247504	0.413638	0.151937	0.280616	0.613704	0.577984	0.484722	0.630286	0.341546	0.149153	0.265443	0.350218	0.420986	0.112903	0.079719	0.358478	0.209184	0.192053	0.320574	0.229189	0.526405	0.185377	0.272152	0.045346	0.235548	0.553855	0.286611	0.160928	0.322184	0.248128	0.401800	0.436875	0.563819	0.158171	0.170514	0.519510	0.162991	0.481603	0.455470	0.147059	0.245627	0.462714	0.387181	0.518420	0.190722	0.443267	0.338960	0.601248	0.598576	0.264218	0.370937	0.277603	0.117241	0.147059	0.318850	0.603729	0.409368	0.593125	0.229189	0.144406	0.306685	0.218274	0.150546	0.184706	0.291971	0.205915	0.470840	0.586713	0.146360	0.508020	0.257447	0.431311	0.142857	0.290188	0.621135	0.411348	0.639438	0.503699	0.224711	0.164363	0.280616	0.112178	0.219565	0.202634	0.291971	0.330842	0.150546	0.527809	0.163677	0.099033	0.482574	0.162991	0.199340	0.095349	0.570330	0.486310	0.108545	0.187385	0.163677	0.439650	0.301417	0.505330	0.614129	0.216981	0.136519	0.188053	0.654253	0.125858	0.112903	0.135104	0.272152	0.478078	0.353414	0.339189	0.499256	0.386171	0.222142	0.451453	0.357262	0.257447	0.214390	0.311920	0.524747	0.056940	0.120841	0.213740	0.267278	0.355259	
0.587814	0.653543	0.601990	0.628877	0.506849	0.631491	0.600144	0.057518	0.634098	0.627407	0.608696	0.593857	0.610526	0.615558	0.633299	0.595349	0.638335	0.551451	0.604043	0.626122	0.481353	0.527957	0.631156	0.605769	0.615561	0.218575	0.610465	0.566038	0.560311	0.443290	0.415038	0.561538	0.609727	0.596059	0.529933	0.591515	0.650099	0.511992	0.496533	0.605464	0.637264	0.593867	0.560237	0.398936	0.604924	0.517100	0.542742	0.350654	1.000000	0.350200	0.608491	0.640483	0.413078	0.609756	0.554974	0.634615	0.558198	0.522207	0.578344	0.632719	0.414263	0.506259	0.648132	0.552279	0.636716	0.507788	0.542553	0.623295	0.548052	0.631579	0.626561	0.622837	0.441980	0.654511	0.621229	0.030068	0.572877	0.620329	0.437659	0.650988	0.584270	0.626087	0.529960	0.589831	0.608383	0.596096	0.630108	0.622370	0.294976	0.598829	0.145324	0.586081	0.648065	0.539683	0.619195	0.648352	0.211457	0.531544	0.629662	0.614857	0.634921	0.531544	0.630593	0.073541	0.613291	0.278232	0.624248	0.166746	0.483342	0.626533	0.386503	0.644976	0.468391	0.487395	0.637817	0.597272	0.159927	0.638889	0.535815	0.530566	0.362010	0.480532	0.289431	0.626743	0.070875	0.418116	0.632883	0.609610	0.624862	0.547619	0.419071	0.541524	0.513812	0.632804	0.626301	0.623853	0.289409	0.629779	0.457060	0.630008	0.637255	0.638256	0.640163	0.633431	0.634234	0.598414	0.624000	0.624348	0.258278	0.610670	0.622951	0.511747	0.628319	0.503477	0.520251	0.339793	0.633540	0.492308	0.628800	0.616647	0.344016	0.577952	0.286645	0.571609	0.576094	0.625139	0.600000	0.606316	0.648077	0.640000	0.560146	0.601399	0.643836	0.644946	0.547847	0.305547	0.573248	0.631365	0.643514	0.563342	0.554900	0.609017	0.329677	0.630645	0.506522	0.645892	0.646833	0.638225	0.647993	0.620055	0.480114	0.278602	0.607670	0.626959	0.584407	0.649899	0.623746	0.611621	0.643180	0.645102	0.478649	0.605081	0.649234	0.632967	0.623318	0.386573	0.560819	0.640163	0.618785	0.463448	0.592058	0.564433	0.629108	0.308682	0.583851	0.583708	0.637563	0.218303	0.583173	0.629885	0.368992	0.442167	0.607390	0.407941	0.590799	0.607450	0.527174	0.631250	0.616837	0.605233	0.340694	0.637385	0.264026	0.622020	0.592941	0.290127	0.652131	0.621938	0.645898	0.575484	0.543046	0.609152	0.598414	0.506887	0.433628	0.630515	0.558559	0.640148	0.228596	0.638861	0.636637	0.593789	0.626800	0.567296	0.148399	0.557717	0.447368	0.605795	0.386029	0.608567	0.626286	0.642654	0.583535	0.583648	0.567010	0.569987	0.615730	0.625971	0.502805	0.047464	0.410196	0.603687	0.580726	0.600458	0.635707	0.624398	0.314103	0.651252	0.550725	0.588235	0.558984	0.597839	0.631692	0.614857	0.618994	0.243740	0.627322	0.378963	0.588070	0.630887	0.585732	0.571608	0.308682	0.512960	0.410377	0.416792	0.643382	0.595492	0.645756	0.548765	0.650602	0.578882	0.554974	0.539405	0.630435	0.515320	0.537549	0.636008	0.182702	0.583648	0.256773	0.244084	0.518519	0.634921	0.631095	0.630670	0.453488	0.608997	0.636114	0.634538	0.626655	0.630416	0.588670	0.528302	0.565083	0.567358	0.637218	0.648221	0.655399	0.483642	0.619490	0.181755	0.614679	0.602410	0.618693	0.638075	0.632195	0.635484	0.286645	0.428994	0.606676	0.637475	0.394451	0.643932	0.596323	0.569479	0.611046	0.641806	0.640534	0.578106	0.652742	0.616883	0.437527	0.428994	0.573604	0.375963	0.551451	0.387477	0.622727	0.575758	0.625000	0.650104	0.574386	0.633645	0.504823	0.643333	0.629328	0.330159	0.594286	0.657143	0.644351	0.634497	0.627189	0.556650	0.456395	0.322304	0.635828	0.631229	0.607981	0.641335	0.326505	0.648000	0.534228	0.297511	0.602520	0.626486	0.508242	0.625674	0.421608	0.195140	0.137967	0.446568	0.637597	0.513812	0.629712	0.634286	0.642504	0.424963	0.324841	0.634742	0.612546	0.581957	0.629146	0.601896	0.565217	0.550837	0.624315	0.195540	0.625293	0.197744	0.633938	0.531714	0.636637	0.601831	0.644068	0.620961	0.513702	0.529172	0.548344	0.570886	0.526882	0.606232	0.624049	0.496533	0.613793	0.618941	0.626442	0.165721	0.580892	0.643696	0.630456	0.274173	0.473389	0.617778	0.093362	0.613883	0.438881	0.502080	0.645161	0.447528	0.642496	0.506355	0.604265	0.032775	0.638517	0.597340	0.498623	0.551546	0.627907	0.561881	0.596726	0.482759	0.505556	0.599466	0.623172	0.632000	0.500699	0.629905	0.407176	0.618275	0.400305	0.588398	0.594982	0.538874	0.647249	0.425595	0.591074	0.577833	0.638478	0.651530	0.515152	0.567483	0.531544	0.391437	0.604488	0.534946	0.581454	0.379045	0.217805	0.593422	0.416792	0.561538	0.539597	0.645620	0.638254	0.579221	0.438507	0.589091	0.478754	0.568502	0.296589	0.465991	0.433878	0.482955	0.630887	0.601858	0.635762	0.627794	0.598601	0.639648	0.605042	0.624712	0.633459	0.614173	0.584653	0.638776	0.566154	0.240803	0.450292	0.600000	0.616575	0.657895	
0.223019	0.330189	0.419253	0.283339	0.152125	0.413223	0.494469	0.244837	0.322843	0.251852	0.231894	0.502780	0.234414	0.254315	0.309110	0.237553	0.398712	0.171218	0.225564	0.322843	0.586424	0.575026	0.318290	0.219828	0.246285	0.563784	0.474159	0.195850	0.179949	0.608634	0.106229	0.185944	0.226834	0.206946	0.582002	0.215340	0.324544	0.581912	0.145903	0.271364	0.378714	0.448769	0.551004	0.602967	0.233155	0.152814	0.558593	0.605066	0.350200	1.000000	0.230000	0.317148	0.633184	0.263490	0.175258	0.394703	0.198473	0.161039	0.189258	0.276174	0.592626	0.144515	0.397680	0.163084	0.449584	0.600825	0.167160	0.293976	0.179280	0.421717	0.250618	0.241930	0.613128	0.344689	0.259220	0.134167	0.191901	0.458359	0.615313	0.356219	0.199782	0.274373	0.166482	0.488474	0.221744	0.453106	0.280361	0.264098	0.070845	0.469560	0.500490	0.211476	0.377408	0.169867	0.450062	0.370565	0.593330	0.162403	0.400644	0.246905	0.289265	0.162403	0.298661	0.304853	0.437988	0.066329	0.397432	0.540128	0.575826	0.260442	0.096774	0.345679	0.128399	0.141035	0.354229	0.483109	0.536225	0.283934	0.565906	0.554217	0.643475	0.601774	0.069342	0.428256	0.295088	0.601130	0.254930	0.466504	0.267739	0.169867	0.620953	0.571429	0.147982	0.289265	0.349618	0.245042	0.644711	0.317719	0.122016	0.450853	0.430101	0.326241	0.310263	0.334118	0.379491	0.469602	0.436602	0.400387	0.061033	0.250618	0.307377	0.573913	0.264706	0.144515	0.573279	0.648177	0.301576	0.141732	0.438476	0.233155	0.649501	0.513056	0.068589	0.523042	0.521964	0.261663	0.212121	0.501036	0.343583	0.321138	0.548638	0.491425	0.333557	0.417910	0.536976	0.598703	0.189258	0.310838	0.309110	0.489523	0.551838	0.470197	0.602372	0.436090	0.542194	0.354035	0.344689	0.409731	0.359907	0.363277	0.134036	0.644204	0.481258	0.296322	0.496644	0.317719	0.419949	0.454601	0.379209	0.365194	0.592701	0.241306	0.378308	0.268344	0.257384	0.644649	0.186608	0.310263	0.265313	0.624182	0.219188	0.183284	0.451393	0.074592	0.202394	0.520649	0.312564	0.581598	0.528356	0.243799	0.091644	0.119165	0.241306	0.619332	0.215983	0.485066	0.574895	0.298077	0.450512	0.249382	0.083527	0.309110	0.062549	0.250618	0.231263	0.627465	0.326241	0.285714	0.299828	0.521987	0.169191	0.470015	0.485175	0.149365	0.115589	0.368421	0.183950	0.365974	0.596887	0.311414	0.320569	0.202394	0.264098	0.540373	0.507687	0.179949	0.119879	0.388871	0.622432	0.461585	0.246905	0.351181	0.215983	0.195850	0.183284	0.194536	0.256158	0.262881	0.572962	0.205507	0.626833	0.242553	0.198473	0.442196	0.303321	0.435897	0.076087	0.342475	0.171892	0.515661	0.534258	0.220467	0.282744	0.246905	0.259220	0.057232	0.271364	0.639594	0.497483	0.270157	0.198473	0.522573	0.074592	0.154190	0.610765	0.107675	0.365132	0.226834	0.367589	0.178611	0.403340	0.202394	0.175258	0.564256	0.274373	0.143820	0.171892	0.333557	0.562905	0.195850	0.588527	0.609071	0.151436	0.289265	0.367226	0.277971	0.122727	0.241930	0.367401	0.318860	0.389627	0.404602	0.206946	0.160356	0.536804	0.180617	0.352785	0.327935	0.356646	0.133333	0.238806	0.566925	0.245042	0.459756	0.422651	0.295736	0.335237	0.433584	0.068589	0.114155	0.485886	0.310838	0.640398	0.319430	0.428973	0.543210	0.231894	0.331875	0.418915	0.207595	0.396646	0.276773	0.592972	0.114155	0.191241	0.094579	0.171218	0.634669	0.250000	0.193878	0.298077	0.301576	0.526015	0.360026	0.548455	0.419416	0.310838	0.080558	0.486277	0.349101	0.295736	0.306220	0.422088	0.524609	0.122727	0.636120	0.413244	0.417617	0.232525	0.364896	0.609973	0.321138	0.162403	0.630102	0.245664	0.404473	0.150746	0.278569	0.625736	0.559717	0.497442	0.607428	0.339142	0.147982	0.263490	0.349101	0.425142	0.112000	0.079070	0.357309	0.207595	0.190581	0.318290	0.227468	0.539023	0.183950	0.270157	0.044970	0.233785	0.578933	0.284528	0.159673	0.320569	0.246285	0.413155	0.450171	0.578547	0.156936	0.169191	0.537373	0.161721	0.491082	0.458665	0.145903	0.243799	0.470088	0.389087	0.540482	0.189258	0.448436	0.338585	0.634997	0.613581	0.262272	0.374887	0.275574	0.116306	0.145903	0.316576	0.611085	0.413002	0.582291	0.227468	0.145551	0.304482	0.216625	0.149365	0.183284	0.289855	0.204348	0.456917	0.608911	0.145210	0.511304	0.255544	0.441599	0.141732	0.288083	0.628432	0.398975	0.629071	0.491765	0.223019	0.163084	0.278569	0.111280	0.217907	0.201089	0.289855	0.328499	0.149365	0.533709	0.162403	0.098235	0.496744	0.161721	0.197818	0.094579	0.600708	0.489204	0.107675	0.185944	0.162403	0.445480	0.299245	0.518900	0.624594	0.215340	0.135440	0.186608	0.605565	0.124858	0.112000	0.134036	0.270157	0.490003	0.352277	0.337471	0.490834	0.393262	0.220467	0.456528	0.356764	0.255544	0.212766	0.309686	0.548504	0.056471	0.119879	0.212121	0.265313	0.356764	
0.619273	0.628079	0.532934	0.623803	0.596958	0.557576	0.501262	0.035608	0.620776	0.645066	0.655332	0.488501	0.642089	0.635432	0.642581	0.637195	0.587987	0.620939	0.656201	0.603254	0.356392	0.388889	0.594185	0.652866	0.644776	0.139727	0.523891	0.642978	0.624339	0.305793	0.529284	0.649306	0.635368	0.644737	0.397500	0.621578	0.615960	0.375729	0.568665	0.613221	0.595369	0.508385	0.429440	0.265239	0.637904	0.599620	0.414555	0.231738	0.608491	0.230000	1.000000	0.621039	0.279514	0.636103	0.632143	0.578723	0.638655	0.608534	0.612737	0.636996	0.280977	0.598058	0.587117	0.608856	0.537259	0.373984	0.627737	0.624833	0.643110	0.555336	0.638109	0.636501	0.300935	0.618138	0.630970	0.018515	0.642735	0.523810	0.298979	0.598370	0.649916	0.636872	0.617916	0.478363	0.637084	0.507092	0.611570	0.638054	0.426150	0.512909	0.091542	0.640650	0.599779	0.612319	0.536765	0.585586	0.134982	0.632163	0.564805	0.631893	0.628880	0.639556	0.636724	0.045671	0.545455	0.412776	0.563087	0.105487	0.355285	0.646465	0.526786	0.618312	0.569106	0.600000	0.603027	0.497897	0.101035	0.639344	0.406628	0.406586	0.238342	0.338591	0.423358	0.557635	0.043992	0.283825	0.628655	0.519504	0.643972	0.634058	0.280977	0.411840	0.588462	0.634278	0.597890	0.622754	0.187700	0.602532	0.559006	0.542563	0.554902	0.618634	0.612613	0.608059	0.593819	0.502113	0.548757	0.568710	0.375000	0.629247	0.616580	0.367161	0.634286	0.586408	0.408005	0.222683	0.622047	0.583170	0.548757	0.647149	0.225648	0.466516	0.414634	0.451846	0.465712	0.633094	0.662338	0.502867	0.610048	0.605528	0.438280	0.492659	0.613692	0.559919	0.429155	0.198827	0.636833	0.627249	0.609032	0.468750	0.425503	0.504787	0.215601	0.546332	0.387531	0.617544	0.622912	0.561983	0.606690	0.570781	0.596000	0.180291	0.524306	0.624170	0.479937	0.600000	0.558468	0.521739	0.582503	0.605923	0.334198	0.616314	0.587845	0.643059	0.674419	0.256881	0.634315	0.615187	0.630528	0.326738	0.650718	0.639860	0.538175	0.454545	0.635607	0.461993	0.627401	0.139545	0.462676	0.651652	0.512472	0.572025	0.604230	0.272304	0.627010	0.500000	0.391198	0.640212	0.528585	0.645926	0.469767	0.624516	0.393035	0.635155	0.653251	0.188194	0.626087	0.623129	0.642951	0.459138	0.606171	0.524358	0.503804	0.586207	0.535865	0.592760	0.631763	0.608894	0.146430	0.626444	0.628931	0.622296	0.629471	0.453102	0.093537	0.634921	0.575000	0.558289	0.255962	0.502609	0.649776	0.615746	0.627010	0.626058	0.632867	0.617997	0.638484	0.639885	0.366534	0.029326	0.274510	0.635542	0.631933	0.519457	0.619608	0.548944	0.447619	0.628297	0.645045	0.476780	0.438923	0.639110	0.635616	0.614009	0.616498	0.369620	0.641350	0.250389	0.491400	0.634697	0.635294	0.451009	0.444976	0.623819	0.275214	0.539957	0.592760	0.632238	0.609091	0.633628	0.578288	0.645591	0.642857	0.416170	0.639665	0.607004	0.623423	0.611247	0.115952	0.626058	0.165425	0.156844	0.601905	0.623482	0.577576	0.645429	0.574380	0.624434	0.586246	0.618687	0.581270	0.567318	0.644737	0.620818	0.447424	0.623239	0.579070	0.606436	0.608595	0.597194	0.647416	0.115330	0.637725	0.526690	0.549254	0.632979	0.609013	0.557915	0.414634	0.563559	0.504259	0.624679	0.261470	0.633039	0.510029	0.447443	0.636785	0.625767	0.574874	0.607553	0.584127	0.630556	0.300794	0.576271	0.613014	0.498876	0.617329	0.256472	0.636095	0.615646	0.608466	0.629921	0.463487	0.616628	0.381468	0.568273	0.604113	0.464789	0.498328	0.602837	0.625000	0.612987	0.566834	0.446479	0.566116	0.210458	0.572589	0.570000	0.638889	0.585143	0.213386	0.623116	0.613678	0.193277	0.618834	0.560575	0.606870	0.627939	0.285208	0.124157	0.086781	0.306959	0.608696	0.634615	0.636103	0.591017	0.558416	0.550107	0.476415	0.606272	0.640394	0.641509	0.601770	0.640625	0.448080	0.642234	0.643159	0.300792	0.618462	0.125880	0.654843	0.629423	0.608805	0.629851	0.565574	0.533333	0.387447	0.630394	0.613430	0.449128	0.618519	0.506623	0.527928	0.568665	0.624625	0.517150	0.589382	0.104818	0.643718	0.542404	0.607013	0.177264	0.332301	0.617816	0.058207	0.615599	0.547368	0.595745	0.621827	0.306375	0.576375	0.365286	0.650000	0.020192	0.628422	0.626003	0.597701	0.643357	0.641509	0.622517	0.517544	0.341826	0.608527	0.483771	0.636496	0.537285	0.610568	0.633288	0.272881	0.564633	0.266226	0.474277	0.641390	0.627306	0.633472	0.555556	0.624000	0.654424	0.617251	0.615575	0.578544	0.446364	0.621072	0.511111	0.500818	0.625926	0.632997	0.498876	0.139213	0.488163	0.561555	0.621528	0.617375	0.549389	0.627968	0.461078	0.298979	0.628019	0.585657	0.623917	0.192641	0.579055	0.558635	0.584000	0.643159	0.500418	0.611958	0.613333	0.495922	0.582170	0.648649	0.542311	0.604651	0.627737	0.641815	0.610825	0.446165	0.365482	0.566667	0.646104	0.624822	0.623256	
0.593830	0.666667	0.582389	0.648402	0.548435	0.622026	0.589205	0.051231	0.629237	0.638350	0.628788	0.574680	0.615578	0.628019	0.630435	0.636704	0.630713	0.577969	0.613811	0.641949	0.461066	0.491949	0.611111	0.620957	0.613497	0.196466	0.604404	0.573370	0.595506	0.409596	0.448845	0.574202	0.627551	0.602922	0.495129	0.592689	0.650475	0.486283	0.534743	0.591121	0.633080	0.577465	0.525215	0.363000	0.604534	0.535714	0.516627	0.319425	0.640483	0.317148	0.621039	1.000000	0.380563	0.631079	0.578723	0.626728	0.556757	0.549708	0.584022	0.643519	0.381617	0.551515	0.641026	0.558952	0.616883	0.486342	0.562771	0.642058	0.585091	0.610199	0.635036	0.626238	0.406127	0.661241	0.643541	0.026741	0.591781	0.586396	0.402784	0.641434	0.579515	0.641115	0.549133	0.559322	0.628866	0.575020	0.649828	0.639810	0.326165	0.578424	0.130084	0.613158	0.631179	0.562410	0.601784	0.648596	0.189992	0.562682	0.623400	0.625000	0.645598	0.562682	0.634146	0.065562	0.610084	0.307971	0.606884	0.149440	0.453893	0.625298	0.421585	0.634888	0.502355	0.528244	0.633466	0.581709	0.143274	0.638540	0.507585	0.504640	0.328065	0.448461	0.320144	0.622414	0.063176	0.381939	0.624849	0.598586	0.649412	0.548063	0.383258	0.520306	0.538346	0.632054	0.615230	0.634686	0.261186	0.643850	0.480892	0.614498	0.623176	0.654737	0.650759	0.647303	0.633682	0.573795	0.609572	0.630614	0.286239	0.625304	0.625954	0.472880	0.617751	0.539394	0.504132	0.307540	0.632856	0.539634	0.612930	0.624685	0.311437	0.554953	0.317117	0.553080	0.563859	0.630952	0.607096	0.576867	0.638124	0.637620	0.541903	0.573304	0.643821	0.632689	0.515809	0.276005	0.586777	0.621885	0.656522	0.543158	0.530887	0.581144	0.298212	0.623201	0.486244	0.658000	0.663276	0.628931	0.648221	0.601167	0.514729	0.251278	0.598304	0.643653	0.574859	0.654545	0.627968	0.597278	0.625954	0.645161	0.444981	0.607187	0.647619	0.643948	0.633854	0.352187	0.587258	0.637744	0.640662	0.433837	0.611399	0.585774	0.616899	0.341030	0.603217	0.554667	0.643629	0.196218	0.570093	0.636252	0.406143	0.467949	0.607187	0.372112	0.607562	0.598355	0.489613	0.641509	0.607261	0.624390	0.375652	0.623913	0.292505	0.635036	0.616941	0.261845	0.650526	0.625000	0.641593	0.548625	0.583333	0.601256	0.579819	0.545727	0.458805	0.635569	0.590529	0.651663	0.205591	0.660173	0.648936	0.619303	0.635071	0.539517	0.132859	0.575843	0.476800	0.598148	0.350996	0.588417	0.634804	0.640562	0.607562	0.614130	0.580195	0.574932	0.628159	0.643705	0.475289	0.042253	0.374950	0.613103	0.594595	0.582400	0.635165	0.614996	0.346903	0.647600	0.582857	0.569241	0.530740	0.617571	0.637714	0.617647	0.617225	0.270370	0.642523	0.343762	0.590044	0.639344	0.610811	0.546641	0.341030	0.551929	0.375855	0.453947	0.629738	0.602041	0.641951	0.583099	0.620127	0.619303	0.584397	0.515115	0.650407	0.531108	0.588571	0.650052	0.163888	0.614130	0.231303	0.219713	0.555224	0.620767	0.638132	0.634371	0.492846	0.621287	0.624031	0.644610	0.646182	0.624329	0.610890	0.556369	0.542894	0.577840	0.616915	0.646380	0.658052	0.509317	0.617684	0.163030	0.607626	0.583136	0.624348	0.648829	0.652174	0.609653	0.317117	0.463533	0.598939	0.624052	0.358129	0.648188	0.573826	0.543464	0.626263	0.656250	0.608772	0.591512	0.631193	0.652023	0.406824	0.473258	0.595336	0.416949	0.563662	0.351657	0.640682	0.575716	0.637070	0.679162	0.552791	0.642928	0.465966	0.625767	0.645720	0.364273	0.587621	0.641776	0.662207	0.646995	0.615789	0.523962	0.480127	0.291420	0.637168	0.634061	0.610340	0.639216	0.295289	0.663124	0.542274	0.268622	0.611794	0.609473	0.547085	0.633641	0.387016	0.175169	0.123447	0.413732	0.635149	0.538346	0.647687	0.643794	0.621645	0.459283	0.355009	0.624254	0.618037	0.590659	0.613248	0.634395	0.545455	0.582173	0.653396	0.217557	0.631447	0.177533	0.635535	0.557185	0.646809	0.606135	0.638715	0.609917	0.486127	0.551622	0.574713	0.545694	0.560584	0.595713	0.610359	0.525680	0.618989	0.605304	0.623596	0.148513	0.575758	0.625616	0.648148	0.247221	0.441671	0.604043	0.083326	0.628042	0.467742	0.537764	0.658092	0.412105	0.629991	0.479036	0.629299	0.029152	0.640351	0.596354	0.512744	0.574616	0.640361	0.587450	0.574319	0.454411	0.529501	0.582349	0.628916	0.612930	0.527439	0.658371	0.372056	0.602518	0.364275	0.570194	0.611825	0.561863	0.633641	0.469821	0.625974	0.604839	0.640361	0.651992	0.518741	0.544980	0.559767	0.423529	0.576445	0.563504	0.600812	0.416949	0.195766	0.575182	0.457237	0.576976	0.556851	0.624172	0.637874	0.550979	0.404524	0.595300	0.516229	0.578947	0.267775	0.500000	0.465798	0.530233	0.655738	0.589552	0.629259	0.651546	0.567469	0.633829	0.630491	0.609325	0.646766	0.631325	0.611549	0.651466	0.547893	0.267161	0.480000	0.636005	0.652482	0.644776	
0.271260	0.392395	0.473328	0.342116	0.186642	0.477736	0.534925	0.200750	0.384709	0.305259	0.281751	0.555974	0.284725	0.308152	0.367967	0.288428	0.464546	0.209575	0.274271	0.386336	0.615518	0.600121	0.381885	0.267483	0.298712	0.527357	0.532486	0.239005	0.220027	0.627191	0.131070	0.227191	0.275772	0.252205	0.606135	0.262166	0.387490	0.616479	0.179146	0.328132	0.440203	0.501969	0.586437	0.613014	0.283239	0.187471	0.602063	0.596531	0.413078	0.633184	0.279514	0.380563	1.000000	0.318914	0.214414	0.458462	0.242129	0.197362	0.231147	0.333754	0.595142	0.177471	0.461834	0.199818	0.502366	0.626848	0.204710	0.354504	0.219227	0.476048	0.303808	0.293586	0.634211	0.407526	0.313909	0.108773	0.234298	0.512527	0.628212	0.419214	0.243686	0.331650	0.203897	0.543842	0.269751	0.512195	0.338642	0.319627	0.087795	0.523742	0.442093	0.257582	0.438644	0.207957	0.509461	0.435636	0.541440	0.199000	0.459180	0.299442	0.349021	0.199000	0.359950	0.251507	0.504251	0.082245	0.457426	0.481906	0.603404	0.315342	0.119545	0.408637	0.157993	0.173272	0.416038	0.533521	0.474235	0.342809	0.615670	0.579809	0.653370	0.645143	0.085949	0.485234	0.243205	0.617460	0.308874	0.521521	0.323890	0.207957	0.639170	0.612321	0.181651	0.348188	0.408277	0.297251	0.621489	0.379592	0.150257	0.506413	0.491791	0.389452	0.373410	0.398548	0.441933	0.523391	0.492979	0.463546	0.075728	0.303808	0.365954	0.615700	0.320339	0.177471	0.606419	0.633128	0.363336	0.174113	0.495935	0.283239	0.654852	0.568083	0.085024	0.570207	0.574489	0.316773	0.258348	0.547032	0.407051	0.381107	0.609284	0.541234	0.398709	0.474180	0.574808	0.588283	0.231147	0.369975	0.371253	0.538776	0.593016	0.523318	0.583602	0.494807	0.582524	0.417495	0.409127	0.472603	0.423427	0.423909	0.164815	0.612003	0.532006	0.357232	0.552712	0.381224	0.481146	0.510854	0.443231	0.427108	0.616114	0.292851	0.443665	0.324598	0.311755	0.641229	0.227984	0.373410	0.321050	0.639493	0.266725	0.224014	0.509144	0.092397	0.246793	0.570481	0.375256	0.548526	0.571523	0.295787	0.113279	0.146798	0.292851	0.633540	0.262927	0.544180	0.624393	0.359272	0.512651	0.302355	0.103349	0.370431	0.077595	0.303808	0.281006	0.622196	0.389452	0.344885	0.361306	0.573520	0.207146	0.510577	0.543088	0.183318	0.142455	0.431604	0.224810	0.429641	0.558270	0.374744	0.383707	0.246793	0.319627	0.589626	0.450556	0.220027	0.147664	0.447013	0.619253	0.518149	0.299442	0.410195	0.262927	0.239005	0.224014	0.237439	0.310315	0.318201	0.604039	0.167824	0.641538	0.294320	0.242129	0.499096	0.364536	0.497409	0.094231	0.404972	0.210384	0.567073	0.574461	0.268239	0.341423	0.299442	0.313909	0.071046	0.328132	0.647921	0.559528	0.326720	0.242129	0.577428	0.092397	0.189127	0.624500	0.132831	0.427673	0.275772	0.425984	0.218427	0.460657	0.246793	0.214414	0.591354	0.331650	0.176633	0.210384	0.395480	0.505961	0.239005	0.564740	0.573361	0.185812	0.347355	0.428628	0.335852	0.151119	0.293586	0.429525	0.380914	0.452684	0.465629	0.252205	0.196542	0.573936	0.220826	0.415079	0.392220	0.422055	0.163965	0.289905	0.517394	0.297251	0.517960	0.485553	0.356551	0.399839	0.490356	0.085024	0.140713	0.540579	0.372436	0.648557	0.380758	0.489102	0.586050	0.281751	0.395960	0.474576	0.252975	0.454511	0.334454	0.618785	0.140713	0.233512	0.116865	0.209575	0.629585	0.303082	0.236655	0.358444	0.363336	0.581612	0.423595	0.574955	0.479669	0.372436	0.099712	0.546218	0.409417	0.356551	0.367901	0.478343	0.561688	0.151119	0.635169	0.474102	0.478947	0.282496	0.429191	0.618640	0.384365	0.199000	0.620994	0.297982	0.460896	0.184982	0.336551	0.642675	0.516138	0.431891	0.613092	0.404341	0.181651	0.318914	0.413408	0.487640	0.138093	0.097889	0.416501	0.252975	0.232724	0.378621	0.276522	0.581213	0.224810	0.326720	0.055910	0.283983	0.524203	0.343502	0.195721	0.385336	0.298712	0.478756	0.497615	0.610190	0.192430	0.207146	0.583004	0.198182	0.552301	0.518412	0.179146	0.295787	0.523418	0.443670	0.482829	0.231147	0.504208	0.403699	0.605706	0.623124	0.317487	0.311537	0.333053	0.143326	0.179146	0.379085	0.641148	0.470855	0.620508	0.276522	0.118138	0.365060	0.263688	0.183318	0.224014	0.349709	0.249117	0.514286	0.624153	0.178309	0.557888	0.309595	0.501109	0.174113	0.347645	0.643781	0.456795	0.631037	0.541322	0.271260	0.199818	0.336551	0.137218	0.265208	0.245241	0.349709	0.390441	0.183318	0.571335	0.199000	0.121327	0.550312	0.198182	0.241349	0.116865	0.560611	0.544194	0.132831	0.227191	0.199000	0.502387	0.358974	0.576769	0.639224	0.262166	0.166512	0.227984	0.603238	0.153703	0.138093	0.164815	0.326720	0.540806	0.413848	0.400805	0.543313	0.453879	0.268239	0.513229	0.420635	0.309595	0.259113	0.372742	0.581629	0.070107	0.147664	0.258348	0.321050	0.422222	
0.622999	0.621247	0.553030	0.616561	0.579310	0.584291	0.521319	0.041455	0.623681	0.624829	0.639087	0.524715	0.646809	0.643148	0.641737	0.619718	0.592223	0.601974	0.622287	0.630715	0.401934	0.436257	0.613018	0.624633	0.624309	0.161270	0.551387	0.635659	0.592593	0.348148	0.497087	0.596825	0.620491	0.604230	0.441354	0.634074	0.637850	0.423077	0.560420	0.630065	0.599376	0.545914	0.475570	0.302981	0.617354	0.581756	0.456999	0.265443	0.609756	0.263490	0.636103	0.631079	0.318914	1.000000	0.599349	0.601610	0.610169	0.590219	0.604724	0.636481	0.320546	0.551845	0.597403	0.600671	0.571429	0.416667	0.554817	0.615193	0.603226	0.590994	0.632011	0.605300	0.342753	0.618834	0.633557	0.021586	0.610329	0.560606	0.340580	0.626506	0.635945	0.607792	0.602329	0.520755	0.627737	0.549915	0.623077	0.645418	0.385439	0.555921	0.106080	0.633782	0.626431	0.610561	0.570928	0.615711	0.155855	0.568067	0.572283	0.620690	0.649057	0.601681	0.628853	0.053126	0.571429	0.368764	0.621915	0.122098	0.397636	0.647925	0.466135	0.634637	0.531136	0.567376	0.606791	0.539019	0.116988	0.625954	0.444855	0.451929	0.272859	0.383436	0.378495	0.561272	0.051181	0.323719	0.634146	0.548223	0.648221	0.603960	0.320546	0.458955	0.540070	0.626415	0.628445	0.628809	0.215782	0.623223	0.532588	0.566340	0.567970	0.640279	0.608905	0.600229	0.604167	0.549717	0.580000	0.574000	0.343612	0.590971	0.622276	0.415929	0.639257	0.565905	0.435434	0.255261	0.632353	0.559292	0.569091	0.617354	0.258597	0.513377	0.375000	0.500348	0.506879	0.627503	0.629851	0.514510	0.613483	0.654118	0.478610	0.528125	0.614679	0.584527	0.475690	0.228363	0.623622	0.644231	0.603136	0.514243	0.471503	0.540316	0.247287	0.561468	0.440237	0.616062	0.632287	0.561644	0.618893	0.593383	0.541516	0.207391	0.550580	0.634449	0.520755	0.592417	0.575526	0.556131	0.589342	0.609442	0.379606	0.631285	0.615224	0.621053	0.641509	0.293635	0.605388	0.620939	0.625166	0.370370	0.613803	0.607029	0.558511	0.402542	0.607634	0.509581	0.615569	0.161062	0.500355	0.622222	0.460606	0.521576	0.608939	0.310872	0.609467	0.532905	0.433136	0.649383	0.547725	0.633745	0.433884	0.648975	0.350877	0.610123	0.640000	0.216341	0.614668	0.631179	0.624846	0.504286	0.581818	0.552832	0.543250	0.552083	0.522727	0.597015	0.606061	0.603652	0.168913	0.621849	0.612485	0.607634	0.624170	0.483333	0.108373	0.611916	0.524345	0.598584	0.292607	0.553156	0.631724	0.625414	0.603550	0.592248	0.607029	0.631415	0.645946	0.617843	0.413031	0.034160	0.313333	0.626741	0.616333	0.559103	0.612943	0.572993	0.413502	0.619369	0.571429	0.509658	0.485695	0.629575	0.619898	0.637241	0.638926	0.325167	0.632680	0.286367	0.516078	0.626474	0.607088	0.497920	0.402542	0.583190	0.314119	0.502901	0.616205	0.646465	0.638116	0.604200	0.590909	0.632061	0.573290	0.454255	0.618182	0.563380	0.594417	0.649083	0.134094	0.592248	0.190524	0.180769	0.580311	0.644025	0.610459	0.623711	0.516729	0.619247	0.616366	0.640662	0.596134	0.611490	0.601208	0.570946	0.488103	0.598071	0.632385	0.631090	0.618579	0.546112	0.634831	0.133381	0.634349	0.555178	0.579792	0.632754	0.608000	0.566972	0.379310	0.520913	0.539088	0.637019	0.298768	0.637544	0.566757	0.482900	0.607703	0.621404	0.589133	0.627451	0.618619	0.625323	0.342597	0.498099	0.614420	0.460922	0.582237	0.293177	0.613699	0.626168	0.634568	0.620098	0.498567	0.595652	0.426573	0.571429	0.605769	0.420833	0.537600	0.626667	0.612903	0.604369	0.579600	0.487110	0.527881	0.241490	0.598653	0.588235	0.638177	0.587729	0.244792	0.623529	0.571429	0.222091	0.636238	0.589494	0.567474	0.612613	0.325260	0.143484	0.100602	0.349442	0.614512	0.585366	0.632979	0.604444	0.577068	0.520076	0.405858	0.603279	0.609351	0.602826	0.636686	0.628242	0.491781	0.596491	0.621232	0.263279	0.607955	0.145455	0.645489	0.582064	0.586572	0.635359	0.586408	0.548704	0.431327	0.596252	0.591736	0.483916	0.569024	0.543582	0.554983	0.577933	0.638889	0.549118	0.593654	0.121329	0.607874	0.578527	0.594779	0.203960	0.377510	0.618667	0.067638	0.624352	0.517958	0.567426	0.622328	0.348794	0.577220	0.413869	0.616715	0.023538	0.613886	0.620384	0.572917	0.632588	0.625628	0.607903	0.552764	0.386997	0.571930	0.517804	0.635995	0.560000	0.562832	0.633039	0.311516	0.599412	0.304084	0.530046	0.620087	0.580537	0.648649	0.505747	0.639175	0.600306	0.623116	0.623407	0.552083	0.483714	0.578151	0.476190	0.518809	0.572391	0.601852	0.460922	0.160684	0.523847	0.499033	0.596825	0.594958	0.565801	0.628079	0.506475	0.340580	0.610370	0.550360	0.592710	0.221372	0.532348	0.500956	0.548736	0.621232	0.538030	0.601985	0.596132	0.526563	0.588832	0.614934	0.563747	0.597374	0.619756	0.625931	0.595181	0.481356	0.321429	0.513109	0.611940	0.598675	0.614880	
0.608379	0.574176	0.466231	0.605873	0.638009	0.496689	0.419910	0.026442	0.581818	0.608403	0.632327	0.402719	0.617284	0.614357	0.581766	0.590909	0.504046	0.642553	0.629295	0.576224	0.276262	0.302799	0.571429	0.632353	0.593857	0.105193	0.433824	0.627219	0.654244	0.235410	0.604775	0.642276	0.623423	0.618321	0.313984	0.618250	0.571031	0.292025	0.646651	0.580542	0.529769	0.434700	0.340730	0.203072	0.626549	0.627540	0.327148	0.176623	0.554974	0.175258	0.632143	0.578723	0.214414	0.599349	1.000000	0.504673	0.622309	0.654945	0.655936	0.604724	0.215580	0.621810	0.514484	0.641921	0.466600	0.290598	0.642241	0.589474	0.647303	0.482759	0.623946	0.604491	0.231518	0.559682	0.602965	0.013718	0.614770	0.445714	0.229952	0.547097	0.639376	0.588608	0.634989	0.399326	0.639854	0.427203	0.573209	0.608130	0.510638	0.430427	0.068479	0.632768	0.527339	0.628205	0.466135	0.522388	0.101557	0.656455	0.497110	0.582624	0.581431	0.634573	0.582467	0.033959	0.455775	0.495356	0.502857	0.079057	0.276262	0.614122	0.582418	0.562748	0.612745	0.638498	0.544516	0.423529	0.075676	0.608025	0.320539	0.318395	0.181818	0.261826	0.525994	0.481203	0.032704	0.217849	0.593333	0.442529	0.615137	0.602564	0.215580	0.323810	0.642202	0.590563	0.527958	0.602740	0.142217	0.572238	0.636591	0.471066	0.480769	0.574202	0.559885	0.557823	0.525547	0.427662	0.478170	0.503480	0.487342	0.607083	0.572674	0.285030	0.616883	0.640371	0.324915	0.169516	0.581121	0.622951	0.476091	0.612389	0.171841	0.380723	0.509202	0.367001	0.381335	0.599018	0.624060	0.413369	0.558511	0.561798	0.350515	0.415061	0.553134	0.499450	0.343931	0.150872	0.643863	0.576369	0.561505	0.391304	0.338549	0.441315	0.163968	0.470588	0.306701	0.539559	0.557029	0.493213	0.544061	0.520651	0.629808	0.136468	0.438202	0.585949	0.401011	0.560907	0.491189	0.450980	0.527473	0.546599	0.258275	0.615917	0.528624	0.598071	0.599338	0.196451	0.640974	0.577201	0.593193	0.252252	0.640884	0.647541	0.466667	0.526946	0.642166	0.374508	0.588235	0.105054	0.375099	0.621993	0.565826	0.622785	0.619377	0.208680	0.620818	0.422383	0.306701	0.571429	0.459817	0.602369	0.537572	0.593343	0.465409	0.620573	0.640569	0.142600	0.576976	0.589862	0.604444	0.374010	0.646681	0.445933	0.425842	0.607306	0.610256	0.532500	0.629857	0.539723	0.110338	0.581295	0.579466	0.642166	0.611382	0.365591	0.069990	0.645963	0.636364	0.498237	0.195724	0.439024	0.623509	0.552803	0.650558	0.615385	0.643443	0.629703	0.614618	0.570962	0.284519	0.021759	0.210433	0.637931	0.630137	0.446621	0.581498	0.469729	0.529762	0.557333	0.641189	0.392384	0.348718	0.645872	0.594427	0.609881	0.609555	0.456592	0.586922	0.191318	0.411609	0.601600	0.649706	0.365031	0.550898	0.647191	0.210993	0.585752	0.525000	0.605405	0.547739	0.661123	0.517162	0.626692	0.668067	0.334035	0.601266	0.637209	0.641189	0.572207	0.087020	0.615385	0.124967	0.118349	0.643991	0.587519	0.528160	0.589342	0.645000	0.601036	0.530511	0.593220	0.520710	0.501687	0.637405	0.656388	0.357089	0.648760	0.541237	0.560773	0.548263	0.607229	0.651568	0.086545	0.609589	0.440385	0.482085	0.595808	0.564450	0.476891	0.503067	0.603093	0.427523	0.576369	0.200084	0.566996	0.444444	0.359517	0.628774	0.571819	0.496158	0.632381	0.515679	0.594340	0.231405	0.628866	0.628000	0.581717	0.625532	0.196127	0.608108	0.630952	0.568452	0.592920	0.378378	0.531969	0.301648	0.489035	0.585014	0.526316	0.426259	0.561680	0.583832	0.580175	0.493963	0.356287	0.620000	0.159946	0.503885	0.493450	0.641844	0.530973	0.162236	0.584270	0.643326	0.146552	0.639316	0.498876	0.645455	0.600939	0.218951	0.093278	0.064877	0.236346	0.561828	0.642202	0.628664	0.530184	0.485961	0.607792	0.535294	0.545689	0.643810	0.649299	0.568600	0.611511	0.360061	0.613497	0.608000	0.386441	0.579505	0.094595	0.588598	0.644592	0.565401	0.617747	0.493274	0.470948	0.302606	0.650334	0.642398	0.366873	0.618421	0.418149	0.456140	0.628176	0.604811	0.442545	0.517282	0.078548	0.651911	0.473205	0.551817	0.134122	0.256742	0.575163	0.043352	0.596215	0.624041	0.655889	0.585227	0.235877	0.498886	0.283502	0.625899	0.014964	0.594436	0.612245	0.616438	0.627049	0.583587	0.596154	0.435606	0.264444	0.625000	0.393388	0.618968	0.463617	0.604215	0.595420	0.209139	0.496036	0.203854	0.406897	0.622951	0.633188	0.607199	0.604167	0.613678	0.656311	0.571429	0.557241	0.657534	0.364751	0.652079	0.573770	0.416520	0.631579	0.647059	0.565097	0.104800	0.411919	0.617414	0.621951	0.652079	0.469867	0.596439	0.380192	0.229952	0.629423	0.631579	0.632860	0.146057	0.625310	0.602597	0.634615	0.611200	0.424842	0.551365	0.561404	0.413310	0.514758	0.634862	0.459113	0.546392	0.612313	0.637899	0.569364	0.356021	0.458065	0.621212	0.669173	0.612642	0.548969	
0.574812	0.633574	0.583975	0.603700	0.467153	0.632970	0.607407	0.067240	0.628311	0.592821	0.579003	0.616570	0.580781	0.586313	0.619981	0.577731	0.629719	0.501176	0.576635	0.621005	0.530670	0.557377	0.605336	0.562771	0.590062	0.251988	0.630790	0.532131	0.500579	0.490425	0.361955	0.516055	0.571123	0.539823	0.565401	0.556161	0.639344	0.550249	0.452645	0.583913	0.635079	0.601819	0.579629	0.445668	0.571429	0.473876	0.580926	0.394797	0.634615	0.394703	0.578723	0.626728	0.458462	0.601610	0.504673	1.000000	0.540965	0.488623	0.517674	0.597044	0.457496	0.461159	0.627514	0.494033	0.643529	0.553023	0.485782	0.623923	0.515081	0.636086	0.587873	0.581856	0.484401	0.631393	0.609929	0.035235	0.526674	0.620979	0.486531	0.623377	0.544233	0.594862	0.495848	0.604978	0.573894	0.609551	0.612524	0.596985	0.256700	0.613169	0.168599	0.548847	0.630091	0.492925	0.625723	0.630068	0.243931	0.492234	0.626506	0.589452	0.601736	0.485066	0.613485	0.085851	0.620433	0.241821	0.627888	0.193095	0.521160	0.594540	0.338710	0.626209	0.421320	0.444169	0.632035	0.614141	0.185307	0.601167	0.565147	0.563200	0.410274	0.519563	0.251768	0.640732	0.082759	0.455361	0.581633	0.617978	0.597403	0.495283	0.467543	0.576216	0.463235	0.597878	0.623151	0.578838	0.331634	0.611418	0.408216	0.622711	0.629179	0.615804	0.615098	0.617040	0.638935	0.612576	0.637854	0.634461	0.224138	0.579651	0.595506	0.552195	0.612450	0.451295	0.551762	0.387077	0.614367	0.453532	0.625931	0.577778	0.391111	0.601846	0.249292	0.595110	0.605052	0.599395	0.554825	0.620962	0.628975	0.624542	0.590334	0.616294	0.617594	0.631497	0.571429	0.349646	0.519954	0.614525	0.606909	0.591371	0.585666	0.628374	0.375876	0.639640	0.548654	0.620330	0.640212	0.618671	0.625967	0.615776	0.434673	0.319545	0.622928	0.615825	0.608807	0.611418	0.630435	0.630000	0.623853	0.625213	0.518219	0.576200	0.631141	0.596806	0.587398	0.433821	0.529210	0.611370	0.603811	0.507278	0.567714	0.532258	0.629197	0.268908	0.535117	0.600848	0.616527	0.251680	0.606428	0.586279	0.322931	0.397419	0.569937	0.450207	0.559913	0.623656	0.554865	0.619772	0.620690	0.572606	0.297521	0.623716	0.229226	0.585817	0.562633	0.332437	0.643052	0.587779	0.608531	0.594397	0.500590	0.624561	0.626099	0.464548	0.392208	0.622034	0.520138	0.627451	0.263315	0.600930	0.621448	0.546265	0.588945	0.599287	0.172121	0.512167	0.402062	0.615760	0.436700	0.626556	0.589452	0.641674	0.549020	0.527621	0.525346	0.528814	0.590631	0.596173	0.539698	0.055536	0.454958	0.581250	0.545455	0.625268	0.606975	0.624813	0.273743	0.633628	0.502938	0.607053	0.591404	0.549189	0.610136	0.589452	0.595745	0.211288	0.607746	0.427476	0.609097	0.608955	0.534231	0.593824	0.268908	0.480000	0.458270	0.371542	0.632203	0.560428	0.636054	0.506388	0.639553	0.541806	0.497664	0.561773	0.596838	0.454321	0.505288	0.631957	0.211282	0.527621	0.295058	0.280781	0.457978	0.603664	0.631043	0.612967	0.402564	0.579771	0.630600	0.619485	0.636735	0.643026	0.550885	0.474820	0.593112	0.511574	0.621107	0.621377	0.643042	0.432704	0.570231	0.210204	0.580913	0.616901	0.631822	0.603053	0.632050	0.635135	0.249292	0.388021	0.621769	0.614525	0.440739	0.626263	0.606106	0.595070	0.572641	0.617462	0.624322	0.543646	0.641418	0.606299	0.480919	0.382812	0.525000	0.331984	0.494118	0.436053	0.582305	0.538462	0.615970	0.618147	0.597070	0.629948	0.528090	0.620743	0.601490	0.288089	0.609920	0.644483	0.604962	0.619137	0.625871	0.586247	0.405128	0.368296	0.633880	0.635802	0.582627	0.635354	0.372963	0.630037	0.485066	0.340684	0.586528	0.633071	0.465854	0.606477	0.470634	0.225424	0.160166	0.491228	0.631673	0.465686	0.585513	0.630473	0.633997	0.381699	0.283333	0.625756	0.550276	0.534699	0.605336	0.561966	0.599295	0.510932	0.604975	0.168889	0.553911	0.228381	0.618076	0.482593	0.623281	0.569358	0.628931	0.621602	0.544803	0.482509	0.500590	0.595694	0.485646	0.622340	0.625889	0.455105	0.569647	0.628053	0.621821	0.191925	0.526796	0.642805	0.619768	0.314584	0.518353	0.592742	0.108803	0.599606	0.389105	0.447724	0.619926	0.492911	0.627543	0.544925	0.572650	0.038397	0.626529	0.655060	0.457213	0.516129	0.620424	0.544444	0.621170	0.520183	0.453202	0.623899	0.585117	0.619970	0.446097	0.610628	0.456325	0.622328	0.450829	0.598701	0.564047	0.486874	0.612365	0.379581	0.571118	0.536313	0.603083	0.635294	0.466993	0.588724	0.480287	0.343164	0.617918	0.478469	0.532584	0.331984	0.251117	0.604865	0.368906	0.518349	0.489845	0.643120	0.607211	0.604167	0.482449	0.556161	0.433584	0.529210	0.339654	0.411239	0.384314	0.429648	0.599005	0.618377	0.619669	0.629795	0.622865	0.632437	0.560000	0.632258	0.629758	0.585117	0.552026	0.604478	0.591730	0.208696	0.399485	0.537281	0.597793	0.634948	
0.626712	0.581913	0.499475	0.574780	0.591195	0.531350	0.436842	0.030271	0.610667	0.609524	0.635452	0.438944	0.637874	0.608833	0.595041	0.570016	0.542222	0.621782	0.622449	0.600000	0.310580	0.339764	0.587601	0.590674	0.595813	0.119737	0.471950	0.664207	0.606178	0.265435	0.553398	0.626186	0.606780	0.579606	0.352031	0.636364	0.581673	0.327928	0.632479	0.640483	0.564103	0.485240	0.381285	0.229508	0.643333	0.606695	0.366443	0.200000	0.558198	0.198473	0.638655	0.556757	0.242129	0.610169	0.622309	0.540965	1.000000	0.620408	0.635338	0.617910	0.243424	0.553648	0.532294	0.616633	0.495183	0.326360	0.577154	0.608571	0.626692	0.523364	0.614650	0.583062	0.261119	0.567807	0.616822	0.015719	0.608209	0.486636	0.259382	0.550617	0.638686	0.563718	0.646586	0.440262	0.621993	0.470806	0.552437	0.593846	0.472527	0.470800	0.078156	0.653710	0.573427	0.640159	0.502406	0.526818	0.115629	0.634146	0.497778	0.617363	0.615607	0.617886	0.607345	0.038856	0.493976	0.458101	0.540659	0.090159	0.310580	0.655280	0.551378	0.580808	0.550790	0.620390	0.580247	0.457895	0.086324	0.600293	0.359211	0.356863	0.205805	0.294657	0.425414	0.507246	0.037423	0.245946	0.617323	0.483781	0.628049	0.652087	0.243424	0.362791	0.573248	0.592486	0.589552	0.575121	0.161443	0.558704	0.562212	0.498039	0.504634	0.563492	0.549451	0.558442	0.550758	0.470899	0.503511	0.512821	0.438746	0.560510	0.608575	0.320235	0.635945	0.600858	0.354667	0.192051	0.611501	0.593074	0.509529	0.610000	0.194652	0.420312	0.437673	0.408408	0.417840	0.634675	0.620811	0.440273	0.559085	0.591700	0.389088	0.450297	0.572172	0.514831	0.383369	0.171160	0.627820	0.609053	0.542700	0.437043	0.378904	0.472727	0.185841	0.494428	0.344045	0.535980	0.562738	0.491839	0.581907	0.570743	0.576497	0.154982	0.453309	0.610795	0.436989	0.558704	0.502651	0.496682	0.529274	0.562123	0.290735	0.613377	0.544393	0.602740	0.619718	0.222132	0.613636	0.579670	0.598160	0.284079	0.660900	0.615679	0.483902	0.476965	0.612319	0.416539	0.595628	0.119580	0.411043	0.599676	0.489796	0.576744	0.629690	0.235751	0.659686	0.451444	0.344045	0.594059	0.467583	0.597444	0.482940	0.622590	0.424929	0.601911	0.639866	0.161874	0.563492	0.623907	0.591549	0.414803	0.605578	0.477778	0.465608	0.613108	0.574118	0.553293	0.606870	0.528986	0.125546	0.578082	0.581769	0.623188	0.603077	0.403889	0.079871	0.610039	0.570766	0.546275	0.221321	0.477748	0.610932	0.588529	0.631763	0.564576	0.623327	0.637037	0.637363	0.592593	0.319672	0.024919	0.237701	0.634146	0.615385	0.503788	0.586592	0.495468	0.490566	0.580892	0.588933	0.423170	0.390000	0.631034	0.613803	0.623794	0.638629	0.410405	0.574018	0.216409	0.447099	0.615152	0.615385	0.407767	0.444444	0.612500	0.238324	0.560386	0.567665	0.637288	0.560770	0.627907	0.543454	0.601449	0.587084	0.369863	0.587706	0.589247	0.577075	0.577373	0.099183	0.564576	0.142040	0.134582	0.571429	0.624277	0.549161	0.582467	0.583908	0.586319	0.575179	0.600269	0.525000	0.538961	0.615385	0.597137	0.397661	0.601156	0.572133	0.592885	0.571429	0.568889	0.643678	0.098645	0.646204	0.483721	0.510460	0.577525	0.562176	0.514691	0.465374	0.572104	0.458667	0.587106	0.226181	0.602151	0.492986	0.398823	0.612040	0.556136	0.534884	0.639286	0.562500	0.569300	0.260994	0.548463	0.575701	0.530303	0.613861	0.221771	0.577352	0.627087	0.579915	0.597475	0.411446	0.550796	0.338500	0.500528	0.578875	0.482759	0.451613	0.582183	0.577525	0.576976	0.503171	0.396791	0.602299	0.181335	0.527778	0.525762	0.644407	0.510896	0.183900	0.591700	0.634146	0.166311	0.625806	0.544865	0.572632	0.596439	0.247171	0.106267	0.074064	0.266471	0.557125	0.636943	0.588598	0.531995	0.514048	0.576190	0.496000	0.568966	0.603571	0.625468	0.614555	0.605753	0.397937	0.618321	0.587879	0.345455	0.555740	0.107756	0.599415	0.614754	0.554960	0.650564	0.511327	0.498031	0.339552	0.623967	0.605578	0.403919	0.586558	0.457291	0.488219	0.628205	0.615883	0.477941	0.530892	0.089582	0.609023	0.498047	0.542416	0.152344	0.289042	0.599691	0.049569	0.642750	0.582160	0.598291	0.595399	0.265952	0.525188	0.318553	0.588832	0.017146	0.587744	0.606272	0.613108	0.615679	0.559885	0.623423	0.480293	0.297548	0.608137	0.433735	0.619497	0.481444	0.558442	0.600000	0.236261	0.538126	0.230380	0.441841	0.626712	0.576065	0.599407	0.525060	0.645833	0.592727	0.580087	0.584211	0.625793	0.402985	0.593496	0.523691	0.450128	0.594705	0.601835	0.545455	0.119292	0.447279	0.555556	0.614801	0.609756	0.499014	0.603667	0.413364	0.259382	0.643357	0.591611	0.632576	0.165756	0.584475	0.542857	0.594235	0.581818	0.455497	0.562189	0.554124	0.453696	0.541950	0.579310	0.493333	0.547472	0.600629	0.630282	0.555708	0.395044	0.400000	0.533643	0.571429	0.558282	0.564735	
0.602273	0.560113	0.437012	0.597444	0.665083	0.470056	0.391144	0.024137	0.559078	0.595819	0.612546	0.375433	0.604396	0.605536	0.561194	0.591652	0.490521	0.654788	0.624060	0.538905	0.254994	0.279819	0.533528	0.619503	0.594690	0.096359	0.406748	0.633745	0.614719	0.216892	0.584270	0.632696	0.602996	0.592445	0.290301	0.620155	0.553802	0.269733	0.621359	0.567657	0.511222	0.406615	0.315407	0.186827	0.610294	0.630332	0.302650	0.162304	0.522207	0.161039	0.608534	0.549708	0.197362	0.590219	0.654945	0.488623	0.620408	1.000000	0.626050	0.589577	0.198445	0.639024	0.494062	0.613272	0.435845	0.268398	0.627540	0.580745	0.633406	0.465270	0.597902	0.598566	0.213268	0.537517	0.597270	0.012515	0.600000	0.419825	0.211811	0.519894	0.613821	0.569558	0.642534	0.372213	0.604563	0.402737	0.557166	0.592593	0.538961	0.403027	0.062626	0.619608	0.511222	0.657718	0.433367	0.510856	0.093013	0.628440	0.488152	0.586572	0.566038	0.637615	0.561350	0.031009	0.451064	0.523179	0.480094	0.072333	0.254994	0.591837	0.571429	0.527174	0.625323	0.632099	0.522546	0.396679	0.069230	0.586922	0.296448	0.294437	0.167116	0.241514	0.509804	0.461538	0.029861	0.200555	0.587219	0.420332	0.600000	0.604027	0.198445	0.299517	0.631325	0.581761	0.516043	0.586146	0.130487	0.545985	0.603175	0.439834	0.456831	0.557143	0.526786	0.529412	0.516854	0.400742	0.450584	0.478002	0.501695	0.569930	0.554723	0.263190	0.588235	0.614634	0.300554	0.155723	0.560122	0.620690	0.450584	0.595588	0.157876	0.354575	0.518033	0.340125	0.355155	0.586441	0.626223	0.387097	0.525308	0.529667	0.324607	0.385370	0.546985	0.468468	0.318415	0.138481	0.613445	0.552749	0.540299	0.364255	0.313357	0.409962	0.150590	0.453276	0.283475	0.525333	0.532060	0.472769	0.527559	0.483290	0.622785	0.125180	0.406877	0.580247	0.372213	0.548905	0.457723	0.422422	0.501253	0.520052	0.238200	0.596050	0.500000	0.579035	0.593482	0.180683	0.627119	0.547619	0.580537	0.232583	0.636015	0.616702	0.437564	0.530351	0.629032	0.347200	0.559172	0.096231	0.347756	0.606061	0.559524	0.598930	0.603232	0.192035	0.615087	0.393744	0.283475	0.574501	0.426195	0.592982	0.547692	0.558209	0.498316	0.604895	0.621072	0.130841	0.537143	0.571429	0.559633	0.348106	0.623318	0.417969	0.397032	0.585132	0.617886	0.508344	0.645299	0.502591	0.101095	0.554896	0.562319	0.616935	0.595960	0.338798	0.064012	0.627706	0.624000	0.484337	0.180008	0.409569	0.628975	0.525469	0.607350	0.609053	0.625268	0.607438	0.598967	0.584459	0.262712	0.019858	0.193664	0.601073	0.616327	0.424000	0.566667	0.443970	0.546032	0.540466	0.608889	0.363943	0.322917	0.618321	0.576000	0.621908	0.583618	0.475862	0.570957	0.175922	0.387097	0.589404	0.640816	0.338270	0.543131	0.627358	0.194183	0.636872	0.508344	0.584270	0.518710	0.634783	0.487691	0.620968	0.619780	0.309117	0.589198	0.635697	0.626667	0.532959	0.079648	0.609053	0.114572	0.108473	0.628571	0.566038	0.506427	0.560778	0.622691	0.566308	0.511509	0.553130	0.487864	0.470046	0.608350	0.632794	0.330793	0.626350	0.508609	0.551920	0.529101	0.624365	0.618445	0.079212	0.614565	0.418057	0.457778	0.574961	0.547486	0.448980	0.524590	0.615804	0.404116	0.534918	0.184054	0.543605	0.435244	0.333078	0.594096	0.549296	0.474157	0.607143	0.495238	0.556098	0.213163	0.615804	0.597077	0.605882	0.623608	0.180382	0.584939	0.625259	0.537634	0.572298	0.350849	0.520368	0.278741	0.462402	0.561664	0.548287	0.397800	0.539811	0.568779	0.535338	0.469663	0.330038	0.627968	0.146870	0.472727	0.473743	0.607735	0.501299	0.148987	0.561505	0.619266	0.134490	0.602837	0.483314	0.625298	0.579288	0.201579	0.085399	0.059322	0.217762	0.528354	0.650602	0.576728	0.507422	0.464088	0.620879	0.545455	0.518519	0.623016	0.627615	0.556851	0.609346	0.333590	0.641026	0.576159	0.401460	0.579817	0.086609	0.576433	0.638889	0.533333	0.608850	0.463835	0.435417	0.279639	0.654206	0.654709	0.341463	0.620690	0.393472	0.427861	0.640777	0.598930	0.414729	0.501222	0.071866	0.638655	0.444215	0.531856	0.123016	0.236770	0.565144	0.039602	0.597064	0.600000	0.611650	0.547584	0.217326	0.476625	0.261761	0.579439	0.013653	0.552870	0.606178	0.609113	0.612420	0.558870	0.637275	0.413527	0.243957	0.613139	0.365013	0.617241	0.442083	0.586207	0.574132	0.192461	0.473318	0.187554	0.377524	0.609848	0.608696	0.572816	0.584022	0.611538	0.627530	0.546311	0.542614	0.642686	0.338006	0.614679	0.585507	0.386750	0.625287	0.633947	0.594118	0.095996	0.382143	0.614525	0.632696	0.610092	0.446764	0.572741	0.349310	0.211811	0.635659	0.649874	0.614407	0.134033	0.628272	0.620879	0.622785	0.579470	0.398165	0.518717	0.516667	0.383586	0.496368	0.614504	0.430584	0.521854	0.586207	0.628906	0.560358	0.329787	0.470588	0.597333	0.622309	0.587248	0.529801	
0.607018	0.579439	0.498403	0.577844	0.596112	0.528587	0.431616	0.028741	0.581522	0.607143	0.606164	0.430718	0.632653	0.593548	0.598315	0.573356	0.514673	0.606925	0.616725	0.589674	0.297018	0.325173	0.582418	0.623009	0.599671	0.113946	0.459874	0.640152	0.634921	0.253549	0.567839	0.592593	0.607639	0.579817	0.337020	0.659498	0.581867	0.313749	0.647577	0.614198	0.549763	0.465421	0.365303	0.219027	0.645051	0.620690	0.350949	0.190722	0.578344	0.189258	0.612737	0.584022	0.231147	0.604724	0.655936	0.517674	0.635338	0.626050	1.000000	0.628049	0.232391	0.588496	0.522624	0.630480	0.490234	0.312236	0.593814	0.609329	0.612326	0.518440	0.615635	0.583333	0.249398	0.565161	0.608280	0.014919	0.613027	0.470588	0.247728	0.562814	0.647940	0.594181	0.632231	0.422185	0.630282	0.456338	0.555053	0.603774	0.480000	0.460419	0.074297	0.630435	0.554502	0.654397	0.489756	0.540606	0.110025	0.652720	0.501129	0.588816	0.607670	0.619247	0.590778	0.036900	0.490835	0.470930	0.526786	0.085733	0.297018	0.641270	0.540260	0.573265	0.568765	0.626398	0.570352	0.444050	0.082079	0.606876	0.343958	0.341689	0.196286	0.281675	0.471264	0.504202	0.035538	0.234814	0.618357	0.463850	0.616822	0.629857	0.232391	0.347418	0.595186	0.575221	0.551899	0.588430	0.153800	0.563961	0.576190	0.485089	0.489028	0.557951	0.560224	0.560847	0.531435	0.453571	0.490336	0.502831	0.445104	0.573290	0.612130	0.306328	0.624804	0.619469	0.343203	0.183104	0.600858	0.571429	0.496439	0.631399	0.185597	0.409163	0.489914	0.393020	0.405063	0.610759	0.600362	0.428325	0.551100	0.592087	0.375635	0.441960	0.553642	0.509677	0.368683	0.163098	0.644788	0.604196	0.556180	0.419063	0.362999	0.456722	0.177155	0.476876	0.329307	0.540404	0.549677	0.497238	0.552239	0.553659	0.599542	0.147620	0.444444	0.594203	0.427152	0.572215	0.497309	0.470701	0.526190	0.554601	0.277897	0.614357	0.539192	0.606532	0.633600	0.211948	0.599222	0.563025	0.576803	0.271488	0.652482	0.632613	0.480712	0.450704	0.613383	0.400929	0.593315	0.113796	0.400000	0.600332	0.507937	0.567308	0.644407	0.225022	0.644007	0.439327	0.329307	0.594517	0.462151	0.588235	0.495913	0.617978	0.436578	0.596091	0.627787	0.154213	0.555256	0.622024	0.600575	0.400624	0.635246	0.470919	0.448214	0.631808	0.593674	0.545676	0.607843	0.542998	0.119493	0.586592	0.584699	0.639405	0.584906	0.388511	0.075931	0.619048	0.570743	0.532110	0.211170	0.465501	0.595395	0.576142	0.626118	0.587121	0.652259	0.650190	0.632424	0.611987	0.305785	0.023656	0.226894	0.628952	0.612782	0.477927	0.589744	0.488253	0.487395	0.565499	0.609756	0.411717	0.373737	0.618375	0.602699	0.618421	0.617834	0.391566	0.577160	0.206457	0.433506	0.594427	0.616541	0.390943	0.484507	0.613734	0.227492	0.550000	0.555420	0.656250	0.553244	0.609562	0.536313	0.624535	0.603622	0.356846	0.609495	0.611973	0.569106	0.564238	0.094336	0.587121	0.135248	0.128123	0.606061	0.613569	0.543902	0.579666	0.570071	0.593333	0.553398	0.603567	0.533487	0.520879	0.631193	0.606316	0.382570	0.613861	0.569636	0.582550	0.566416	0.587156	0.655462	0.093824	0.618182	0.465598	0.513800	0.589260	0.559367	0.493320	0.472622	0.586797	0.444644	0.587413	0.215833	0.586301	0.481707	0.383643	0.609589	0.563830	0.506438	0.652015	0.541950	0.575342	0.249278	0.596577	0.606526	0.560209	0.610998	0.211601	0.610114	0.613333	0.577201	0.572246	0.400313	0.540473	0.323952	0.508039	0.570629	0.517906	0.441306	0.579821	0.563135	0.579915	0.497854	0.381724	0.608076	0.172840	0.522777	0.520811	0.642735	0.532020	0.175296	0.589359	0.656904	0.158458	0.623762	0.524698	0.594360	0.593939	0.235991	0.101093	0.070400	0.254545	0.543791	0.634573	0.601575	0.518519	0.511088	0.546798	0.493075	0.553885	0.611722	0.611538	0.601648	0.606586	0.385704	0.603922	0.585139	0.354430	0.568995	0.102513	0.614925	0.616034	0.560109	0.632619	0.508215	0.485030	0.324969	0.604255	0.614754	0.389947	0.587002	0.445415	0.479465	0.607930	0.620232	0.467412	0.527907	0.085183	0.637066	0.495050	0.544503	0.145098	0.276267	0.597156	0.047087	0.607634	0.587379	0.607930	0.590345	0.254046	0.511425	0.304706	0.585789	0.016273	0.582386	0.610714	0.623094	0.644401	0.568483	0.617375	0.466110	0.284459	0.604857	0.420796	0.607717	0.478128	0.566964	0.594675	0.225512	0.524336	0.219864	0.430144	0.607018	0.597077	0.612121	0.538272	0.633452	0.615672	0.597938	0.589812	0.636166	0.390649	0.615063	0.537468	0.436583	0.578616	0.617702	0.534031	0.113522	0.438898	0.555000	0.584795	0.644351	0.486000	0.610072	0.403771	0.247728	0.616487	0.628702	0.645914	0.157927	0.584906	0.541872	0.594966	0.591331	0.443463	0.562025	0.553806	0.433362	0.527650	0.593640	0.472973	0.542033	0.607717	0.613718	0.580645	0.381443	0.429003	0.561151	0.618445	0.561129	0.552070	
0.604520	0.651635	0.581244	0.622829	0.575707	0.606573	0.544304	0.043720	0.615561	0.639257	0.626039	0.537425	0.628099	0.649077	0.661176	0.629275	0.593750	0.597774	0.620787	0.633867	0.419766	0.451762	0.623557	0.628734	0.636242	0.169513	0.561347	0.615616	0.607477	0.364053	0.485075	0.605223	0.613445	0.617862	0.456119	0.629310	0.645382	0.441587	0.574324	0.625954	0.629328	0.562914	0.491003	0.317219	0.649171	0.561462	0.477076	0.278206	0.632719	0.276174	0.636996	0.643519	0.333754	0.636481	0.604724	0.597044	0.617910	0.589577	0.628049	1.000000	0.335446	0.545763	0.614481	0.593193	0.590361	0.435170	0.577849	0.621359	0.592824	0.594296	0.648936	0.639566	0.358465	0.624315	0.652742	0.022778	0.621212	0.569065	0.356214	0.620985	0.607143	0.649810	0.581994	0.531947	0.628895	0.551953	0.629213	0.651163	0.372951	0.567502	0.111674	0.623188	0.631365	0.596491	0.581255	0.612669	0.163846	0.594156	0.603516	0.613941	0.644608	0.581169	0.641827	0.056010	0.585714	0.352697	0.607350	0.128479	0.410202	0.648438	0.470363	0.615721	0.539683	0.574359	0.620985	0.561709	0.123120	0.644362	0.464720	0.469166	0.285920	0.397572	0.366255	0.583486	0.053962	0.338737	0.635046	0.558603	0.641026	0.596491	0.335446	0.475138	0.564706	0.627451	0.620690	0.637954	0.226469	0.628902	0.526882	0.580420	0.593607	0.634091	0.617371	0.624161	0.611621	0.554849	0.579839	0.605289	0.328421	0.625000	0.646989	0.429743	0.632258	0.576271	0.450739	0.267610	0.649940	0.563140	0.586976	0.649171	0.271082	0.522792	0.362887	0.512363	0.520685	0.646753	0.622287	0.530864	0.630077	0.647532	0.497034	0.541122	0.633819	0.602996	0.488658	0.239590	0.609756	0.640094	0.623529	0.523985	0.484345	0.553922	0.259308	0.579658	0.451198	0.615054	0.628697	0.600192	0.611465	0.607516	0.542609	0.217713	0.554197	0.642512	0.548291	0.621965	0.592315	0.566582	0.615542	0.629591	0.395604	0.629579	0.618367	0.642766	0.639581	0.307514	0.607362	0.619718	0.646907	0.387097	0.632479	0.602782	0.576153	0.389452	0.615385	0.524476	0.635514	0.169296	0.518207	0.636977	0.461240	0.519856	0.643148	0.325410	0.619799	0.544594	0.448860	0.635379	0.565674	0.634667	0.423762	0.649412	0.335430	0.630319	0.615811	0.227052	0.622727	0.639506	0.652278	0.512315	0.594249	0.561462	0.548490	0.556114	0.524590	0.613139	0.592593	0.617647	0.177510	0.632319	0.627586	0.618343	0.638243	0.505133	0.114080	0.595016	0.526126	0.598020	0.306445	0.568163	0.640751	0.641469	0.625538	0.618619	0.621329	0.620482	0.638633	0.637306	0.430131	0.036034	0.327964	0.638701	0.605970	0.574576	0.628571	0.583706	0.395960	0.622662	0.603175	0.523775	0.496063	0.636364	0.648447	0.632708	0.639687	0.310638	0.623410	0.299962	0.537037	0.640306	0.614925	0.511278	0.389452	0.579470	0.328778	0.494424	0.621481	0.633053	0.626178	0.593750	0.621491	0.618343	0.582677	0.473485	0.639697	0.567063	0.590476	0.636058	0.141055	0.618619	0.200101	0.189907	0.580000	0.627451	0.640919	0.627353	0.529517	0.626016	0.638254	0.643599	0.627490	0.608779	0.609078	0.580750	0.506702	0.606532	0.628877	0.631937	0.630342	0.543554	0.654843	0.140307	0.632571	0.572143	0.581481	0.638452	0.631696	0.583258	0.362887	0.519196	0.552442	0.651817	0.312845	0.645161	0.570410	0.503034	0.628809	0.635955	0.598131	0.614035	0.615686	0.633962	0.358303	0.508227	0.606980	0.461538	0.581876	0.307038	0.628495	0.600302	0.635379	0.640382	0.510939	0.616366	0.437536	0.590103	0.621336	0.411178	0.547600	0.634093	0.636034	0.641420	0.596262	0.507023	0.536673	0.253270	0.611321	0.612093	0.630705	0.612632	0.256709	0.645235	0.584416	0.233050	0.639785	0.589133	0.577629	0.651629	0.340334	0.150893	0.105923	0.365393	0.631229	0.568067	0.628719	0.614549	0.584332	0.496324	0.408818	0.615385	0.622807	0.632219	0.625866	0.629371	0.498312	0.592593	0.645408	0.251101	0.617931	0.152957	0.641089	0.588235	0.622989	0.633557	0.601332	0.577193	0.450346	0.582237	0.603834	0.505858	0.572358	0.554949	0.573840	0.560811	0.645074	0.574257	0.603206	0.127673	0.606707	0.595819	0.618625	0.214132	0.392449	0.638132	0.071281	0.653216	0.523636	0.557432	0.637312	0.363803	0.601703	0.430903	0.620979	0.024837	0.624703	0.621777	0.562814	0.599691	0.638923	0.594993	0.553086	0.404288	0.561760	0.539080	0.634211	0.570919	0.559727	0.651106	0.326078	0.608445	0.318364	0.538287	0.641243	0.580227	0.639098	0.500921	0.642857	0.614243	0.638923	0.635747	0.562814	0.504098	0.594156	0.472381	0.533539	0.569106	0.615845	0.457692	0.168900	0.541538	0.490706	0.605223	0.581169	0.586995	0.650660	0.515946	0.356214	0.603448	0.558059	0.607362	0.232300	0.540925	0.492647	0.539130	0.632653	0.551181	0.629310	0.626667	0.542659	0.608350	0.622159	0.584327	0.631016	0.642105	0.621387	0.625147	0.500000	0.307036	0.536937	0.625181	0.613402	0.637433	
0.272687	0.394309	0.476981	0.343842	0.187672	0.482942	0.522383	0.199655	0.386596	0.306833	0.283224	0.541767	0.286211	0.309738	0.373917	0.289931	0.453600	0.210718	0.275711	0.388230	0.622287	0.610169	0.382124	0.268893	0.300259	0.549145	0.537589	0.240286	0.221219	0.637720	0.131816	0.228417	0.277219	0.253546	0.580665	0.263552	0.388571	0.620464	0.180139	0.329801	0.440705	0.523553	0.586769	0.652601	0.284719	0.188506	0.584249	0.638807	0.414263	0.592626	0.280977	0.381617	0.595142	0.320546	0.215580	0.457496	0.243424	0.198445	0.232391	0.335446	1.000000	0.178456	0.453950	0.200913	0.519196	0.599407	0.205829	0.356279	0.220416	0.483459	0.305376	0.295110	0.629884	0.407080	0.315519	0.108150	0.235558	0.531272	0.638611	0.419625	0.244989	0.333333	0.205011	0.563892	0.271172	0.520173	0.340354	0.321261	0.088307	0.537367	0.439710	0.258948	0.443836	0.209091	0.504386	0.427445	0.516903	0.200091	0.446669	0.300992	0.350774	0.200091	0.360915	0.250175	0.487189	0.082725	0.468738	0.447827	0.616498	0.316959	0.120229	0.410607	0.158879	0.174235	0.423614	0.530137	0.459237	0.344538	0.593099	0.609235	0.610575	0.607324	0.086450	0.477657	0.241911	0.640286	0.310463	0.518732	0.325542	0.209091	0.627411	0.584010	0.182657	0.349937	0.419032	0.298791	0.582004	0.379820	0.151103	0.494663	0.474513	0.390542	0.372784	0.394001	0.439311	0.537619	0.492947	0.454896	0.076172	0.305376	0.371074	0.622575	0.321976	0.178456	0.554895	0.596916	0.365145	0.175081	0.493690	0.284719	0.608174	0.566342	0.085520	0.579069	0.550588	0.318395	0.259717	0.526316	0.404992	0.387889	0.567638	0.542102	0.398216	0.472548	0.590501	0.637610	0.232391	0.375103	0.369790	0.568989	0.588273	0.527708	0.634736	0.480626	0.616322	0.413104	0.410298	0.455657	0.424652	0.435401	0.165736	0.583908	0.514286	0.359017	0.562521	0.378999	0.465909	0.513081	0.434339	0.425178	0.649510	0.294372	0.439483	0.326253	0.313356	0.613237	0.229213	0.372784	0.322691	0.616745	0.268132	0.225225	0.501102	0.092933	0.248110	0.572761	0.376287	0.535845	0.565811	0.297321	0.113930	0.147626	0.294372	0.627959	0.264317	0.522535	0.585871	0.360233	0.489134	0.303917	0.103946	0.373917	0.078049	0.305376	0.282476	0.616963	0.388096	0.346622	0.361446	0.561122	0.208276	0.509183	0.531261	0.184332	0.143261	0.428910	0.226024	0.424554	0.538207	0.374948	0.383135	0.248110	0.321261	0.557680	0.443689	0.221219	0.148496	0.457607	0.644573	0.538242	0.300992	0.416166	0.264317	0.240286	0.225225	0.238713	0.311911	0.319829	0.627900	0.166893	0.616425	0.295848	0.243424	0.523792	0.365520	0.490706	0.094778	0.406930	0.211530	0.542857	0.591540	0.269653	0.343146	0.300992	0.315519	0.071464	0.329801	0.614692	0.522133	0.328384	0.243424	0.577075	0.092933	0.190170	0.644433	0.133586	0.432859	0.277219	0.428797	0.219611	0.466616	0.248110	0.215580	0.586633	0.333333	0.177613	0.211530	0.400649	0.476534	0.240286	0.597004	0.583942	0.186838	0.350774	0.434611	0.337553	0.151970	0.295110	0.435503	0.385246	0.449360	0.470813	0.253546	0.197621	0.575530	0.222022	0.422648	0.394137	0.418493	0.164881	0.291414	0.503872	0.298791	0.506494	0.480211	0.357500	0.398542	0.488823	0.085520	0.141509	0.511694	0.375103	0.619314	0.384269	0.500186	0.564136	0.283224	0.393017	0.479001	0.254320	0.462013	0.336149	0.647664	0.141509	0.234767	0.117535	0.210718	0.638134	0.304647	0.237925	0.360233	0.364315	0.551171	0.423230	0.609668	0.474281	0.373454	0.100289	0.538678	0.416199	0.357500	0.368900	0.467650	0.593872	0.151970	0.615123	0.473984	0.478852	0.283972	0.424891	0.635234	0.386252	0.200091	0.604418	0.299525	0.469870	0.186004	0.338254	0.616487	0.529042	0.426067	0.637480	0.403877	0.182657	0.320546	0.408982	0.475546	0.138876	0.098456	0.420885	0.254320	0.233976	0.383764	0.277972	0.578913	0.226024	0.328384	0.056241	0.285466	0.509758	0.345233	0.196796	0.385591	0.300259	0.466463	0.493918	0.585779	0.193489	0.208276	0.551587	0.199269	0.537115	0.507614	0.180139	0.297321	0.518492	0.443407	0.468172	0.232391	0.501286	0.399192	0.577542	0.617959	0.319113	0.309943	0.334742	0.144136	0.180139	0.382594	0.620800	0.462357	0.618587	0.277972	0.117465	0.366874	0.265081	0.184332	0.225225	0.351464	0.250444	0.530129	0.613250	0.179298	0.554725	0.311187	0.489235	0.175081	0.348555	0.619760	0.473423	0.640767	0.556708	0.272687	0.200913	0.338254	0.137996	0.266608	0.246551	0.351464	0.396418	0.184332	0.565031	0.200091	0.122021	0.536585	0.199269	0.242640	0.117535	0.529487	0.548556	0.133586	0.228417	0.200091	0.492807	0.362427	0.565684	0.614413	0.263552	0.167442	0.229213	0.623522	0.154567	0.138876	0.165736	0.328384	0.533240	0.417433	0.397897	0.536534	0.447460	0.269653	0.505278	0.417065	0.311187	0.260486	0.372112	0.566308	0.070519	0.148496	0.259717	0.322691	0.417863	
0.555556	0.530015	0.414662	0.564784	0.604534	0.441347	0.364151	0.021496	0.537313	0.578182	0.606178	0.340989	0.586207	0.563177	0.538700	0.584440	0.458537	0.649412	0.610236	0.513433	0.230036	0.252783	0.507553	0.613226	0.569316	0.086161	0.370086	0.575758	0.621005	0.195245	0.566265	0.617450	0.607843	0.626305	0.262407	0.569106	0.531947	0.243533	0.587629	0.515464	0.473008	0.376494	0.285503	0.167899	0.573077	0.613065	0.273759	0.145660	0.506259	0.144515	0.598058	0.551515	0.177471	0.551845	0.621810	0.461159	0.553648	0.639024	0.588496	0.545763	0.178456	1.000000	0.459658	0.605327	0.400835	0.242310	0.615752	0.551613	0.622426	0.434881	0.583942	0.588015	0.191944	0.519041	0.583630	0.011139	0.605263	0.382090	0.190617	0.504110	0.585470	0.562181	0.598086	0.338004	0.601594	0.374374	0.546064	0.568421	0.514085	0.371733	0.055893	0.596708	0.467866	0.605201	0.398332	0.487484	0.083154	0.616505	0.463415	0.557196	0.542484	0.621359	0.547771	0.027627	0.414847	0.503597	0.440964	0.064592	0.230036	0.549645	0.557994	0.511236	0.628099	0.603675	0.504110	0.362264	0.061809	0.547264	0.268056	0.266207	0.150019	0.217710	0.574468	0.428894	0.026602	0.180374	0.580180	0.386386	0.562500	0.576832	0.178456	0.270877	0.644501	0.545752	0.480663	0.582560	0.116899	0.532526	0.604520	0.408511	0.428732	0.523669	0.543210	0.518841	0.471042	0.366224	0.418757	0.467564	0.494465	0.572993	0.503888	0.237538	0.553415	0.626943	0.271831	0.139703	0.524487	0.628272	0.418757	0.573077	0.141651	0.321667	0.533808	0.308307	0.322204	0.561837	0.607803	0.353480	0.509194	0.503748	0.293983	0.351869	0.507983	0.435185	0.288275	0.124116	0.575221	0.508475	0.535604	0.335361	0.283615	0.378431	0.135059	0.418964	0.256138	0.506887	0.513399	0.448153	0.501355	0.453581	0.657682	0.112112	0.377322	0.548077	0.338004	0.529501	0.440324	0.395897	0.483204	0.499332	0.214683	0.574109	0.466495	0.571924	0.583184	0.162321	0.638393	0.537037	0.559441	0.209555	0.590361	0.609481	0.408466	0.567474	0.627119	0.314845	0.549080	0.086045	0.315359	0.581006	0.621795	0.594286	0.544090	0.172630	0.572008	0.363123	0.256138	0.526316	0.409382	0.575092	0.584718	0.529412	0.534799	0.609489	0.603482	0.117218	0.526627	0.528053	0.546032	0.317173	0.601896	0.386000	0.366224	0.590331	0.597101	0.492715	0.617117	0.491979	0.090419	0.550769	0.528529	0.601695	0.582456	0.307080	0.057134	0.639269	0.632479	0.446650	0.161709	0.376102	0.590406	0.498615	0.596349	0.619048	0.623025	0.560870	0.556553	0.556338	0.237101	0.017681	0.174109	0.557009	0.613734	0.389344	0.537736	0.420591	0.529210	0.510638	0.633803	0.331900	0.292424	0.608000	0.555740	0.575646	0.540925	0.503759	0.563574	0.158002	0.353480	0.555172	0.622318	0.306593	0.574394	0.645000	0.174582	0.586826	0.482119	0.552941	0.487350	0.628440	0.453559	0.584746	0.607889	0.279710	0.572402	0.628571	0.619718	0.507983	0.071152	0.619048	0.102550	0.097058	0.636364	0.542484	0.474801	0.549747	0.653521	0.573034	0.477573	0.524887	0.462500	0.445498	0.597077	0.635697	0.299689	0.624146	0.478796	0.527246	0.508197	0.605405	0.589792	0.070761	0.560297	0.385930	0.426941	0.558587	0.523121	0.423374	0.540925	0.571429	0.369378	0.517720	0.165381	0.515060	0.396514	0.301798	0.583012	0.524781	0.438799	0.566667	0.455882	0.571912	0.191849	0.594752	0.589011	0.632911	0.635294	0.162049	0.585009	0.610022	0.519936	0.552923	0.318219	0.499322	0.251794	0.438293	0.533128	0.558923	0.361762	0.513250	0.542536	0.546022	0.434180	0.298993	0.608451	0.131696	0.446262	0.436280	0.570328	0.487936	0.133610	0.533733	0.577670	0.120512	0.577778	0.442604	0.658228	0.555556	0.181306	0.076315	0.052935	0.196039	0.512160	0.629156	0.572935	0.502092	0.431328	0.588235	0.549153	0.480874	0.604167	0.607930	0.504532	0.579256	0.302271	0.626126	0.589655	0.448000	0.579655	0.077401	0.562914	0.651961	0.525526	0.550832	0.441558	0.405983	0.252618	0.613861	0.620853	0.309543	0.618005	0.357739	0.393476	0.592784	0.569832	0.382937	0.463476	0.064173	0.597345	0.408898	0.512894	0.110160	0.213378	0.525573	0.035299	0.536503	0.572254	0.618557	0.528073	0.195641	0.440797	0.236230	0.606654	0.012152	0.542320	0.587045	0.580153	0.609481	0.554649	0.576842	0.381800	0.219943	0.594315	0.331330	0.586331	0.410033	0.633508	0.560656	0.173017	0.436754	0.168559	0.346188	0.587302	0.644068	0.562290	0.601770	0.572581	0.625532	0.554649	0.514706	0.585242	0.306349	0.655340	0.573209	0.353156	0.618005	0.623656	0.582278	0.085835	0.352190	0.634731	0.626398	0.631068	0.413276	0.543720	0.319801	0.190617	0.552846	0.605898	0.633929	0.120100	0.603352	0.611765	0.630728	0.586207	0.362101	0.494475	0.502874	0.351869	0.466334	0.612000	0.397938	0.500684	0.579137	0.627049	0.531685	0.298762	0.475472	0.609687	0.628337	0.562937	0.503420	
0.547009	0.636771	0.613027	0.615087	0.480097	0.645012	0.620643	0.067975	0.635209	0.598778	0.587368	0.626598	0.587002	0.600406	0.625232	0.590198	0.646965	0.504084	0.572340	0.631579	0.524171	0.556406	0.619744	0.569280	0.594039	0.254479	0.627797	0.527964	0.517241	0.489830	0.363874	0.527873	0.575372	0.566411	0.566474	0.547619	0.637104	0.557263	0.460976	0.573964	0.636364	0.601671	0.595291	0.445990	0.569328	0.472289	0.584148	0.397794	0.648132	0.397680	0.587117	0.641026	0.461834	0.597403	0.514484	0.627514	0.532294	0.494062	0.522624	0.614481	0.453950	0.459658	1.000000	0.492308	0.646043	0.550123	0.502938	0.606464	0.510932	0.640304	0.595918	0.600414	0.487106	0.653812	0.597586	0.035627	0.540541	0.616562	0.485958	0.643718	0.537778	0.616290	0.501176	0.607370	0.578158	0.619147	0.623907	0.594810	0.254190	0.610239	0.170346	0.562092	0.647934	0.507602	0.631201	0.638119	0.246354	0.488152	0.643770	0.583162	0.626437	0.495261	0.633962	0.086781	0.640950	0.239437	0.616482	0.195069	0.524171	0.600402	0.335553	0.645105	0.422642	0.450185	0.623064	0.623324	0.187210	0.622222	0.565171	0.563231	0.412646	0.530612	0.249300	0.637329	0.083657	0.464230	0.599797	0.642907	0.607143	0.495906	0.470906	0.580506	0.466586	0.622605	0.612457	0.607621	0.334762	0.629460	0.409669	0.645773	0.660620	0.642599	0.637037	0.638146	0.633581	0.613728	0.640474	0.632506	0.221906	0.600000	0.597209	0.542538	0.602193	0.457213	0.562635	0.390610	0.615962	0.452088	0.638992	0.588235	0.394678	0.605392	0.246844	0.596200	0.611043	0.595190	0.565832	0.631234	0.644425	0.622384	0.593696	0.623937	0.635147	0.640432	0.581592	0.352908	0.522624	0.621647	0.634508	0.592546	0.585611	0.622590	0.378116	0.651232	0.543579	0.649396	0.645048	0.648308	0.632479	0.615514	0.438356	0.322581	0.633677	0.625000	0.607370	0.633120	0.644015	0.624023	0.645108	0.638442	0.519283	0.592746	0.644040	0.618434	0.609485	0.439146	0.536364	0.627778	0.609562	0.513632	0.563441	0.525714	0.653595	0.266297	0.550885	0.618818	0.632841	0.254168	0.612319	0.600619	0.319892	0.398977	0.567876	0.453523	0.544865	0.636789	0.555957	0.636449	0.635036	0.605317	0.294679	0.619666	0.226950	0.597959	0.569020	0.335570	0.635379	0.591522	0.627119	0.612492	0.501171	0.620112	0.621803	0.455758	0.388674	0.641955	0.531963	0.645763	0.265901	0.637708	0.628415	0.548673	0.606786	0.606276	0.173901	0.510345	0.403576	0.610662	0.434197	0.619408	0.597536	0.632582	0.560000	0.554810	0.518857	0.522422	0.592518	0.606000	0.549515	0.056147	0.455266	0.579111	0.543430	0.617898	0.612360	0.637918	0.271093	0.636763	0.512821	0.618182	0.589041	0.577253	0.611810	0.583162	0.587525	0.209169	0.617357	0.429913	0.629921	0.608696	0.545657	0.592549	0.266297	0.475962	0.457813	0.368146	0.633530	0.558386	0.639053	0.516129	0.640761	0.555310	0.516802	0.580574	0.608440	0.465116	0.503497	0.635147	0.213420	0.554810	0.297903	0.283511	0.478261	0.597701	0.644182	0.614634	0.411690	0.598344	0.621849	0.624658	0.646104	0.633229	0.559824	0.487515	0.606977	0.525832	0.632846	0.622862	0.640893	0.433915	0.584807	0.212332	0.576725	0.633497	0.636086	0.627488	0.642349	0.642270	0.246844	0.387097	0.639133	0.640148	0.443962	0.635036	0.601481	0.599649	0.581053	0.652952	0.640986	0.543860	0.649038	0.608016	0.482815	0.384516	0.538895	0.328877	0.513419	0.436389	0.596527	0.527497	0.625118	0.636620	0.609119	0.636441	0.533333	0.635874	0.625347	0.285322	0.629753	0.649260	0.636967	0.624418	0.644068	0.585026	0.406607	0.371692	0.653727	0.647736	0.574132	0.646859	0.375790	0.631483	0.473934	0.343879	0.588477	0.628034	0.471584	0.619883	0.470910	0.227687	0.161833	0.493128	0.634836	0.469016	0.613387	0.654482	0.644326	0.378238	0.280605	0.637457	0.567982	0.541761	0.610603	0.579003	0.600351	0.529680	0.618577	0.167155	0.600210	0.230670	0.621622	0.488095	0.642987	0.563207	0.655199	0.638889	0.557143	0.485646	0.501171	0.605122	0.495848	0.628723	0.642604	0.453659	0.596491	0.645833	0.634584	0.193889	0.533937	0.643895	0.654867	0.317581	0.520303	0.598599	0.109967	0.599412	0.393316	0.463415	0.647113	0.493139	0.656809	0.545015	0.583245	0.038823	0.616822	0.565875	0.458182	0.523429	0.623923	0.533627	0.619543	0.532236	0.463980	0.619912	0.615385	0.640474	0.457002	0.618042	0.455877	0.617323	0.450404	0.607628	0.568376	0.499408	0.625731	0.378729	0.564655	0.554324	0.620096	0.638489	0.453333	0.600473	0.497630	0.339973	0.630820	0.493476	0.552954	0.328877	0.253601	0.615183	0.368146	0.527873	0.492891	0.638360	0.608860	0.608908	0.485144	0.551948	0.437267	0.522727	0.342841	0.412658	0.380829	0.435866	0.610672	0.624833	0.634948	0.645390	0.617397	0.645057	0.581545	0.649073	0.638005	0.591093	0.565217	0.635774	0.599768	0.206600	0.401022	0.563656	0.615538	0.656922	
0.583804	0.552113	0.460000	0.572337	0.594340	0.481982	0.397424	0.024466	0.562410	0.610052	0.616514	0.379638	0.608379	0.609294	0.567608	0.588448	0.491145	0.632743	0.624299	0.548063	0.258065	0.283140	0.554427	0.627376	0.612676	0.097626	0.409346	0.646217	0.636559	0.219561	0.607242	0.624473	0.610801	0.608696	0.293725	0.624277	0.565714	0.272953	0.655422	0.571429	0.506832	0.413191	0.319072	0.189166	0.606947	0.616471	0.306193	0.164363	0.552279	0.163084	0.608856	0.558952	0.199818	0.600671	0.641921	0.494033	0.616633	0.613272	0.630480	0.593193	0.200913	0.605327	0.492308	1.000000	0.446701	0.271605	0.609865	0.565688	0.616379	0.472527	0.626087	0.595365	0.215898	0.548913	0.604414	0.012687	0.621118	0.424419	0.214425	0.525760	0.630303	0.570033	0.638202	0.376390	0.631380	0.413255	0.570513	0.603015	0.527331	0.413208	0.063465	0.635478	0.514286	0.631111	0.438134	0.513995	0.094239	0.660592	0.484061	0.586995	0.582160	0.637813	0.567939	0.031431	0.453871	0.518033	0.487748	0.073297	0.258065	0.602369	0.595376	0.543978	0.610256	0.632353	0.525760	0.399264	0.070153	0.596825	0.299932	0.297901	0.169231	0.244444	0.504854	0.457831	0.030268	0.203046	0.594502	0.421053	0.603648	0.617778	0.200913	0.303030	0.631579	0.575900	0.516644	0.604240	0.132172	0.558140	0.635171	0.448811	0.459695	0.540541	0.562963	0.529986	0.507463	0.407031	0.453390	0.485782	0.489933	0.587826	0.558209	0.266344	0.608696	0.644068	0.304077	0.157706	0.572727	0.650367	0.453390	0.628885	0.159884	0.358598	0.506494	0.344019	0.359184	0.586847	0.626459	0.393208	0.534060	0.559078	0.328358	0.389680	0.547486	0.473625	0.322108	0.140261	0.663883	0.568047	0.555721	0.373514	0.317003	0.416428	0.152513	0.453961	0.286832	0.523240	0.540761	0.471132	0.522876	0.501921	0.613065	0.126801	0.411429	0.568356	0.376390	0.546512	0.462921	0.433134	0.499376	0.523196	0.241096	0.603571	0.510585	0.589404	0.590444	0.182952	0.631579	0.557037	0.580968	0.235420	0.647619	0.625532	0.446502	0.525316	0.633267	0.351157	0.562592	0.097496	0.351719	0.606383	0.589971	0.599469	0.607143	0.194432	0.638462	0.398165	0.286832	0.584098	0.437306	0.614311	0.573171	0.576523	0.493333	0.598261	0.610294	0.132530	0.549075	0.571880	0.590563	0.353698	0.636971	0.424537	0.401480	0.628571	0.618280	0.514066	0.615711	0.518710	0.102421	0.567208	0.556999	0.653307	0.582915	0.342679	0.064868	0.615054	0.608466	0.477791	0.182270	0.416031	0.604569	0.531375	0.619231	0.629857	0.646809	0.632444	0.599315	0.578151	0.265861	0.020130	0.196078	0.608541	0.612576	0.434696	0.555053	0.448936	0.559748	0.543716	0.640177	0.369748	0.326652	0.618596	0.579618	0.601054	0.601019	0.464164	0.584565	0.178138	0.387846	0.606260	0.653144	0.342146	0.525316	0.618267	0.196604	0.603878	0.526854	0.614525	0.529563	0.643629	0.495327	0.621242	0.624454	0.312722	0.579805	0.674757	0.626932	0.553073	0.080704	0.629857	0.116064	0.109890	0.633570	0.588419	0.514725	0.590323	0.633508	0.609626	0.519745	0.565217	0.495768	0.491389	0.628458	0.614679	0.334601	0.626609	0.532982	0.560907	0.519104	0.619647	0.633094	0.080263	0.604240	0.426614	0.473976	0.575385	0.545202	0.458244	0.532468	0.621622	0.406716	0.568047	0.186362	0.570188	0.438095	0.336907	0.609174	0.546985	0.477044	0.635108	0.505338	0.579288	0.215792	0.616216	0.659751	0.571429	0.632743	0.182648	0.606272	0.633745	0.565749	0.557576	0.354839	0.518325	0.282051	0.469799	0.559172	0.555556	0.402194	0.559140	0.560000	0.559880	0.470325	0.333839	0.628272	0.148749	0.482446	0.474388	0.622711	0.517464	0.150892	0.561960	0.637813	0.136223	0.624339	0.483945	0.620853	0.579710	0.204082	0.086529	0.060118	0.220441	0.528926	0.612440	0.597315	0.521505	0.464758	0.594005	0.559006	0.532279	0.642998	0.648649	0.566038	0.609665	0.337423	0.649682	0.593081	0.404332	0.605839	0.087754	0.573693	0.652874	0.539683	0.588028	0.482838	0.442368	0.282958	0.640371	0.668151	0.345369	0.598174	0.397830	0.430556	0.636145	0.620567	0.425121	0.484775	0.072824	0.659708	0.451081	0.543448	0.124611	0.239651	0.599327	0.040139	0.590909	0.632708	0.636145	0.559767	0.220000	0.488636	0.264901	0.605948	0.013840	0.568421	0.625720	0.633333	0.642553	0.590625	0.577689	0.418112	0.246914	0.628019	0.369128	0.614065	0.444915	0.611247	0.599686	0.194863	0.483237	0.189901	0.385289	0.621469	0.627273	0.592593	0.573770	0.623327	0.639839	0.571875	0.551627	0.623810	0.341880	0.646925	0.597701	0.391071	0.611872	0.597561	0.588921	0.097259	0.391808	0.592798	0.645570	0.642369	0.451613	0.576220	0.356564	0.214425	0.612717	0.645000	0.627368	0.135761	0.633766	0.588556	0.613065	0.593081	0.398902	0.527297	0.528354	0.391459	0.494572	0.614801	0.437312	0.525066	0.610635	0.617476	0.551929	0.333586	0.472603	0.603175	0.642023	0.580968	0.535620	
0.533457	0.623108	0.625606	0.599659	0.416925	0.653175	0.623775	0.082573	0.615137	0.572193	0.550459	0.630282	0.544790	0.573712	0.607553	0.551410	0.633621	0.455366	0.535185	0.610306	0.575111	0.596475	0.619125	0.535948	0.551662	0.302850	0.650155	0.499033	0.477228	0.539035	0.307522	0.478901	0.547135	0.502379	0.598140	0.520677	0.623293	0.597126	0.406250	0.573657	0.638519	0.637056	0.619543	0.502264	0.549451	0.416495	0.613522	0.453135	0.636716	0.449584	0.537259	0.616883	0.502366	0.571429	0.466600	0.643529	0.495183	0.435845	0.490234	0.590361	0.519196	0.400835	0.646043	0.446701	1.000000	0.586605	0.443996	0.609060	0.471754	0.646048	0.571429	0.556962	0.537360	0.622951	0.582011	0.043434	0.488327	0.651871	0.536003	0.635945	0.501923	0.569456	0.448485	0.646441	0.536313	0.639083	0.581694	0.579685	0.212617	0.659190	0.204600	0.525520	0.635556	0.454271	0.646636	0.628099	0.293441	0.441057	0.622126	0.551167	0.591216	0.439024	0.591667	0.105198	0.642473	0.200000	0.640514	0.233659	0.566222	0.566901	0.282828	0.630841	0.363636	0.392445	0.628264	0.629902	0.224439	0.600851	0.605368	0.606330	0.468680	0.564606	0.208431	0.648834	0.101445	0.514012	0.567879	0.650541	0.574913	0.456281	0.519196	0.603906	0.411215	0.587838	0.631173	0.558056	0.393908	0.608273	0.347732	0.641534	0.641148	0.613782	0.601639	0.624406	0.646405	0.651907	0.650101	0.636429	0.185053	0.551786	0.599177	0.598088	0.579178	0.400835	0.578313	0.445577	0.602490	0.396226	0.650101	0.543956	0.452533	0.629797	0.206331	0.631579	0.629379	0.564148	0.511804	0.631010	0.623925	0.613398	0.628117	0.644697	0.628073	0.640669	0.618524	0.413905	0.484375	0.606061	0.599343	0.627974	0.623901	0.652010	0.435569	0.643678	0.594517	0.616333	0.630757	0.618001	0.633588	0.613876	0.377519	0.380075	0.636991	0.598662	0.635939	0.603406	0.648084	0.650291	0.631501	0.637396	0.571308	0.562896	0.649852	0.574413	0.560566	0.490169	0.478431	0.608197	0.569930	0.555095	0.538318	0.480788	0.649967	0.222997	0.507663	0.628476	0.620915	0.302491	0.638085	0.544635	0.269231	0.340564	0.562896	0.508547	0.523944	0.643425	0.592593	0.592160	0.645033	0.558140	0.247423	0.622332	0.189349	0.562500	0.549128	0.395860	0.616987	0.590832	0.602329	0.621576	0.458753	0.637405	0.650677	0.412435	0.331516	0.629992	0.474409	0.628788	0.316050	0.602291	0.609047	0.509579	0.570928	0.623291	0.208788	0.469307	0.342362	0.626996	0.495438	0.650345	0.551167	0.630603	0.527700	0.493230	0.482759	0.496124	0.579274	0.575439	0.599091	0.068294	0.504840	0.551039	0.495183	0.645995	0.589404	0.639731	0.227115	0.617071	0.456914	0.634006	0.632135	0.531716	0.584825	0.558348	0.569665	0.174224	0.580589	0.486899	0.629808	0.585069	0.508671	0.632441	0.222997	0.421811	0.517427	0.311258	0.628485	0.539741	0.640967	0.470238	0.648108	0.507663	0.468594	0.610656	0.579810	0.401254	0.454910	0.636003	0.255128	0.493230	0.352860	0.336338	0.419421	0.597973	0.641026	0.580258	0.349515	0.556962	0.637594	0.625101	0.641399	0.645480	0.508088	0.436290	0.634409	0.468843	0.640061	0.610711	0.625767	0.373673	0.554042	0.253858	0.550855	0.630504	0.653315	0.614226	0.621835	0.647735	0.206331	0.327869	0.640693	0.591319	0.497591	0.619741	0.620134	0.629930	0.550459	0.620032	0.645341	0.519011	0.649856	0.579536	0.537926	0.327869	0.488802	0.277027	0.453360	0.495599	0.561215	0.496605	0.600500	0.597510	0.629692	0.641711	0.573872	0.651842	0.601147	0.239356	0.640635	0.643910	0.602510	0.606760	0.645341	0.628019	0.349515	0.432772	0.647059	0.651421	0.553621	0.634294	0.435712	0.639225	0.441057	0.404238	0.559353	0.639379	0.411582	0.588336	0.524250	0.271758	0.194557	0.539945	0.613690	0.411215	0.585451	0.619085	0.642808	0.322368	0.235294	0.621166	0.509506	0.487329	0.617504	0.533703	0.629529	0.472441	0.585069	0.138686	0.547118	0.275229	0.591837	0.432653	0.610662	0.558850	0.645525	0.636605	0.585714	0.430328	0.448692	0.630016	0.437436	0.660206	0.651642	0.406250	0.555455	0.646835	0.626647	0.232276	0.488281	0.658311	0.614173	0.374877	0.561949	0.567164	0.132963	0.587425	0.333333	0.404167	0.617384	0.543811	0.631579	0.588395	0.541090	0.047314	0.604959	0.521576	0.414508	0.474877	0.595781	0.511939	0.641819	0.569832	0.402503	0.650547	0.565603	0.631296	0.396226	0.600677	0.512308	0.638298	0.510832	0.641375	0.535316	0.438579	0.591767	0.320527	0.529963	0.502879	0.592405	0.623003	0.412435	0.634279	0.439024	0.286674	0.641441	0.439471	0.505304	0.277027	0.301835	0.645084	0.311258	0.480864	0.441057	0.646746	0.599500	0.637437	0.534463	0.526316	0.380952	0.480392	0.403064	0.354839	0.322368	0.377519	0.579861	0.637363	0.632716	0.623028	0.633913	0.647744	0.531716	0.649805	0.635457	0.567376	0.518868	0.607055	0.627682	0.172043	0.342362	0.517469	0.568182	0.630852	
0.363530	0.494180	0.556731	0.446656	0.254364	0.558027	0.611381	0.146107	0.484816	0.405236	0.376812	0.614793	0.380567	0.407723	0.466271	0.385236	0.554514	0.284314	0.367347	0.483751	0.635009	0.636430	0.480471	0.358734	0.398169	0.460348	0.606222	0.322349	0.297872	0.628769	0.180637	0.307134	0.369249	0.339265	0.650485	0.351972	0.488298	0.653295	0.244514	0.420347	0.527960	0.574401	0.640875	0.606389	0.377533	0.255452	0.642721	0.572466	0.507788	0.600825	0.373984	0.486342	0.626848	0.416667	0.290598	0.553023	0.326360	0.268398	0.312236	0.435170	0.599407	0.242310	0.550123	0.271605	0.586605	1.000000	0.277983	0.453202	0.296837	0.569378	0.403419	0.391729	0.629584	0.504175	0.414924	0.078079	0.316296	0.581374	0.625000	0.516262	0.328358	0.434783	0.276923	0.607918	0.361615	0.579329	0.442350	0.419809	0.122066	0.575893	0.345125	0.346131	0.530982	0.282209	0.589104	0.532045	0.462643	0.270537	0.553527	0.396798	0.445300	0.270537	0.461035	0.184465	0.586905	0.114478	0.538046	0.387303	0.623224	0.415584	0.165138	0.504429	0.216561	0.236776	0.504904	0.614027	0.375470	0.444199	0.644503	0.635303	0.604233	0.646309	0.119543	0.576206	0.178151	0.606513	0.408627	0.599275	0.420639	0.282209	0.635608	0.652736	0.247810	0.451897	0.499223	0.396334	0.557995	0.481799	0.206278	0.590592	0.582459	0.491768	0.474394	0.500791	0.534274	0.589120	0.584746	0.554348	0.105548	0.404558	0.463784	0.639831	0.417323	0.242310	0.636467	0.590932	0.460870	0.237885	0.582863	0.378691	0.597660	0.620690	0.118280	0.626271	0.627859	0.416244	0.347107	0.621140	0.505747	0.479189	0.651587	0.607639	0.501055	0.563013	0.620581	0.552235	0.312236	0.467672	0.477064	0.592027	0.644081	0.590930	0.558426	0.579943	0.608696	0.521469	0.507307	0.563050	0.515167	0.509944	0.225602	0.547097	0.609865	0.455489	0.607918	0.482869	0.572947	0.587534	0.537102	0.522495	0.632280	0.389655	0.533535	0.426009	0.411099	0.619805	0.308157	0.471159	0.421585	0.643490	0.357771	0.303030	0.594796	0.128342	0.332341	0.626387	0.473373	0.468997	0.635952	0.394495	0.156682	0.201670	0.387356	0.610514	0.352941	0.611454	0.649226	0.456925	0.594872	0.401597	0.143236	0.461954	0.108108	0.403419	0.374710	0.564000	0.492831	0.437948	0.461622	0.622937	0.281154	0.593566	0.614772	0.250000	0.195876	0.532110	0.304058	0.526854	0.481373	0.477114	0.482648	0.332341	0.423185	0.648539	0.351626	0.297872	0.202824	0.529558	0.607679	0.582585	0.397942	0.510109	0.352941	0.322349	0.303030	0.320336	0.409297	0.420282	0.636332	0.121538	0.625000	0.391504	0.326360	0.562529	0.466630	0.581132	0.130841	0.507322	0.285364	0.626160	0.622082	0.359695	0.441372	0.395655	0.411532	0.099117	0.432644	0.616438	0.615050	0.426413	0.326360	0.621249	0.128342	0.257623	0.614394	0.182998	0.512742	0.368084	0.525026	0.295800	0.550098	0.332341	0.290598	0.626208	0.433668	0.241206	0.285364	0.492616	0.415561	0.322349	0.505733	0.506559	0.253275	0.446399	0.527282	0.438889	0.207426	0.390580	0.519084	0.475936	0.544096	0.556802	0.339265	0.267327	0.634870	0.298906	0.501548	0.482503	0.513667	0.224477	0.385945	0.417592	0.392898	0.594005	0.571291	0.456831	0.503423	0.574267	0.118280	0.193548	0.615453	0.471983	0.620729	0.482095	0.559059	0.644409	0.376812	0.499736	0.562470	0.340249	0.552645	0.436040	0.613234	0.193548	0.315283	0.161523	0.284314	0.616328	0.402509	0.319328	0.456925	0.461957	0.638843	0.514403	0.605839	0.575699	0.468750	0.138298	0.611258	0.505198	0.455738	0.472944	0.569223	0.614091	0.207426	0.587724	0.562288	0.562079	0.376593	0.528418	0.571289	0.479189	0.270537	0.562358	0.394963	0.557505	0.252185	0.440866	0.629496	0.436393	0.329451	0.627834	0.500525	0.247810	0.420045	0.515593	0.575670	0.190045	0.135819	0.519856	0.340249	0.314269	0.467630	0.370198	0.638486	0.304058	0.428651	0.078243	0.379630	0.440749	0.442849	0.266254	0.479445	0.393593	0.567673	0.587961	0.646435	0.261949	0.281154	0.640587	0.269468	0.615923	0.594150	0.244514	0.391055	0.600451	0.545727	0.386043	0.312236	0.595072	0.509186	0.534494	0.648541	0.417136	0.230605	0.429844	0.197038	0.244514	0.473741	0.639623	0.559223	0.644843	0.370198	0.084921	0.467209	0.353909	0.250000	0.303030	0.451648	0.335315	0.583408	0.645510	0.243413	0.626476	0.409529	0.587571	0.237885	0.449092	0.625945	0.535941	0.619388	0.602067	0.363530	0.271605	0.437535	0.188875	0.355843	0.330352	0.448352	0.491786	0.250000	0.633968	0.270537	0.167539	0.615652	0.269468	0.325359	0.161523	0.473703	0.605297	0.182998	0.307134	0.270537	0.593181	0.458606	0.628003	0.642327	0.351972	0.227848	0.308157	0.548292	0.210863	0.190045	0.225602	0.428651	0.611527	0.508545	0.505518	0.613715	0.550523	0.359695	0.596233	0.520124	0.409529	0.348083	0.473571	0.647459	0.097826	0.202824	0.347107	0.421585	0.521156	
0.618250	0.555866	0.456954	0.566929	0.609302	0.472036	0.413541	0.025125	0.551920	0.593482	0.606171	0.384549	0.601802	0.579216	0.562592	0.607143	0.497069	0.615721	0.576710	0.529161	0.264173	0.289744	0.543885	0.593985	0.574913	0.100155	0.418216	0.597980	0.611465	0.224876	0.542466	0.641667	0.600368	0.632812	0.300532	0.582857	0.552408	0.279357	0.551069	0.539837	0.520345	0.414658	0.326354	0.193825	0.600362	0.589327	0.313236	0.168468	0.542553	0.167160	0.627737	0.562771	0.204710	0.554817	0.642241	0.485782	0.577154	0.627540	0.593814	0.577849	0.205829	0.615752	0.502938	0.609865	0.443996	0.277983	1.000000	0.572741	0.612766	0.478166	0.609294	0.617284	0.221135	0.552561	0.574790	0.013031	0.609407	0.429672	0.219631	0.545216	0.610778	0.593548	0.611973	0.376170	0.624299	0.383721	0.568254	0.580431	0.492114	0.407129	0.065139	0.639692	0.525277	0.627193	0.445565	0.532828	0.096684	0.615730	0.504103	0.584348	0.551938	0.615730	0.568835	0.032274	0.461538	0.469453	0.470452	0.075221	0.264173	0.562814	0.562500	0.534228	0.621212	0.632850	0.526868	0.411711	0.071997	0.588050	0.306857	0.304788	0.173446	0.250277	0.514286	0.465724	0.031080	0.208007	0.602041	0.426357	0.577997	0.557018	0.205829	0.310014	0.627358	0.604651	0.480845	0.573427	0.135532	0.564841	0.583979	0.452210	0.474026	0.558533	0.563877	0.561549	0.506173	0.410304	0.458947	0.494118	0.440789	0.588640	0.538462	0.272618	0.589404	0.615752	0.311081	0.161660	0.546547	0.607229	0.454737	0.593128	0.163887	0.363341	0.471338	0.351751	0.367181	0.560935	0.646154	0.398222	0.543243	0.517143	0.335810	0.400000	0.548476	0.481605	0.329446	0.143812	0.585567	0.533724	0.556701	0.373311	0.324247	0.415954	0.156347	0.465957	0.293506	0.542819	0.544474	0.493119	0.523995	0.477764	0.613861	0.130035	0.422348	0.563166	0.384681	0.547550	0.477679	0.434524	0.525403	0.547315	0.246860	0.593640	0.509271	0.590164	0.591216	0.187474	0.623701	0.563877	0.604959	0.241067	0.613936	0.613445	0.443763	0.527950	0.625743	0.359015	0.586861	0.100022	0.359586	0.600000	0.562319	0.610966	0.565371	0.199207	0.570342	0.408759	0.293506	0.545455	0.449022	0.604491	0.520958	0.550810	0.496732	0.623064	0.570909	0.135899	0.572638	0.541471	0.576169	0.361600	0.580220	0.431752	0.408464	0.544601	0.555556	0.532995	0.654088	0.527529	0.105067	0.576867	0.560801	0.617822	0.583748	0.350388	0.066578	0.615711	0.598958	0.469607	0.186777	0.417457	0.615652	0.532450	0.600760	0.630303	0.626050	0.563895	0.589831	0.592346	0.272125	0.020673	0.200889	0.595070	0.597194	0.422200	0.565022	0.458774	0.493827	0.550136	0.627451	0.376254	0.334072	0.630394	0.577287	0.591304	0.561345	0.474916	0.578862	0.182553	0.394667	0.580750	0.641283	0.349845	0.515528	0.632794	0.201426	0.550409	0.492386	0.559853	0.507653	0.631130	0.505800	0.609901	0.655172	0.319887	0.600000	0.626794	0.627451	0.526316	0.082814	0.630303	0.119041	0.112718	0.601399	0.573643	0.500635	0.565495	0.628866	0.578483	0.508217	0.534483	0.501801	0.472064	0.636719	0.606335	0.342165	0.618644	0.505236	0.536517	0.533333	0.620347	0.594306	0.082362	0.562937	0.429961	0.470847	0.591463	0.557241	0.461702	0.503185	0.547872	0.419295	0.542522	0.190959	0.553802	0.424816	0.344512	0.602541	0.575800	0.482759	0.576998	0.504122	0.551282	0.221027	0.632979	0.606557	0.555874	0.650655	0.187164	0.596552	0.605691	0.533333	0.591592	0.362761	0.524675	0.288633	0.482222	0.571848	0.545455	0.401818	0.544000	0.567073	0.578635	0.484983	0.341390	0.572165	0.152497	0.481440	0.475664	0.583333	0.523748	0.154689	0.551429	0.561798	0.139679	0.596859	0.482916	0.672897	0.590112	0.209066	0.088784	0.061706	0.225774	0.530055	0.608491	0.601329	0.533333	0.474836	0.584450	0.530488	0.525490	0.615984	0.632444	0.543885	0.591912	0.345038	0.641509	0.600326	0.388693	0.599278	0.090040	0.590267	0.630385	0.546495	0.550523	0.488636	0.460268	0.289558	0.617849	0.597802	0.353125	0.626126	0.406475	0.443787	0.579572	0.589474	0.428434	0.510278	0.074735	0.606186	0.454452	0.538988	0.127792	0.245385	0.536667	0.041211	0.562701	0.559367	0.627078	0.552023	0.225324	0.487585	0.271146	0.610294	0.014215	0.581222	0.618596	0.549296	0.609244	0.569659	0.606299	0.417625	0.252796	0.595238	0.377295	0.604414	0.461053	0.612048	0.572317	0.199647	0.463835	0.194576	0.383275	0.607076	0.632287	0.586922	0.629032	0.548204	0.648111	0.554180	0.513324	0.577465	0.349575	0.620225	0.525424	0.399645	0.648649	0.638554	0.532951	0.099779	0.396811	0.594005	0.587500	0.593258	0.461220	0.540785	0.364516	0.219631	0.605714	0.596059	0.615385	0.139205	0.603581	0.600536	0.628713	0.619902	0.409463	0.531044	0.556927	0.398230	0.505389	0.626642	0.446660	0.539267	0.594228	0.637236	0.555882	0.341132	0.449664	0.609375	0.638462	0.598347	0.544503	
0.628726	0.645583	0.578139	0.636364	0.567353	0.597260	0.548686	0.046946	0.648230	0.632653	0.630319	0.550512	0.629630	0.634518	0.638636	0.628121	0.618596	0.582701	0.619946	0.646018	0.440377	0.469052	0.633929	0.622101	0.621935	0.181162	0.581049	0.623563	0.586310	0.386251	0.462898	0.599119	0.637097	0.608696	0.478592	0.614325	0.637266	0.458494	0.556270	0.632353	0.638340	0.562197	0.508197	0.337150	0.636605	0.560127	0.491484	0.296117	0.623295	0.293976	0.624833	0.642058	0.354504	0.615193	0.589474	0.623923	0.608571	0.580745	0.609329	0.621359	0.356279	0.551613	0.606464	0.565688	0.609060	0.453202	0.572741	1.000000	0.616990	0.610564	0.626598	0.614583	0.380401	0.636267	0.630653	0.024478	0.594203	0.582728	0.377158	0.632780	0.615385	0.618758	0.585890	0.558140	0.633152	0.561233	0.620939	0.641791	0.351351	0.580900	0.119608	0.611111	0.626482	0.575342	0.591785	0.610272	0.175144	0.591331	0.593928	0.634021	0.635934	0.578947	0.640371	0.060115	0.582609	0.332031	0.609023	0.137520	0.430962	0.641604	0.444846	0.649049	0.505863	0.543089	0.632780	0.562597	0.131810	0.640382	0.487455	0.484561	0.304239	0.419532	0.344961	0.596429	0.057922	0.358888	0.631179	0.582320	0.634568	0.593607	0.356279	0.488246	0.550400	0.633570	0.630480	0.620957	0.241516	0.616760	0.517007	0.587734	0.590222	0.626374	0.632653	0.625541	0.631058	0.566770	0.608167	0.608944	0.308911	0.608696	0.629418	0.450780	0.645963	0.545161	0.475212	0.284952	0.627451	0.558442	0.596003	0.633952	0.288611	0.531381	0.341748	0.524899	0.530726	0.622500	0.613037	0.555053	0.641870	0.625971	0.505495	0.558978	0.628386	0.615665	0.504768	0.255383	0.597668	0.638732	0.622727	0.534296	0.499060	0.572568	0.276197	0.588957	0.464101	0.620833	0.632025	0.602050	0.648148	0.613360	0.525620	0.232255	0.568019	0.645688	0.546512	0.618994	0.619872	0.583954	0.611111	0.634791	0.420276	0.628422	0.629703	0.633785	0.640605	0.326953	0.604106	0.630385	0.620347	0.405588	0.631148	0.602659	0.590331	0.367113	0.609065	0.527397	0.654628	0.180932	0.536351	0.632944	0.428571	0.500000	0.623207	0.345749	0.613480	0.548959	0.467547	0.629501	0.564846	0.623077	0.400000	0.643182	0.315582	0.618926	0.636485	0.242132	0.635165	0.621429	0.645833	0.523777	0.588415	0.578606	0.569876	0.542265	0.490501	0.628918	0.587021	0.621181	0.189651	0.622172	0.635556	0.620397	0.614428	0.517773	0.122175	0.586310	0.505983	0.611538	0.325830	0.575299	0.623711	0.627615	0.632737	0.589080	0.605613	0.616715	0.644753	0.623441	0.453276	0.038704	0.348429	0.637191	0.608571	0.580165	0.648276	0.584133	0.373333	0.628328	0.593939	0.528275	0.513514	0.632153	0.632335	0.621134	0.640704	0.292000	0.632353	0.319014	0.546003	0.631450	0.620000	0.531815	0.367113	0.574132	0.349284	0.468310	0.639029	0.623656	0.619289	0.614925	0.624647	0.603399	0.592481	0.493185	0.633374	0.542811	0.578788	0.637053	0.150910	0.589080	0.213607	0.202802	0.558730	0.638298	0.621457	0.633615	0.505942	0.601562	0.622984	0.630992	0.618956	0.615955	0.605891	0.575428	0.528252	0.591382	0.627979	0.635268	0.645963	0.529801	0.639581	0.150114	0.633894	0.574451	0.596396	0.620770	0.637149	0.599474	0.341748	0.492201	0.561376	0.618347	0.332555	0.639198	0.557292	0.512888	0.625000	0.636957	0.614545	0.633053	0.632381	0.615758	0.379341	0.495667	0.597968	0.440000	0.585736	0.326453	0.622279	0.597403	0.624855	0.620531	0.529371	0.636457	0.449349	0.603088	0.625142	0.391714	0.551883	0.635121	0.616103	0.619429	0.610909	0.518033	0.519525	0.269826	0.614679	0.611765	0.640106	0.614286	0.273455	0.648169	0.575851	0.248473	0.630491	0.609824	0.575517	0.623188	0.361405	0.161376	0.113473	0.387653	0.623794	0.563200	0.627646	0.607781	0.606278	0.484321	0.385633	0.629400	0.607843	0.587209	0.654018	0.628188	0.524156	0.592920	0.621622	0.235537	0.617219	0.163570	0.649165	0.563863	0.640000	0.624516	0.597595	0.593162	0.466515	0.573668	0.582317	0.526671	0.561240	0.568165	0.592593	0.556270	0.625162	0.576490	0.614786	0.136662	0.591837	0.597623	0.628755	0.228464	0.415076	0.619226	0.076462	0.634265	0.500000	0.562701	0.653975	0.386951	0.614535	0.450749	0.614765	0.026688	0.626147	0.618132	0.551834	0.590842	0.623377	0.620592	0.576707	0.424334	0.547504	0.548964	0.630380	0.597741	0.545455	0.637441	0.346450	0.598881	0.338352	0.551520	0.620596	0.574961	0.642512	0.481675	0.610959	0.613636	0.635183	0.634573	0.564593	0.520750	0.566563	0.454054	0.563677	0.567442	0.606581	0.436364	0.180512	0.563910	0.468310	0.587372	0.572755	0.597603	0.632677	0.526024	0.377158	0.617080	0.540362	0.601173	0.247680	0.516892	0.477352	0.535537	0.624079	0.561538	0.622129	0.640860	0.552968	0.629344	0.623978	0.596346	0.617617	0.635443	0.617729	0.619750	0.520315	0.288577	0.502564	0.613037	0.610422	0.640415	
0.612613	0.574932	0.465368	0.597243	0.620536	0.500000	0.419442	0.027099	0.590846	0.602329	0.636204	0.407439	0.624782	0.601653	0.579627	0.602076	0.516648	0.626050	0.644007	0.579750	0.282244	0.309252	0.577840	0.621818	0.618243	0.107702	0.440585	0.647173	0.650307	0.240631	0.563969	0.666667	0.641711	0.630189	0.320631	0.618785	0.580110	0.298289	0.624146	0.584518	0.530760	0.439810	0.347826	0.207660	0.616462	0.636971	0.334018	0.180674	0.548052	0.179280	0.643110	0.585091	0.219227	0.603226	0.647303	0.515081	0.626692	0.633406	0.612326	0.592824	0.220416	0.622426	0.510932	0.616379	0.471754	0.296837	0.612766	0.616990	1.000000	0.494647	0.631052	0.622222	0.236663	0.557895	0.597064	0.014061	0.631164	0.456439	0.235067	0.558259	0.662813	0.601881	0.656716	0.405700	0.636528	0.436190	0.583333	0.605475	0.519403	0.437269	0.070145	0.621974	0.542823	0.624473	0.463366	0.535802	0.103985	0.656587	0.514351	0.610455	0.594268	0.652268	0.594993	0.034800	0.473630	0.492401	0.510783	0.080969	0.282244	0.630894	0.578378	0.563565	0.628019	0.625000	0.548015	0.424842	0.077510	0.608563	0.327297	0.325117	0.185976	0.267544	0.504505	0.497332	0.033514	0.222729	0.613861	0.451429	0.612440	0.607595	0.220416	0.330623	0.615385	0.606335	0.544516	0.603390	0.145541	0.575843	0.627160	0.474268	0.484076	0.569464	0.575107	0.564103	0.531401	0.436199	0.481405	0.516129	0.472050	0.597663	0.579251	0.291169	0.610932	0.617849	0.330387	0.173419	0.602339	0.628176	0.481405	0.647986	0.175793	0.388489	0.500000	0.372985	0.389111	0.593193	0.624535	0.419948	0.572559	0.559889	0.357771	0.418118	0.564865	0.504918	0.351079	0.154382	0.632207	0.582857	0.582496	0.399334	0.345609	0.442577	0.167755	0.484342	0.313222	0.537967	0.565789	0.496629	0.552598	0.521739	0.620853	0.139668	0.443203	0.601481	0.407376	0.550562	0.492341	0.463938	0.523636	0.542500	0.263926	0.613014	0.539299	0.614650	0.629508	0.200906	0.649299	0.566524	0.616372	0.257792	0.641166	0.651822	0.467871	0.523529	0.638623	0.382146	0.583215	0.107560	0.382745	0.598639	0.545455	0.603491	0.609589	0.213380	0.606618	0.427289	0.313222	0.572271	0.457027	0.629816	0.539773	0.582496	0.475309	0.611018	0.626761	0.145933	0.561210	0.584475	0.593245	0.381703	0.630021	0.452902	0.427149	0.621622	0.595960	0.531017	0.642424	0.545682	0.112963	0.576320	0.577406	0.634799	0.602254	0.370031	0.071691	0.633947	0.611940	0.508751	0.200164	0.444030	0.623946	0.553687	0.621324	0.619883	0.639676	0.626223	0.621711	0.594507	0.290649	0.022301	0.215168	0.610922	0.638298	0.457644	0.570597	0.473029	0.520468	0.563492	0.628931	0.395387	0.355945	0.635209	0.598160	0.610455	0.610114	0.454259	0.597156	0.195670	0.416448	0.599049	0.653772	0.372519	0.523529	0.647450	0.215738	0.571429	0.538462	0.627451	0.546135	0.652977	0.520455	0.646272	0.639004	0.341020	0.608150	0.623853	0.628931	0.575676	0.089116	0.619883	0.127916	0.121152	0.626398	0.591252	0.534161	0.599379	0.615764	0.594872	0.551298	0.588235	0.521739	0.511732	0.656604	0.639130	0.364451	0.636735	0.554987	0.569863	0.551724	0.622328	0.631034	0.088631	0.620339	0.447419	0.500539	0.599407	0.559892	0.492693	0.500000	0.624365	0.436131	0.568571	0.204612	0.576224	0.458204	0.366917	0.611599	0.578019	0.501636	0.617702	0.523645	0.585670	0.236549	0.598985	0.628458	0.561308	0.638655	0.200575	0.602007	0.639216	0.575221	0.581871	0.386076	0.538071	0.308081	0.496732	0.571429	0.540230	0.427549	0.557292	0.590504	0.566474	0.495093	0.363636	0.605911	0.163649	0.498346	0.492408	0.652632	0.529486	0.165986	0.582173	0.652268	0.149969	0.626058	0.511161	0.636771	0.592248	0.223853	0.095518	0.066458	0.241584	0.557333	0.638009	0.596774	0.533854	0.491416	0.603581	0.531792	0.541507	0.632768	0.633663	0.575035	0.640569	0.367470	0.646465	0.592710	0.378738	0.601399	0.096864	0.595420	0.636166	0.563459	0.611486	0.494432	0.466059	0.309056	0.650549	0.630021	0.374422	0.636364	0.428319	0.465116	0.637813	0.625850	0.449481	0.523077	0.080448	0.640159	0.480402	0.544726	0.137271	0.262366	0.582524	0.044420	0.609375	0.599496	0.610478	0.588732	0.241107	0.502212	0.289614	0.608541	0.015338	0.583454	0.631193	0.639640	0.623482	0.584337	0.612167	0.446328	0.270210	0.611872	0.401316	0.606260	0.471074	0.618938	0.596067	0.213848	0.494938	0.208458	0.411664	0.630631	0.642241	0.610853	0.589744	0.628885	0.633397	0.575301	0.555404	0.630631	0.370709	0.630670	0.580645	0.421329	0.610390	0.635659	0.555858	0.107300	0.421970	0.587013	0.638554	0.643629	0.477157	0.582353	0.386328	0.235067	0.596685	0.622642	0.637275	0.149464	0.625917	0.588235	0.616114	0.599049	0.429722	0.544516	0.567604	0.421603	0.527550	0.635209	0.464251	0.544757	0.622735	0.653061	0.573066	0.363366	0.443038	0.611940	0.624535	0.574639	0.557545	
0.563437	0.632203	0.616058	0.591447	0.449664	0.634757	0.617855	0.074781	0.635818	0.573066	0.561576	0.629834	0.569185	0.576594	0.626422	0.570312	0.631739	0.475054	0.547264	0.622108	0.566437	0.587945	0.619500	0.548193	0.570328	0.277275	0.646753	0.523462	0.494118	0.513339	0.335344	0.497881	0.550149	0.530738	0.576220	0.535895	0.620513	0.576369	0.433898	0.580167	0.649412	0.627582	0.613304	0.475680	0.560472	0.444693	0.589407	0.421989	0.631579	0.421717	0.555336	0.610199	0.476048	0.590994	0.482759	0.636086	0.523364	0.465270	0.518440	0.594296	0.483459	0.434881	0.640304	0.472527	0.646048	0.569378	0.478166	0.610564	0.494647	1.000000	0.585646	0.574200	0.512759	0.633499	0.576015	0.039259	0.503673	0.637816	0.514671	0.643847	0.520207	0.579336	0.474317	0.613789	0.550551	0.608289	0.585009	0.581068	0.233035	0.622222	0.186411	0.541200	0.632157	0.482609	0.645604	0.622611	0.268535	0.468647	0.625664	0.575553	0.600541	0.459846	0.604444	0.095376	0.634112	0.219355	0.628485	0.213193	0.547126	0.576814	0.308824	0.631927	0.395349	0.421412	0.642217	0.640976	0.204687	0.587273	0.587506	0.597843	0.440391	0.539207	0.228498	0.637744	0.091957	0.488434	0.570342	0.631016	0.589003	0.473913	0.496241	0.593132	0.436937	0.611362	0.624079	0.557915	0.363253	0.614853	0.378378	0.648573	0.644092	0.618926	0.616594	0.628475	0.635793	0.630561	0.642150	0.627093	0.203125	0.560766	0.607018	0.562677	0.586142	0.425821	0.570683	0.419018	0.584071	0.423208	0.632249	0.562439	0.422719	0.614025	0.226221	0.609491	0.613569	0.573848	0.542683	0.626809	0.636213	0.604811	0.592265	0.642409	0.618887	0.630419	0.594771	0.382035	0.501581	0.614311	0.608924	0.598301	0.603875	0.627554	0.405961	0.635328	0.556886	0.634505	0.630182	0.634731	0.628340	0.623501	0.410138	0.350254	0.630263	0.606601	0.615009	0.611399	0.635294	0.637228	0.646735	0.645265	0.540305	0.565049	0.625295	0.579143	0.579545	0.461913	0.505820	0.627074	0.579981	0.532706	0.546734	0.493617	0.635229	0.244275	0.526316	0.622171	0.616188	0.276942	0.625218	0.564797	0.294190	0.370720	0.559223	0.474936	0.541414	0.625641	0.565868	0.597865	0.621603	0.563758	0.270677	0.617673	0.207792	0.579904	0.554241	0.364116	0.622336	0.578422	0.605146	0.609102	0.476605	0.634603	0.640877	0.431461	0.361045	0.638978	0.505845	0.629719	0.289551	0.612031	0.624248	0.530444	0.592315	0.623717	0.190266	0.494118	0.372642	0.626247	0.462552	0.628458	0.565929	0.648072	0.537374	0.523462	0.502128	0.501567	0.576850	0.569014	0.568471	0.061806	0.479735	0.560078	0.523364	0.631365	0.607237	0.628369	0.248731	0.622296	0.487541	0.622892	0.608696	0.551655	0.610200	0.585178	0.570349	0.191350	0.593142	0.458503	0.620516	0.597957	0.519211	0.600228	0.244275	0.452620	0.481536	0.339350	0.629393	0.534260	0.631410	0.493033	0.650075	0.522188	0.487069	0.587107	0.601476	0.430839	0.487541	0.608769	0.233029	0.523462	0.323868	0.308449	0.443449	0.600541	0.621902	0.581651	0.380282	0.564500	0.632669	0.617241	0.632228	0.639821	0.536885	0.461369	0.616246	0.495726	0.625407	0.625850	0.623271	0.405998	0.567251	0.231855	0.567568	0.624665	0.632192	0.616071	0.627418	0.650997	0.226221	0.354762	0.635538	0.596859	0.471212	0.609819	0.606360	0.609234	0.555665	0.628910	0.641233	0.532242	0.642803	0.584559	0.505381	0.357143	0.508403	0.302583	0.485900	0.466829	0.565134	0.508368	0.601423	0.601770	0.616374	0.627229	0.556650	0.627566	0.617801	0.261965	0.608696	0.640857	0.594643	0.611599	0.638298	0.612975	0.380282	0.400817	0.641537	0.631579	0.561024	0.621078	0.405789	0.609966	0.459846	0.372432	0.574735	0.636364	0.446188	0.590284	0.497334	0.248425	0.177173	0.523114	0.607023	0.434685	0.579737	0.611203	0.650218	0.351254	0.257576	0.631408	0.526100	0.508938	0.617774	0.553571	0.618940	0.499469	0.590529	0.152610	0.546169	0.251641	0.603088	0.461878	0.613929	0.560694	0.626488	0.650384	0.572840	0.455050	0.476605	0.615826	0.466960	0.629442	0.635995	0.429379	0.558994	0.639203	0.650658	0.211916	0.503688	0.653713	0.630962	0.344914	0.541197	0.580827	0.120714	0.585635	0.362989	0.429379	0.626298	0.513360	0.638519	0.564054	0.557540	0.042775	0.620264	0.546922	0.435955	0.495745	0.600000	0.520576	0.636605	0.551510	0.429864	0.630566	0.586895	0.630835	0.425484	0.601626	0.485337	0.638202	0.476498	0.617866	0.547453	0.465934	0.608616	0.349282	0.535750	0.525336	0.601802	0.608326	0.440449	0.611269	0.462046	0.312958	0.640252	0.471366	0.523909	0.302583	0.276332	0.622724	0.339350	0.500000	0.459846	0.644305	0.603908	0.622066	0.509120	0.533873	0.411494	0.503704	0.371328	0.385965	0.351254	0.407834	0.590529	0.639795	0.633907	0.621961	0.628607	0.648191	0.557673	0.639400	0.628664	0.579297	0.534010	0.606643	0.618222	0.188976	0.372642	0.542683	0.583723	0.636808	
0.627628	0.624852	0.562319	0.625654	0.590340	0.592375	0.520458	0.039185	0.629808	0.651685	0.635294	0.516229	0.649123	0.622905	0.643564	0.624093	0.584521	0.626917	0.629851	0.617788	0.385870	0.417999	0.616505	0.632375	0.634424	0.152951	0.589212	0.634615	0.630000	0.331931	0.518219	0.620690	0.630952	0.627145	0.426209	0.639144	0.629940	0.404121	0.585455	0.615591	0.612766	0.533448	0.458388	0.288501	0.648094	0.596429	0.442748	0.252489	0.626561	0.250618	0.638109	0.635036	0.303808	0.632011	0.623946	0.587873	0.614650	0.597902	0.615635	0.648936	0.305376	0.583942	0.595918	0.626087	0.571429	0.403419	0.609294	0.626598	0.631052	0.585646	1.000000	0.640805	0.326737	0.636051	0.638122	0.020393	0.624595	0.543273	0.324646	0.614350	0.641270	0.632844	0.610345	0.504601	0.653614	0.515073	0.629776	0.647541	0.403587	0.532218	0.100453	0.651235	0.608511	0.618803	0.569135	0.603692	0.147794	0.606272	0.582485	0.627841	0.643411	0.609756	0.632911	0.050233	0.560297	0.381818	0.588710	0.115673	0.383696	0.630854	0.503119	0.615561	0.560000	0.593002	0.609865	0.531915	0.110816	0.635294	0.431960	0.431762	0.259598	0.366925	0.400901	0.578244	0.048391	0.308427	0.663877	0.544358	0.650407	0.605128	0.305376	0.442344	0.582278	0.643411	0.591422	0.650499	0.204965	0.626974	0.554264	0.553539	0.566002	0.642005	0.634568	0.624413	0.592119	0.531250	0.569045	0.582227	0.360277	0.628169	0.623602	0.395076	0.624829	0.602190	0.423515	0.242735	0.626415	0.577206	0.557924	0.627566	0.245930	0.487518	0.392777	0.479491	0.492647	0.634615	0.644068	0.519936	0.616801	0.622437	0.465085	0.519460	0.615746	0.584795	0.454364	0.216993	0.628664	0.631319	0.621287	0.493526	0.458306	0.543147	0.235099	0.565014	0.409826	0.617117	0.624569	0.581419	0.617778	0.574236	0.566604	0.196949	0.533333	0.641221	0.506135	0.626974	0.569756	0.548813	0.598291	0.623491	0.362245	0.638849	0.607676	0.617050	0.662968	0.279528	0.626230	0.632099	0.626703	0.354291	0.636364	0.601653	0.563686	0.421286	0.637224	0.488473	0.641278	0.152754	0.489177	0.640916	0.481013	0.550781	0.624460	0.296080	0.635115	0.525714	0.419413	0.626109	0.550909	0.638418	0.462203	0.626238	0.367816	0.647887	0.618557	0.205499	0.632458	0.632812	0.638889	0.480058	0.609589	0.537005	0.524671	0.587387	0.544379	0.610687	0.620462	0.610989	0.160235	0.630542	0.632850	0.640379	0.666667	0.484848	0.102631	0.620000	0.541910	0.570248	0.278541	0.537616	0.639205	0.624434	0.629008	0.634615	0.631405	0.614148	0.645341	0.632877	0.396648	0.032283	0.298445	0.642755	0.624204	0.553603	0.621554	0.565581	0.432671	0.627451	0.625850	0.499623	0.464238	0.655589	0.636959	0.650568	0.638122	0.341121	0.637097	0.272553	0.515152	0.644205	0.643312	0.479944	0.421286	0.612100	0.299199	0.528226	0.599782	0.610119	0.604600	0.618729	0.601413	0.621451	0.610455	0.446174	0.648865	0.581353	0.622449	0.613396	0.127081	0.634615	0.180846	0.171539	0.609319	0.643411	0.613537	0.614570	0.560928	0.629310	0.600000	0.627879	0.600832	0.584493	0.633385	0.598949	0.475862	0.632280	0.618141	0.639715	0.628635	0.571429	0.642547	0.126402	0.624822	0.539326	0.574181	0.652229	0.618267	0.570627	0.397291	0.538614	0.528583	0.621455	0.284455	0.624697	0.533333	0.476058	0.647059	0.625000	0.599222	0.629283	0.609407	0.624170	0.326587	0.554455	0.625608	0.502092	0.626917	0.279088	0.637518	0.631240	0.626109	0.631447	0.493091	0.607341	0.408260	0.586978	0.638718	0.440087	0.527258	0.637088	0.652229	0.627646	0.577821	0.466621	0.560928	0.229551	0.581532	0.582769	0.646109	0.596916	0.232711	0.632087	0.599303	0.210996	0.649573	0.587885	0.596050	0.632275	0.309908	0.136015	0.095251	0.333177	0.627178	0.593128	0.634747	0.616610	0.577181	0.537849	0.437637	0.624161	0.647975	0.636364	0.621359	0.647845	0.479500	0.633663	0.638814	0.276699	0.629575	0.137891	0.642298	0.610526	0.608696	0.642959	0.592666	0.561020	0.414201	0.593640	0.609589	0.481192	0.593368	0.528606	0.552931	0.596364	0.638054	0.547009	0.602510	0.114943	0.628664	0.578662	0.620930	0.193672	0.360223	0.622771	0.063981	0.641811	0.539370	0.600000	0.630938	0.332553	0.597044	0.394209	0.632987	0.022238	0.637500	0.631098	0.576577	0.618182	0.634839	0.615385	0.537084	0.370370	0.593807	0.509420	0.640669	0.556070	0.577206	0.642487	0.296699	0.580000	0.289560	0.509005	0.654655	0.591304	0.653439	0.538922	0.613982	0.645570	0.634839	0.636580	0.576577	0.473980	0.609756	0.476190	0.519522	0.614311	0.634769	0.497908	0.152393	0.526232	0.528226	0.620690	0.602787	0.562044	0.632111	0.486486	0.324646	0.629969	0.571963	0.616393	0.210308	0.561538	0.529880	0.589118	0.644205	0.532573	0.620767	0.610723	0.514694	0.601660	0.646526	0.568905	0.602464	0.635097	0.636923	0.637824	0.474553	0.337237	0.561404	0.656394	0.643052	0.627100	
0.607362	0.637786	0.538688	0.634667	0.609174	0.572844	0.518212	0.037669	0.611247	0.630372	0.624625	0.498437	0.647761	0.629630	0.622166	0.642963	0.597107	0.614311	0.637195	0.603912	0.373494	0.405970	0.604938	0.630603	0.626996	0.147364	0.528967	0.593443	0.604096	0.320941	0.500000	0.645378	0.638298	0.650718	0.421248	0.593750	0.623630	0.393537	0.552239	0.580822	0.598272	0.498264	0.446667	0.278709	0.613772	0.578755	0.432606	0.243746	0.622837	0.241930	0.636501	0.626238	0.293586	0.605300	0.604491	0.581856	0.583062	0.598566	0.583333	0.639566	0.295110	0.588015	0.600414	0.595365	0.556962	0.391729	0.617284	0.614583	0.622222	0.574200	0.640805	1.000000	0.315887	0.630105	0.622535	0.019597	0.625828	0.532524	0.313852	0.615034	0.600649	0.634014	0.583039	0.489922	0.646154	0.496949	0.660403	0.623955	0.416667	0.504657	0.096683	0.621451	0.598272	0.584939	0.545619	0.619625	0.142380	0.589286	0.595041	0.623188	0.605263	0.621429	0.639175	0.048300	0.573308	0.380282	0.556237	0.111365	0.371303	0.612360	0.475375	0.613953	0.563601	0.559546	0.589977	0.519868	0.106679	0.628495	0.425693	0.421777	0.250643	0.355023	0.409302	0.566731	0.046527	0.298077	0.637269	0.537053	0.618785	0.553415	0.295110	0.429752	0.601113	0.642105	0.561927	0.628821	0.197681	0.618047	0.553785	0.553309	0.573628	0.621359	0.648241	0.632458	0.601081	0.505824	0.563380	0.592746	0.367542	0.640805	0.581542	0.384659	0.592490	0.576779	0.423469	0.234284	0.606914	0.592453	0.542723	0.634731	0.237383	0.474777	0.410256	0.465714	0.487370	0.610644	0.655118	0.516129	0.631579	0.581595	0.455852	0.510843	0.626045	0.577075	0.434432	0.209331	0.593333	0.594730	0.654912	0.474211	0.444003	0.529110	0.226880	0.578199	0.398792	0.610984	0.625438	0.581560	0.613995	0.547672	0.581888	0.189919	0.536294	0.626943	0.494574	0.625464	0.575668	0.525378	0.605206	0.626533	0.350462	0.634361	0.595238	0.651034	0.656294	0.269992	0.637584	0.633166	0.655556	0.342714	0.622291	0.626058	0.548948	0.430206	0.619355	0.478894	0.630000	0.147173	0.481050	0.633577	0.500000	0.550201	0.590308	0.286074	0.586583	0.521883	0.408459	0.603871	0.541436	0.634006	0.463252	0.604534	0.380048	0.646552	0.610526	0.198198	0.633495	0.572944	0.645244	0.474725	0.610526	0.533101	0.519135	0.543438	0.543611	0.622370	0.628378	0.607143	0.154403	0.654135	0.626536	0.629032	0.651811	0.474021	0.098783	0.621160	0.561122	0.551363	0.269034	0.518392	0.663768	0.604598	0.614665	0.645902	0.612521	0.578947	0.646809	0.634078	0.384009	0.031030	0.288372	0.614934	0.618893	0.524911	0.630102	0.557964	0.419134	0.616647	0.609756	0.489703	0.449591	0.648148	0.635514	0.643478	0.619718	0.352657	0.627397	0.263219	0.504839	0.631868	0.635179	0.466240	0.430206	0.594891	0.289106	0.526971	0.578073	0.598784	0.600667	0.616438	0.591607	0.619355	0.618307	0.437173	0.636735	0.596623	0.623693	0.616487	0.122376	0.645902	0.174335	0.165333	0.595588	0.605263	0.592018	0.639676	0.564612	0.642229	0.582781	0.616523	0.603376	0.568548	0.622010	0.603232	0.466574	0.623509	0.577929	0.611850	0.606818	0.586873	0.629247	0.121721	0.611354	0.530184	0.576172	0.643320	0.638095	0.568720	0.400932	0.509165	0.534786	0.639900	0.274778	0.618227	0.510319	0.463910	0.651652	0.642686	0.568047	0.589172	0.593361	0.638701	0.315741	0.553971	0.616915	0.495690	0.624782	0.269565	0.633094	0.609555	0.616774	0.642766	0.479060	0.619209	0.390244	0.577340	0.637390	0.449438	0.510288	0.617341	0.640726	0.636248	0.579882	0.454482	0.536779	0.221500	0.585657	0.569185	0.623688	0.604027	0.224564	0.635583	0.567857	0.203521	0.622093	0.555891	0.615101	0.638814	0.299517	0.131003	0.091667	0.322154	0.625738	0.571429	0.616457	0.610405	0.569485	0.528689	0.437923	0.611364	0.633758	0.634551	0.587654	0.649469	0.465965	0.618243	0.659341	0.286432	0.651719	0.132814	0.659574	0.586331	0.614251	0.595065	0.586935	0.559041	0.405728	0.615942	0.607018	0.473118	0.590340	0.528117	0.552702	0.559701	0.618978	0.543253	0.588110	0.110660	0.620000	0.560440	0.635934	0.186747	0.348493	0.618182	0.061536	0.624152	0.514170	0.600746	0.629492	0.321546	0.575425	0.381594	0.643399	0.021371	0.636132	0.638629	0.536044	0.595601	0.643890	0.600321	0.517688	0.358382	0.564486	0.502666	0.642045	0.565258	0.581132	0.649077	0.286675	0.543611	0.279737	0.495645	0.650307	0.634581	0.641509	0.550308	0.599379	0.637540	0.636005	0.615942	0.550832	0.465909	0.603571	0.486141	0.514102	0.604651	0.639478	0.474138	0.146825	0.509646	0.526971	0.628571	0.610714	0.561922	0.604891	0.473801	0.313852	0.618750	0.556622	0.614094	0.202855	0.553360	0.528689	0.578035	0.659341	0.527183	0.612385	0.625592	0.509237	0.600000	0.663580	0.556351	0.614334	0.647727	0.660377	0.633962	0.461111	0.348668	0.565130	0.645669	0.652778	0.623436	
0.292156	0.420277	0.503603	0.367310	0.201780	0.505229	0.553445	0.185681	0.413072	0.328276	0.303313	0.577439	0.306474	0.331345	0.398063	0.310409	0.488344	0.226341	0.295359	0.411329	0.631547	0.618020	0.409270	0.288136	0.321330	0.522850	0.561469	0.257786	0.237518	0.644642	0.142054	0.245174	0.296956	0.271863	0.616925	0.282475	0.416014	0.629283	0.193741	0.352515	0.470246	0.545455	0.616728	0.634557	0.304895	0.202669	0.620099	0.618012	0.441980	0.613128	0.300935	0.406127	0.634211	0.342753	0.231518	0.484401	0.261119	0.213268	0.249398	0.358465	0.629884	0.191944	0.487106	0.215898	0.537360	0.629584	0.221135	0.380401	0.236663	0.512759	0.326737	0.315887	1.000000	0.435304	0.337449	0.100223	0.252763	0.555894	0.638356	0.445860	0.262781	0.356239	0.220264	0.582580	0.290550	0.548018	0.363636	0.343508	0.095338	0.559819	0.418474	0.277594	0.470246	0.224609	0.543344	0.458893	0.516036	0.215022	0.487526	0.322104	0.374609	0.215022	0.386152	0.233122	0.524990	0.089333	0.492872	0.449151	0.631547	0.338968	0.129630	0.438169	0.171026	0.187438	0.444161	0.557169	0.444981	0.368043	0.620555	0.617886	0.635064	0.643320	0.093340	0.513740	0.225349	0.636919	0.332110	0.548018	0.348024	0.224609	0.651003	0.621639	0.196429	0.373715	0.445296	0.319778	0.596712	0.406824	0.162708	0.532554	0.511924	0.415472	0.399472	0.425054	0.472107	0.558417	0.516916	0.485667	0.082278	0.326737	0.396825	0.636923	0.344262	0.191944	0.604269	0.613947	0.388840	0.188341	0.519276	0.304895	0.629425	0.593982	0.092340	0.599930	0.590861	0.340484	0.278409	0.566066	0.433105	0.411867	0.614023	0.564291	0.424373	0.502210	0.605938	0.608237	0.249398	0.400176	0.397182	0.576369	0.618218	0.556522	0.612982	0.522117	0.623244	0.443216	0.437018	0.495130	0.451968	0.460698	0.178357	0.590371	0.547583	0.382392	0.576798	0.408574	0.504019	0.536923	0.461859	0.454086	0.637453	0.315107	0.470637	0.348774	0.335165	0.628529	0.246020	0.400352	0.345016	0.635708	0.287329	0.241779	0.538521	0.100313	0.266094	0.597685	0.401405	0.528228	0.595999	0.318224	0.122870	0.158987	0.315107	0.636623	0.283286	0.563244	0.621967	0.385435	0.532969	0.325196	0.112150	0.398943	0.084299	0.326737	0.302521	0.610004	0.417210	0.370238	0.386696	0.591133	0.223742	0.540190	0.566629	0.198216	0.154315	0.456303	0.242629	0.454277	0.536478	0.400000	0.408555	0.266094	0.343508	0.595420	0.423577	0.237518	0.159919	0.482106	0.640080	0.550265	0.322104	0.443119	0.283286	0.257786	0.241779	0.256115	0.333639	0.341997	0.641254	0.155014	0.636127	0.316667	0.261119	0.542099	0.390093	0.524823	0.102296	0.433476	0.227206	0.583931	0.613243	0.288941	0.366577	0.322104	0.337449	0.077208	0.352515	0.638151	0.573427	0.351020	0.261119	0.601942	0.100313	0.204444	0.641814	0.143951	0.461345	0.296956	0.461279	0.235808	0.488998	0.266094	0.231518	0.608985	0.356239	0.191045	0.227206	0.423509	0.476879	0.257786	0.573390	0.569082	0.200891	0.374609	0.459016	0.360685	0.163636	0.315887	0.459924	0.408217	0.479175	0.498987	0.271863	0.212389	0.608308	0.238372	0.446520	0.418403	0.445482	0.177444	0.311978	0.490960	0.319778	0.547328	0.509396	0.381673	0.424687	0.522117	0.092340	0.152439	0.563296	0.399296	0.641576	0.409786	0.527723	0.602617	0.303313	0.420597	0.509033	0.272684	0.484228	0.359206	0.641188	0.152439	0.251923	0.126739	0.226341	0.638882	0.325967	0.255278	0.385435	0.389725	0.594080	0.447925	0.618113	0.507223	0.400176	0.108221	0.566122	0.439795	0.382562	0.394528	0.503412	0.600823	0.163636	0.622476	0.503023	0.513622	0.304104	0.453817	0.625609	0.410995	0.215022	0.605220	0.320554	0.497166	0.200000	0.361424	0.641449	0.506060	0.404845	0.638843	0.427711	0.196429	0.342753	0.439795	0.516361	0.149618	0.106250	0.442936	0.272684	0.251082	0.408395	0.297753	0.605100	0.242629	0.351020	0.060800	0.305685	0.499698	0.368775	0.211510	0.409428	0.321330	0.500809	0.532604	0.629876	0.207984	0.223742	0.594708	0.214145	0.569527	0.545664	0.193741	0.318224	0.551462	0.471269	0.455497	0.249398	0.530946	0.428756	0.583350	0.636575	0.341241	0.289490	0.357724	0.155251	0.193741	0.404553	0.644803	0.499596	0.637619	0.297753	0.108895	0.391516	0.284096	0.198216	0.241779	0.375335	0.268571	0.551593	0.632544	0.192843	0.580645	0.332875	0.523997	0.188341	0.373154	0.637448	0.496143	0.642656	0.581752	0.292156	0.215898	0.361424	0.148676	0.285714	0.264439	0.375335	0.420824	0.198216	0.593414	0.215022	0.131552	0.565857	0.214145	0.260287	0.126739	0.530219	0.577729	0.143951	0.245174	0.215022	0.529113	0.385980	0.600989	0.636164	0.282475	0.180180	0.246020	0.609217	0.166415	0.149618	0.178357	0.351020	0.569305	0.441890	0.429125	0.565026	0.478780	0.288941	0.541811	0.445671	0.332875	0.279224	0.398768	0.600617	0.076190	0.159919	0.278409	0.345016	0.450764	
0.582830	0.660040	0.615385	0.637838	0.525000	0.630068	0.588576	0.056455	0.642497	0.636884	0.618312	0.588316	0.615385	0.629418	0.639835	0.630588	0.643920	0.556150	0.611312	0.632427	0.483758	0.515676	0.629442	0.613139	0.625000	0.214866	0.612006	0.568153	0.570302	0.436522	0.421374	0.581818	0.621849	0.600998	0.525084	0.579141	0.650602	0.514675	0.509142	0.603315	0.653951	0.592313	0.558806	0.392830	0.600237	0.515950	0.547028	0.344433	0.654511	0.344689	0.618138	0.661241	0.407526	0.618834	0.559682	0.631393	0.567807	0.537517	0.565161	0.624315	0.407080	0.519041	0.653812	0.548913	0.622951	0.504175	0.552561	0.636267	0.557895	0.633499	0.636051	0.630105	0.435304	1.000000	0.641808	0.029505	0.580231	0.617470	0.432709	0.647673	0.586599	0.624176	0.558704	0.584300	0.625455	0.585477	0.645652	0.627100	0.299835	0.601770	0.142758	0.600742	0.653951	0.549598	0.620905	0.646950	0.207855	0.538776	0.642170	0.628902	0.648128	0.541497	0.647739	0.072193	0.621469	0.282862	0.626193	0.163836	0.479760	0.626832	0.392523	0.639614	0.478134	0.502841	0.641975	0.604483	0.157125	0.630670	0.526375	0.524535	0.356354	0.476145	0.294215	0.626964	0.069575	0.409257	0.633257	0.618759	0.649611	0.538874	0.412711	0.542334	0.526611	0.637433	0.624642	0.640371	0.284690	0.642276	0.460857	0.628662	0.627677	0.656657	0.659114	0.647581	0.640000	0.594045	0.624194	0.635088	0.262626	0.631458	0.627329	0.503080	0.628635	0.502116	0.519793	0.334413	0.642259	0.510638	0.624194	0.623962	0.338583	0.575181	0.291391	0.563810	0.589086	0.614173	0.612346	0.600707	0.642718	0.644444	0.563570	0.601408	0.642292	0.635215	0.542720	0.300612	0.572903	0.635802	0.635707	0.573948	0.548694	0.600149	0.324426	0.634146	0.509290	0.648236	0.653101	0.635112	0.661640	0.610956	0.495677	0.274031	0.607727	0.650475	0.581570	0.650407	0.625632	0.617874	0.643573	0.654851	0.468647	0.616822	0.655141	0.633333	0.643991	0.382081	0.568093	0.648816	0.632402	0.463741	0.601705	0.574413	0.623028	0.313725	0.596226	0.582311	0.652308	0.214598	0.585650	0.627907	0.374803	0.460624	0.598131	0.401719	0.593137	0.606061	0.514754	0.640000	0.623315	0.626007	0.346154	0.629515	0.268456	0.631458	0.611905	0.285398	0.662663	0.624327	0.658972	0.576623	0.547651	0.591081	0.604212	0.508380	0.446108	0.636364	0.571056	0.657330	0.224739	0.641316	0.645096	0.591195	0.624860	0.565823	0.145783	0.557162	0.454006	0.616475	0.379336	0.607143	0.633526	0.644976	0.598039	0.603822	0.571802	0.572158	0.622727	0.628507	0.504357	0.046583	0.403937	0.615385	0.593156	0.611239	0.629823	0.629450	0.319218	0.653696	0.560748	0.586810	0.552648	0.626974	0.634199	0.615029	0.621469	0.247878	0.645304	0.373102	0.592226	0.648948	0.595691	0.567636	0.313725	0.531120	0.402526	0.426180	0.632653	0.612245	0.653631	0.566535	0.631944	0.583648	0.559682	0.540223	0.643956	0.511299	0.558077	0.642292	0.179541	0.603822	0.252508	0.240000	0.534075	0.639572	0.642526	0.641921	0.469027	0.623104	0.634598	0.640974	0.644702	0.632391	0.603491	0.546448	0.564867	0.564304	0.629981	0.644711	0.652133	0.487734	0.619718	0.178609	0.612529	0.600910	0.623853	0.640592	0.664039	0.634146	0.291391	0.441441	0.605263	0.635802	0.387655	0.650456	0.581789	0.563046	0.623068	0.642220	0.639193	0.587796	0.649693	0.634573	0.433405	0.444444	0.586118	0.384977	0.558824	0.381516	0.636782	0.578005	0.650526	0.646444	0.587240	0.643396	0.493534	0.638655	0.666667	0.335484	0.601439	0.651923	0.653277	0.628631	0.630782	0.556382	0.463127	0.317148	0.646310	0.624791	0.603325	0.639850	0.321295	0.648485	0.541497	0.292683	0.614137	0.625000	0.534819	0.632497	0.418434	0.191786	0.135522	0.440663	0.636008	0.515406	0.627803	0.651923	0.636213	0.437406	0.330097	0.640758	0.610212	0.586873	0.627411	0.613909	0.568750	0.581486	0.637874	0.198953	0.620853	0.194350	0.636462	0.541724	0.632963	0.604167	0.664957	0.625894	0.513236	0.580468	0.563758	0.579618	0.531335	0.611983	0.628834	0.514768	0.606977	0.614576	0.628469	0.162827	0.562581	0.640884	0.650343	0.269663	0.470919	0.620225	0.091668	0.625000	0.448430	0.520394	0.663951	0.444251	0.646259	0.504854	0.621103	0.032162	0.638918	0.587515	0.494413	0.563969	0.634615	0.578947	0.590705	0.481232	0.507042	0.596774	0.637088	0.624194	0.510638	0.647374	0.403289	0.620155	0.394948	0.589708	0.611850	0.538043	0.643402	0.441088	0.595849	0.595208	0.638889	0.656032	0.508380	0.571068	0.549660	0.394410	0.601695	0.539510	0.588832	0.384977	0.214108	0.590557	0.423135	0.568831	0.536054	0.633254	0.640756	0.573856	0.436116	0.584049	0.485632	0.573281	0.291773	0.469897	0.434389	0.495677	0.633444	0.601872	0.645654	0.651619	0.591549	0.648889	0.612394	0.634184	0.650854	0.625711	0.599260	0.645361	0.569659	0.244898	0.462908	0.612346	0.641341	0.650854	
0.623529	0.637951	0.549094	0.627249	0.582897	0.595950	0.521036	0.040699	0.640662	0.639118	0.657061	0.522936	0.644699	0.632877	0.642336	0.657183	0.598394	0.602329	0.643275	0.626478	0.396980	0.426307	0.613365	0.651852	0.641562	0.158505	0.551272	0.642633	0.635179	0.342778	0.527559	0.603531	0.635569	0.625954	0.437158	0.640719	0.645465	0.417944	0.585106	0.627968	0.610063	0.535593	0.469895	0.298182	0.632184	0.588850	0.455233	0.261146	0.621229	0.259220	0.630970	0.643541	0.313909	0.633557	0.602965	0.609929	0.616822	0.597270	0.608280	0.652742	0.315519	0.583630	0.597586	0.604414	0.582011	0.414924	0.574790	0.630653	0.597064	0.576015	0.638122	0.622535	0.337449	0.641808	1.000000	0.021189	0.620253	0.553768	0.335302	0.618102	0.621118	0.621232	0.619529	0.522003	0.648968	0.544681	0.641656	0.648794	0.395652	0.544251	0.104208	0.643505	0.603774	0.624374	0.565639	0.620321	0.153176	0.619048	0.576305	0.640669	0.659898	0.588435	0.641791	0.052163	0.578755	0.374449	0.606362	0.119961	0.393743	0.645946	0.488889	0.639640	0.549165	0.592460	0.618102	0.530744	0.114935	0.634146	0.443069	0.441574	0.268461	0.378656	0.388646	0.578154	0.050252	0.318653	0.629275	0.553191	0.662234	0.601002	0.315519	0.453467	0.582011	0.624365	0.620000	0.657343	0.212191	0.637993	0.607547	0.566308	0.579194	0.629108	0.621359	0.614319	0.610703	0.534959	0.587374	0.582075	0.348993	0.613260	0.630037	0.409772	0.645248	0.590747	0.436090	0.251106	0.632880	0.587814	0.576395	0.623563	0.254395	0.501453	0.385120	0.492997	0.499272	0.633423	0.621418	0.518927	0.629672	0.626335	0.479516	0.527887	0.617341	0.592308	0.460726	0.224589	0.633758	0.644848	0.615572	0.500377	0.468445	0.550167	0.243243	0.566944	0.430184	0.596452	0.653107	0.585222	0.617068	0.591398	0.581353	0.203924	0.533778	0.647500	0.525038	0.640382	0.589028	0.556038	0.595789	0.631351	0.373860	0.617772	0.621849	0.648074	0.647619	0.288958	0.621795	0.628641	0.639037	0.365709	0.640950	0.607431	0.558430	0.408602	0.635802	0.497860	0.647343	0.158301	0.504286	0.631136	0.475410	0.517110	0.623413	0.305970	0.624813	0.524617	0.425431	0.640100	0.563734	0.639889	0.448637	0.647202	0.356347	0.624309	0.646465	0.212741	0.626761	0.639386	0.647643	0.496770	0.615385	0.535714	0.541463	0.572935	0.545106	0.612245	0.603226	0.603896	0.166029	0.622276	0.624703	0.635802	0.648794	0.487090	0.106463	0.609121	0.538899	0.576375	0.287944	0.564745	0.635097	0.632517	0.633782	0.614420	0.623586	0.610063	0.641201	0.626344	0.407982	0.033535	0.308399	0.635724	0.635514	0.567708	0.613300	0.573003	0.419700	0.631101	0.607973	0.500373	0.474599	0.642012	0.633205	0.662953	0.639566	0.330317	0.633245	0.281787	0.526814	0.653439	0.635514	0.498955	0.412903	0.579861	0.309175	0.529412	0.620838	0.626822	0.629989	0.614379	0.593035	0.623457	0.589786	0.452442	0.639581	0.602496	0.621262	0.638150	0.131762	0.614420	0.187310	0.177703	0.583916	0.647208	0.610753	0.618986	0.553672	0.647887	0.614561	0.641240	0.612705	0.603922	0.622901	0.594872	0.483607	0.621138	0.624035	0.636257	0.623348	0.560440	0.652482	0.131060	0.629371	0.541418	0.577947	0.640801	0.629032	0.576177	0.385120	0.535645	0.538903	0.620606	0.294024	0.645238	0.561243	0.478351	0.645533	0.624130	0.585413	0.640244	0.614919	0.625815	0.337294	0.516378	0.627575	0.487805	0.599002	0.288507	0.650069	0.636220	0.632628	0.637824	0.499640	0.626506	0.413107	0.579099	0.625455	0.435518	0.537409	0.647256	0.633292	0.634027	0.577735	0.478528	0.564972	0.237528	0.604651	0.597899	0.647482	0.616052	0.240783	0.654804	0.612245	0.218408	0.662011	0.591577	0.591944	0.628571	0.320174	0.141001	0.098822	0.344056	0.628571	0.582011	0.649664	0.624860	0.582781	0.511628	0.433121	0.596916	0.646341	0.641270	0.642005	0.622999	0.488644	0.629032	0.640212	0.267606	0.628407	0.142940	0.653846	0.589041	0.615202	0.652720	0.592375	0.559353	0.428404	0.603448	0.625418	0.489108	0.579216	0.535458	0.560069	0.581560	0.645161	0.552365	0.591753	0.119205	0.621019	0.585714	0.620137	0.200543	0.371788	0.616420	0.066421	0.640523	0.536398	0.578014	0.632335	0.343416	0.588921	0.406630	0.634643	0.023105	0.616708	0.629851	0.576450	0.630048	0.631179	0.614439	0.545914	0.382185	0.579041	0.523490	0.639344	0.565416	0.580645	0.653944	0.306606	0.597633	0.299270	0.529822	0.641176	0.607810	0.631169	0.528155	0.666667	0.625387	0.638783	0.640187	0.572935	0.490251	0.598639	0.482897	0.521671	0.582624	0.624025	0.491870	0.157929	0.529874	0.513725	0.609952	0.588435	0.574775	0.645963	0.496023	0.335302	0.631737	0.582878	0.631410	0.217699	0.539326	0.519380	0.577697	0.645503	0.534622	0.617778	0.614679	0.523174	0.599182	0.642012	0.572426	0.613010	0.642077	0.623494	0.622114	0.483651	0.326531	0.527514	0.645551	0.636364	0.619625	
0.017888	0.028039	0.038701	0.023459	0.011770	0.038031	0.049083	0.577999	0.027306	0.020507	0.018686	0.053051	0.018913	0.020734	0.025949	0.019198	0.035739	0.013374	0.018116	0.027306	0.082624	0.074536	0.026854	0.017603	0.019995	0.221276	0.048144	0.015491	0.014119	0.098441	0.008035	0.014633	0.018230	0.016462	0.071519	0.017204	0.027475	0.077650	0.011253	0.022324	0.033385	0.045985	0.065076	0.115186	0.018800	0.011827	0.068221	0.133106	0.030068	0.134167	0.018515	0.026741	0.108773	0.021586	0.013718	0.035235	0.015719	0.012515	0.014919	0.022778	0.108150	0.011139	0.035627	0.012687	0.043434	0.078079	0.013031	0.024478	0.014061	0.039259	0.020393	0.019597	0.100223	0.029505	0.021189	1.000000	0.015148	0.046041	0.100956	0.030687	0.015834	0.022608	0.012974	0.053601	0.017774	0.045708	0.023175	0.021643	0.005267	0.047591	0.326080	0.016861	0.033385	0.013260	0.043489	0.032318	0.228682	0.012630	0.035739	0.020052	0.024025	0.012630	0.024931	0.525539	0.041098	0.004921	0.036298	0.287397	0.082624	0.021302	0.007286	0.029674	0.009818	0.010852	0.030687	0.049083	0.298768	0.023515	0.069844	0.070385	0.129204	0.087678	0.005152	0.039427	0.534052	0.106955	0.020791	0.045708	0.021984	0.013260	0.108150	0.069033	0.011426	0.024025	0.030350	0.019881	0.165504	0.026797	0.009300	0.042434	0.039705	0.027644	0.026063	0.028434	0.033329	0.048751	0.041154	0.035571	0.004517	0.020393	0.025780	0.079793	0.021700	0.011139	0.068763	0.138803	0.025214	0.010909	0.041154	0.018800	0.136891	0.056784	0.005094	0.059628	0.056674	0.021416	0.016918	0.050848	0.029392	0.027136	0.062955	0.051124	0.028378	0.038199	0.064369	0.156081	0.014919	0.026119	0.025949	0.054095	0.065565	0.046871	0.143565	0.040597	0.073459	0.030462	0.029505	0.036802	0.031138	0.032037	0.010277	0.172364	0.047037	0.024705	0.053601	0.026797	0.038143	0.044378	0.033160	0.031756	0.089003	0.019540	0.033272	0.022040	0.021018	0.119249	0.014691	0.026063	0.021757	0.091332	0.017546	0.014405	0.042711	0.005556	0.016062	0.058207	0.026289	0.221551	0.058098	0.019767	0.006883	0.009070	0.019540	0.111933	0.017261	0.049249	0.073459	0.024875	0.042322	0.020279	0.006248	0.025949	0.004632	0.020393	0.018629	0.165065	0.027644	0.023685	0.025044	0.057715	0.013203	0.045764	0.048751	0.011540	0.008783	0.032093	0.014462	0.031700	0.211537	0.026176	0.027080	0.016062	0.021643	0.059901	0.319959	0.014119	0.009128	0.034955	0.119711	0.046927	0.020052	0.030237	0.017261	0.015491	0.014405	0.015377	0.020905	0.021529	0.079953	0.617123	0.110950	0.019653	0.015719	0.044433	0.025384	0.040931	0.005671	0.029280	0.013432	0.054754	0.063336	0.017660	0.023402	0.020052	0.021189	0.004228	0.022324	0.122579	0.050848	0.022211	0.015719	0.060011	0.005556	0.011942	0.110639	0.008150	0.032093	0.018230	0.031868	0.014004	0.036242	0.016062	0.013718	0.066596	0.022608	0.011081	0.013432	0.028378	0.263623	0.015491	0.187789	0.197882	0.011712	0.024025	0.032037	0.022948	0.009358	0.019597	0.032262	0.026910	0.034618	0.037081	0.016462	0.012458	0.061593	0.014176	0.030744	0.027814	0.030800	0.010220	0.019312	0.264935	0.019881	0.045487	0.038869	0.024648	0.028547	0.040597	0.005094	0.008668	0.048254	0.026119	0.116988	0.026967	0.041210	0.061102	0.018686	0.028209	0.038310	0.016519	0.035515	0.022835	0.100276	0.008668	0.015091	0.007113	0.013374	0.119454	0.020336	0.015319	0.024875	0.025214	0.057496	0.031081	0.074858	0.038366	0.026119	0.006018	0.049469	0.029956	0.024648	0.025667	0.038310	0.061757	0.009358	0.147208	0.037752	0.038590	0.018743	0.031587	0.145114	0.027136	0.012630	0.160658	0.019938	0.037137	0.011655	0.023005	0.106382	0.247419	0.341627	0.098021	0.028942	0.011426	0.021586	0.029956	0.039148	0.008495	0.005902	0.030800	0.016519	0.015034	0.026854	0.018287	0.060993	0.014462	0.022211	0.003303	0.018857	0.244249	0.023572	0.012401	0.027080	0.019995	0.037249	0.042211	0.074589	0.012171	0.013203	0.059355	0.012572	0.050132	0.044710	0.011253	0.019767	0.046207	0.034282	0.289055	0.014919	0.042656	0.028885	0.175315	0.089586	0.021473	0.462447	0.022721	0.008840	0.011253	0.026684	0.098231	0.037584	0.080274	0.018287	0.644223	0.025497	0.017318	0.011540	0.014405	0.024082	0.016233	0.046373	0.086722	0.011196	0.054864	0.020848	0.041154	0.010909	0.023912	0.111674	0.036746	0.114722	0.052115	0.017888	0.012687	0.023005	0.008438	0.017432	0.015948	0.024082	0.027870	0.011540	0.060065	0.012630	0.007401	0.050904	0.012572	0.015662	0.007113	0.222056	0.051069	0.008150	0.014633	0.012630	0.042100	0.024988	0.057167	0.100956	0.017204	0.010392	0.014691	0.161197	0.009530	0.008495	0.010277	0.022211	0.049414	0.030350	0.028772	0.051124	0.034731	0.017660	0.044100	0.030744	0.020848	0.016975	0.026006	0.061811	0.004170	0.009128	0.016918	0.021757	0.030744	
0.606272	0.586985	0.496288	0.586310	0.591006	0.519871	0.446018	0.029178	0.586486	0.632258	0.642857	0.430948	0.628378	0.621795	0.606145	0.629816	0.532584	0.638384	0.622837	0.567568	0.300915	0.329368	0.584699	0.636204	0.615385	0.115604	0.452830	0.635338	0.610236	0.256961	0.572139	0.634429	0.631034	0.622951	0.341337	0.622776	0.600269	0.317825	0.598253	0.579755	0.535377	0.463687	0.369902	0.222035	0.606780	0.615385	0.355405	0.193382	0.572877	0.191901	0.642735	0.591781	0.234298	0.610329	0.614770	0.526674	0.608209	0.600000	0.613027	0.621212	0.235558	0.605263	0.540541	0.621118	0.488327	0.316296	0.609407	0.594203	0.631164	0.503673	0.624595	0.625828	0.252763	0.580231	0.620253	0.015148	1.000000	0.468837	0.251074	0.560000	0.643123	0.608828	0.622951	0.425743	0.643357	0.463985	0.608696	0.625000	0.485876	0.458749	0.075401	0.618705	0.554245	0.624746	0.487852	0.566948	0.111630	0.609959	0.523596	0.617647	0.621701	0.630705	0.604585	0.037459	0.498986	0.465517	0.524444	0.087000	0.300915	0.627760	0.555270	0.580563	0.600462	0.638581	0.570000	0.449558	0.083294	0.609212	0.348344	0.346053	0.199016	0.285404	0.477273	0.506276	0.036077	0.238009	0.624000	0.477081	0.616099	0.608519	0.235558	0.351839	0.598698	0.607038	0.564232	0.630542	0.155991	0.588235	0.599057	0.499010	0.495317	0.581769	0.596100	0.568421	0.540732	0.451957	0.504559	0.523112	0.439883	0.627832	0.583450	0.310324	0.605304	0.635965	0.351678	0.185669	0.594595	0.606195	0.494428	0.630508	0.188193	0.411024	0.472934	0.394856	0.411672	0.600629	0.635548	0.444062	0.555985	0.594301	0.380333	0.443873	0.590250	0.520343	0.373314	0.165409	0.632184	0.600834	0.594972	0.422604	0.367575	0.466055	0.179645	0.499488	0.333545	0.565327	0.595635	0.528053	0.556931	0.548544	0.612245	0.149730	0.457457	0.602305	0.432343	0.582763	0.514469	0.482297	0.542654	0.566545	0.281585	0.616915	0.555556	0.605873	0.642289	0.214869	0.637066	0.582173	0.607477	0.275105	0.623239	0.623782	0.492611	0.490251	0.623616	0.404321	0.598338	0.115452	0.404946	0.619440	0.544503	0.595238	0.597015	0.228101	0.603908	0.446602	0.333545	0.605452	0.494048	0.639610	0.539084	0.583799	0.443149	0.637540	0.623509	0.156408	0.587131	0.588757	0.608571	0.405594	0.613821	0.457944	0.453737	0.596112	0.573494	0.560000	0.642023	0.567237	0.121226	0.588889	0.565217	0.619926	0.612500	0.396383	0.077058	0.618110	0.598575	0.522831	0.214082	0.458295	0.633987	0.575758	0.611012	0.650376	0.615984	0.622642	0.612440	0.626959	0.309776	0.024017	0.229996	0.604959	0.626866	0.479924	0.589235	0.506612	0.498615	0.578065	0.653226	0.418491	0.378417	0.635088	0.616990	0.598039	0.610759	0.416667	0.628834	0.209312	0.437177	0.624615	0.634328	0.394281	0.512535	0.604255	0.230601	0.584158	0.547879	0.624138	0.552984	0.604743	0.525028	0.627306	0.618762	0.362759	0.611872	0.624176	0.616935	0.569170	0.095723	0.650376	0.137194	0.129973	0.613734	0.595308	0.550971	0.606335	0.616471	0.622517	0.553140	0.583902	0.549425	0.522976	0.597450	0.617954	0.387334	0.628684	0.561798	0.587450	0.551122	0.622727	0.627713	0.095204	0.600985	0.475117	0.507400	0.591631	0.587927	0.503582	0.484330	0.590799	0.459193	0.600834	0.218802	0.596730	0.489879	0.389918	0.619048	0.589947	0.519231	0.618182	0.546275	0.602118	0.252642	0.590799	0.640000	0.538860	0.626263	0.214519	0.612642	0.623819	0.602582	0.600284	0.405300	0.557621	0.326887	0.522946	0.575800	0.517711	0.455585	0.571792	0.611833	0.585091	0.514957	0.385011	0.607059	0.175275	0.522678	0.520723	0.645161	0.556373	0.177763	0.588874	0.618257	0.160709	0.619672	0.513661	0.619355	0.596386	0.239200	0.102574	0.071448	0.257970	0.564369	0.629067	0.607199	0.592122	0.508938	0.565854	0.520548	0.553616	0.632727	0.633588	0.576503	0.616179	0.390497	0.638132	0.615385	0.356250	0.622673	0.104014	0.590504	0.627615	0.567935	0.615385	0.534351	0.487078	0.329161	0.628692	0.601626	0.396355	0.619543	0.447346	0.483349	0.598253	0.632619	0.474954	0.527778	0.086442	0.632184	0.500986	0.570312	0.147174	0.279936	0.612245	0.047796	0.610015	0.586538	0.589520	0.581619	0.257465	0.515710	0.308685	0.636833	0.016523	0.584746	0.627660	0.591793	0.631579	0.603221	0.598165	0.464385	0.288219	0.603939	0.422672	0.638978	0.490375	0.615044	0.605882	0.228596	0.519824	0.222881	0.435443	0.616725	0.616977	0.599398	0.586797	0.618375	0.640741	0.591508	0.586667	0.591793	0.393985	0.630705	0.547315	0.440241	0.615385	0.624299	0.559585	0.115174	0.437393	0.564356	0.626692	0.601660	0.494024	0.592275	0.410337	0.251074	0.587189	0.623025	0.625483	0.160171	0.570093	0.556098	0.607710	0.609231	0.452465	0.561713	0.563969	0.437018	0.538991	0.638596	0.490385	0.554307	0.623003	0.641577	0.585774	0.386197	0.429851	0.593824	0.649910	0.623053	0.574282	
0.512912	0.609831	0.608579	0.573301	0.401575	0.637838	0.596784	0.087425	0.598914	0.545766	0.522427	0.641919	0.531113	0.557545	0.611858	0.532286	0.618485	0.436782	0.514641	0.603569	0.589465	0.603914	0.604215	0.508050	0.539655	0.318494	0.645006	0.479186	0.456008	0.556240	0.292324	0.461538	0.522586	0.484517	0.588517	0.505851	0.595975	0.604356	0.387289	0.564530	0.631353	0.655576	0.623034	0.520905	0.539069	0.403147	0.612124	0.472928	0.620329	0.458359	0.523810	0.586396	0.512527	0.560606	0.445714	0.620979	0.486636	0.419825	0.470588	0.569065	0.531272	0.382090	0.616562	0.424419	0.651871	0.581374	0.429672	0.582728	0.456439	0.637816	0.543273	0.532524	0.555894	0.617470	0.553768	0.046041	0.468837	1.000000	0.554463	0.613788	0.485741	0.548922	0.428158	0.642817	0.508475	0.646477	0.565789	0.555088	0.201550	0.654964	0.215814	0.499548	0.617037	0.435701	0.632446	0.603774	0.308687	0.422890	0.601807	0.546081	0.583266	0.419011	0.591820	0.111301	0.630619	0.189521	0.641822	0.246247	0.577275	0.552832	0.268657	0.616078	0.346232	0.376000	0.613788	0.638475	0.236597	0.564648	0.600291	0.615756	0.481203	0.566890	0.197558	0.616611	0.107344	0.532077	0.548552	0.640297	0.574059	0.441459	0.539180	0.602740	0.388119	0.573517	0.631422	0.528497	0.409589	0.579688	0.330935	0.626042	0.615894	0.580695	0.580900	0.591291	0.621777	0.645547	0.627604	0.612813	0.175281	0.519280	0.597464	0.601604	0.568067	0.384080	0.574792	0.457717	0.594249	0.377622	0.640625	0.525022	0.465311	0.641012	0.195556	0.632817	0.624106	0.550211	0.495479	0.617183	0.597285	0.612753	0.611801	0.639860	0.605505	0.637896	0.622063	0.433896	0.468721	0.611987	0.569170	0.641808	0.627273	0.650397	0.453264	0.621232	0.619944	0.593309	0.611446	0.598080	0.620486	0.632192	0.359596	0.396356	0.621194	0.593725	0.639409	0.571875	0.615385	0.643664	0.605887	0.624269	0.585023	0.529514	0.620789	0.556856	0.553480	0.497831	0.462980	0.585635	0.552477	0.552621	0.510295	0.455744	0.627877	0.211454	0.480293	0.643902	0.599528	0.318119	0.629409	0.534602	0.255639	0.324045	0.541667	0.520490	0.503597	0.632580	0.588899	0.582665	0.605010	0.539056	0.234783	0.589723	0.179372	0.539846	0.529930	0.414622	0.594595	0.581224	0.584468	0.626362	0.434198	0.621371	0.638374	0.395257	0.315353	0.615721	0.459078	0.615947	0.332242	0.572104	0.582101	0.480293	0.548360	0.611940	0.220203	0.452223	0.325773	0.627368	0.506986	0.656098	0.534022	0.611484	0.503597	0.468085	0.455744	0.483781	0.556122	0.554339	0.613262	0.072339	0.514810	0.535529	0.473733	0.664577	0.578486	0.621410	0.215385	0.607251	0.436364	0.628507	0.635379	0.516533	0.562295	0.539190	0.553768	0.164972	0.551207	0.499020	0.614845	0.572143	0.479263	0.635783	0.211454	0.402355	0.527915	0.295908	0.631732	0.524358	0.620438	0.445498	0.613260	0.489459	0.438095	0.587294	0.565506	0.382470	0.436364	0.616208	0.268696	0.468085	0.370522	0.353351	0.398030	0.581641	0.619082	0.569307	0.332649	0.523851	0.625999	0.608424	0.617336	0.637047	0.497268	0.414397	0.631358	0.455577	0.620741	0.614792	0.620281	0.357937	0.526132	0.267369	0.547496	0.628253	0.612709	0.568438	0.599542	0.633028	0.195556	0.311850	0.611779	0.596215	0.509313	0.611068	0.641509	0.605901	0.522427	0.591571	0.635690	0.502275	0.634146	0.561983	0.557203	0.311850	0.469274	0.263102	0.429119	0.510497	0.533448	0.478664	0.585875	0.583067	0.623362	0.615044	0.597584	0.628533	0.583596	0.227074	0.637011	0.606287	0.574879	0.565079	0.619529	0.643979	0.332649	0.448451	0.631864	0.641611	0.539543	0.589011	0.456670	0.597201	0.419011	0.421245	0.541846	0.629781	0.394477	0.563891	0.535662	0.286067	0.205284	0.560278	0.597876	0.392079	0.557239	0.592814	0.632000	0.306569	0.223195	0.601036	0.491356	0.469711	0.612022	0.513274	0.626582	0.459078	0.552127	0.131185	0.521053	0.289690	0.572363	0.410906	0.582101	0.556897	0.623465	0.619936	0.597112	0.412512	0.430355	0.616292	0.421359	0.630153	0.643750	0.387289	0.529412	0.636755	0.602972	0.244800	0.466853	0.641075	0.584662	0.389522	0.565898	0.548061	0.140557	0.576159	0.317098	0.385303	0.588419	0.560957	0.622283	0.596538	0.507965	0.050148	0.577566	0.499551	0.395257	0.457627	0.566558	0.484461	0.641718	0.572030	0.385686	0.634529	0.548085	0.614583	0.377622	0.577705	0.524912	0.641043	0.525266	0.645905	0.509350	0.418605	0.553998	0.304802	0.514798	0.479339	0.579545	0.595843	0.395257	0.623736	0.415131	0.272340	0.623832	0.417476	0.474170	0.263102	0.317435	0.633236	0.295908	0.459662	0.422890	0.633612	0.580128	0.641840	0.536309	0.505851	0.362903	0.461106	0.421602	0.337769	0.306569	0.359596	0.553795	0.627893	0.606106	0.594677	0.634033	0.606615	0.500447	0.628068	0.595556	0.544681	0.496838	0.567141	0.627943	0.162896	0.325773	0.500904	0.539043	0.622222	
0.290247	0.419466	0.497611	0.365016	0.200393	0.500800	0.555761	0.186977	0.412300	0.326176	0.301344	0.577409	0.304489	0.329229	0.396499	0.308403	0.488003	0.224806	0.293433	0.413166	0.658426	0.626027	0.405910	0.286249	0.319266	0.526230	0.563758	0.256069	0.235917	0.640487	0.141045	0.243528	0.295021	0.270066	0.625723	0.280619	0.412630	0.634615	0.192403	0.350293	0.473314	0.541052	0.610498	0.637379	0.302918	0.201276	0.617252	0.609000	0.437659	0.615313	0.298979	0.402784	0.628212	0.340580	0.229952	0.486531	0.259382	0.211811	0.247728	0.356214	0.638611	0.190617	0.485958	0.214425	0.536003	0.625000	0.219631	0.377158	0.235067	0.514671	0.324646	0.313852	0.638356	0.432709	0.335302	0.100956	0.251074	0.554463	1.000000	0.442381	0.261035	0.353998	0.218765	0.575333	0.288650	0.536770	0.361360	0.341331	0.094644	0.545659	0.420831	0.275765	0.466694	0.223084	0.535027	0.457882	0.519344	0.213554	0.485563	0.320037	0.372279	0.213554	0.383767	0.234706	0.526027	0.088680	0.494127	0.443598	0.630087	0.336813	0.128703	0.433858	0.169830	0.186139	0.444913	0.563172	0.448757	0.365745	0.625528	0.620265	0.633428	0.631301	0.092660	0.507723	0.226887	0.624504	0.329991	0.546626	0.345824	0.223084	0.650710	0.618146	0.195074	0.372279	0.439272	0.317723	0.597450	0.403478	0.161565	0.529663	0.514625	0.414687	0.396152	0.421640	0.470199	0.559228	0.520344	0.486156	0.081675	0.324646	0.392638	0.628676	0.342081	0.190617	0.605427	0.618355	0.387324	0.187036	0.516432	0.302918	0.623740	0.591053	0.091667	0.588724	0.585125	0.338322	0.276576	0.567558	0.431373	0.405898	0.604336	0.565058	0.422680	0.499401	0.601746	0.607286	0.247728	0.397727	0.395624	0.566308	0.615333	0.552839	0.605737	0.516104	0.616020	0.442283	0.433560	0.495561	0.451830	0.458838	0.177114	0.595435	0.548460	0.380910	0.578209	0.406957	0.503597	0.543994	0.471612	0.457286	0.638929	0.313076	0.467909	0.346570	0.333030	0.634802	0.244370	0.397027	0.342831	0.649813	0.285447	0.240154	0.531734	0.099585	0.264330	0.597557	0.399825	0.525388	0.589591	0.316176	0.121989	0.157868	0.313076	0.628129	0.281426	0.560326	0.628099	0.382171	0.522313	0.323112	0.111340	0.396499	0.083682	0.324646	0.300557	0.608678	0.417279	0.367929	0.385192	0.590336	0.222222	0.546419	0.568140	0.196850	0.153226	0.458647	0.240999	0.454127	0.541977	0.399301	0.408677	0.264330	0.341331	0.603591	0.427635	0.235917	0.158794	0.476074	0.639841	0.552632	0.320037	0.439644	0.281426	0.256069	0.240154	0.254407	0.331512	0.339828	0.642179	0.156114	0.631224	0.314627	0.259382	0.550669	0.389451	0.514890	0.101554	0.428328	0.225666	0.575303	0.606962	0.287050	0.364286	0.320037	0.335302	0.076640	0.350293	0.633023	0.564628	0.348806	0.259382	0.586611	0.099585	0.203041	0.631688	0.142930	0.451963	0.295021	0.455230	0.234217	0.493517	0.264330	0.229952	0.614111	0.353998	0.189723	0.225666	0.420962	0.481031	0.256069	0.571904	0.567664	0.199509	0.372279	0.457167	0.358423	0.162487	0.313852	0.458073	0.406603	0.479705	0.496979	0.270066	0.210938	0.600615	0.236766	0.445570	0.415013	0.446225	0.176207	0.309963	0.495066	0.317723	0.548975	0.510537	0.379310	0.422136	0.519246	0.091667	0.151362	0.562593	0.398601	0.642336	0.405558	0.509190	0.596984	0.301344	0.419785	0.506986	0.270882	0.484725	0.356951	0.638181	0.151362	0.250239	0.125831	0.224806	0.635165	0.323879	0.253575	0.383054	0.387324	0.591865	0.451178	0.613493	0.508380	0.396853	0.107438	0.555063	0.436333	0.380195	0.392105	0.505389	0.605461	0.162487	0.618381	0.499399	0.499602	0.302132	0.455346	0.613516	0.407632	0.213554	0.605948	0.318495	0.494364	0.198623	0.359158	0.648089	0.507989	0.408241	0.644124	0.426861	0.195074	0.340580	0.437182	0.511111	0.148560	0.105481	0.445382	0.270882	0.249403	0.407649	0.295814	0.611111	0.240999	0.348806	0.060349	0.303704	0.505584	0.366473	0.210064	0.408677	0.319266	0.494771	0.531262	0.618251	0.206559	0.222222	0.604297	0.212683	0.565857	0.545038	0.192403	0.316176	0.551568	0.477600	0.457539	0.247728	0.530391	0.426187	0.580595	0.647332	0.339075	0.291395	0.355476	0.154156	0.192403	0.404700	0.650055	0.500000	0.632447	0.295814	0.109687	0.390865	0.282232	0.196850	0.240154	0.373002	0.266793	0.553962	0.642899	0.191510	0.584879	0.330752	0.520344	0.187036	0.370831	0.643411	0.490109	0.643421	0.567175	0.290247	0.214425	0.359158	0.147624	0.283841	0.262684	0.373002	0.416559	0.196850	0.597447	0.213554	0.130612	0.568814	0.212683	0.258555	0.125831	0.530965	0.575503	0.142930	0.243528	0.213554	0.530120	0.383598	0.598735	0.637555	0.280619	0.178926	0.244370	0.600453	0.165248	0.148560	0.177114	0.348806	0.565619	0.443504	0.427409	0.566520	0.480950	0.287050	0.535071	0.448101	0.330752	0.277386	0.396325	0.612078	0.075630	0.158794	0.276576	0.342831	0.446414	
0.582547	0.632911	0.589975	0.625793	0.507422	0.634025	0.601140	0.058685	0.642998	0.612975	0.605568	0.598916	0.595843	0.616927	0.638384	0.622273	0.634021	0.533160	0.586854	0.615385	0.496538	0.535542	0.622266	0.600237	0.598870	0.222637	0.614275	0.573201	0.547315	0.449806	0.408284	0.568900	0.587822	0.592953	0.526722	0.586124	0.654867	0.516330	0.491803	0.602592	0.636364	0.586053	0.570755	0.404843	0.599537	0.509434	0.551881	0.357381	0.650988	0.356219	0.598370	0.641434	0.419214	0.626506	0.547097	0.623377	0.550617	0.519894	0.562814	0.620985	0.419625	0.504110	0.643718	0.525760	0.635945	0.516262	0.545216	0.632780	0.558259	0.643847	0.614350	0.615034	0.445860	0.647673	0.618102	0.030687	0.560000	0.613788	0.442381	1.000000	0.566502	0.631579	0.519685	0.590848	0.595745	0.604617	0.618491	0.625821	0.289809	0.607117	0.148138	0.595181	0.632799	0.542373	0.627782	0.632820	0.215403	0.521164	0.639175	0.604966	0.644351	0.537037	0.625514	0.075021	0.623810	0.273312	0.637138	0.169937	0.486647	0.627753	0.377074	0.642045	0.463932	0.493793	0.636872	0.611111	0.162999	0.629356	0.533632	0.535117	0.368186	0.484648	0.284345	0.630894	0.072304	0.421900	0.622914	0.612063	0.626087	0.526728	0.425209	0.546071	0.511565	0.635983	0.636704	0.611552	0.294569	0.630846	0.452722	0.641745	0.628340	0.649020	0.633065	0.640232	0.640500	0.597997	0.637589	0.639104	0.253659	0.605381	0.613982	0.511935	0.618579	0.498630	0.522676	0.345671	0.630502	0.493113	0.631245	0.604167	0.349951	0.586788	0.281600	0.586466	0.586252	0.606593	0.599278	0.603064	0.647003	0.650841	0.564876	0.609299	0.636980	0.635762	0.552585	0.310944	0.557789	0.622356	0.634343	0.567224	0.563050	0.615836	0.335415	0.628297	0.509995	0.635514	0.655271	0.627219	0.637708	0.602914	0.475524	0.283602	0.615947	0.626033	0.582773	0.636816	0.634631	0.627748	0.635063	0.633120	0.484594	0.602052	0.651786	0.623236	0.624585	0.392359	0.558081	0.635081	0.609170	0.471180	0.579572	0.559085	0.636152	0.303318	0.580882	0.592357	0.650602	0.222360	0.589286	0.610670	0.362805	0.440922	0.588369	0.412403	0.594982	0.608387	0.527283	0.634398	0.616225	0.626966	0.334884	0.626263	0.259319	0.627803	0.603949	0.295298	0.635294	0.618947	0.628337	0.585522	0.532637	0.616071	0.608011	0.496608	0.432511	0.651501	0.563452	0.637363	0.232820	0.631791	0.633663	0.578431	0.619256	0.570893	0.151268	0.547315	0.437410	0.619130	0.391798	0.613919	0.620767	0.636023	0.590203	0.570720	0.554003	0.567164	0.621532	0.600877	0.514199	0.048433	0.413120	0.596132	0.575309	0.600000	0.634694	0.634845	0.308661	0.648236	0.532468	0.593232	0.567308	0.592417	0.620106	0.616253	0.607064	0.239344	0.632829	0.385361	0.612813	0.625541	0.570370	0.580162	0.303318	0.510753	0.417221	0.412979	0.644222	0.571429	0.646575	0.551282	0.632566	0.583333	0.541935	0.548724	0.625134	0.491084	0.550649	0.646660	0.186167	0.570720	0.261441	0.248554	0.502703	0.619247	0.633880	0.618997	0.454936	0.601367	0.635209	0.629593	0.646853	0.629630	0.583232	0.525896	0.578431	0.551724	0.625116	0.656891	0.656134	0.476190	0.618557	0.185204	0.602492	0.609410	0.614754	0.632885	0.650579	0.634692	0.281600	0.427948	0.607631	0.622356	0.400299	0.642857	0.594295	0.577942	0.603248	0.636893	0.633058	0.572816	0.648276	0.618182	0.444822	0.427948	0.568210	0.369697	0.546164	0.393984	0.621773	0.572852	0.638517	0.636643	0.580604	0.640148	0.501865	0.632535	0.632427	0.324493	0.612332	0.648445	0.626680	0.623350	0.629752	0.560245	0.443491	0.327939	0.638333	0.635391	0.595597	0.629358	0.332199	0.642928	0.526455	0.302791	0.606335	0.629100	0.511502	0.622601	0.427820	0.198815	0.140650	0.456550	0.628955	0.511565	0.617744	0.654100	0.640000	0.421053	0.319249	0.637546	0.582524	0.556391	0.634195	0.608187	0.565083	0.550761	0.616883	0.191919	0.601156	0.201463	0.626582	0.529255	0.621782	0.601130	0.626364	0.629687	0.526709	0.518717	0.543081	0.571967	0.537748	0.611384	0.621887	0.491803	0.610670	0.613905	0.632689	0.168894	0.565327	0.638199	0.631478	0.279106	0.478402	0.603732	0.095221	0.613076	0.431884	0.491803	0.630110	0.453172	0.629908	0.513650	0.612865	0.033449	0.619145	0.587112	0.493894	0.556544	0.622780	0.561661	0.605166	0.485946	0.495212	0.603048	0.624444	0.615385	0.490358	0.637317	0.413981	0.637902	0.407745	0.605894	0.596698	0.531044	0.635394	0.424597	0.590476	0.579853	0.622780	0.626953	0.499322	0.569825	0.534392	0.381955	0.588727	0.527152	0.571075	0.372727	0.221855	0.598611	0.415929	0.561315	0.534392	0.627543	0.641316	0.580271	0.447446	0.576555	0.476987	0.558081	0.301855	0.458689	0.415205	0.475524	0.634199	0.601418	0.647940	0.642308	0.606523	0.643979	0.604265	0.628615	0.634419	0.617778	0.598558	0.651867	0.573350	0.236453	0.446043	0.599278	0.615721	0.647442	
0.638225	0.590850	0.498429	0.605263	0.626305	0.528102	0.451839	0.030489	0.611702	0.636076	0.653333	0.441516	0.649007	0.625786	0.604396	0.620690	0.552106	0.611440	0.630508	0.593085	0.312500	0.341827	0.596774	0.629948	0.622793	0.120561	0.472889	0.654412	0.630769	0.267120	0.560386	0.646503	0.631757	0.620321	0.354153	0.634146	0.603974	0.329934	0.617021	0.626506	0.555814	0.482505	0.382148	0.230995	0.637874	0.620833	0.368633	0.201318	0.584270	0.199782	0.649916	0.579515	0.243686	0.635945	0.639376	0.544233	0.638686	0.613821	0.647940	0.607143	0.244989	0.585470	0.537778	0.630303	0.501923	0.328358	0.610778	0.615385	0.662813	0.520207	0.641270	0.600649	0.262781	0.586599	0.621118	0.015834	0.643123	0.485741	0.261035	0.566502	1.000000	0.606876	0.652000	0.436275	0.654110	0.466235	0.586156	0.644172	0.480874	0.477130	0.078706	0.647887	0.569767	0.637624	0.501441	0.556480	0.116427	0.635628	0.534368	0.637821	0.613833	0.627530	0.619718	0.039135	0.511022	0.461111	0.539474	0.090789	0.312500	0.643963	0.568579	0.586902	0.597753	0.630670	0.576355	0.458844	0.086929	0.613139	0.361367	0.359008	0.207156	0.296496	0.461538	0.512397	0.037692	0.247525	0.609105	0.490287	0.638298	0.641584	0.244989	0.364964	0.613108	0.605187	0.583127	0.618357	0.162530	0.597577	0.587156	0.502935	0.517986	0.588391	0.594521	0.572539	0.542491	0.471831	0.516517	0.540601	0.430595	0.587302	0.609655	0.322203	0.640123	0.606838	0.363515	0.193322	0.620979	0.607759	0.508509	0.647841	0.195939	0.424337	0.462810	0.404798	0.420312	0.611111	0.643234	0.446337	0.585551	0.587450	0.391398	0.447837	0.588846	0.524313	0.387051	0.172306	0.647940	0.604651	0.582418	0.431468	0.381150	0.471869	0.187075	0.509606	0.346130	0.566832	0.584071	0.521173	0.578049	0.564593	0.609272	0.156028	0.463348	0.609065	0.436275	0.586810	0.518519	0.493851	0.546729	0.570397	0.292553	0.643902	0.547786	0.616085	0.642746	0.223577	0.637736	0.597260	0.620795	0.285863	0.651724	0.628571	0.490750	0.490566	0.624549	0.418960	0.621253	0.120403	0.419602	0.626817	0.538071	0.597222	0.621138	0.237274	0.622609	0.457642	0.346130	0.614951	0.484314	0.617834	0.516971	0.609890	0.433803	0.619048	0.647746	0.162963	0.606860	0.627907	0.620787	0.415704	0.607143	0.484288	0.470070	0.602105	0.590164	0.559140	0.619772	0.554217	0.126408	0.592896	0.598930	0.646209	0.619632	0.406273	0.080433	0.650000	0.586605	0.542793	0.222762	0.478694	0.625000	0.587065	0.622609	0.632353	0.651429	0.642066	0.641628	0.618462	0.321637	0.025099	0.239234	0.645057	0.616788	0.487713	0.604457	0.504523	0.504021	0.584498	0.633858	0.433735	0.392297	0.625430	0.632504	0.621795	0.627329	0.408046	0.608434	0.217822	0.449744	0.616314	0.631387	0.408650	0.479784	0.630705	0.239860	0.576923	0.578256	0.638514	0.557023	0.640927	0.546652	0.638989	0.635478	0.373461	0.618834	0.616702	0.629921	0.586252	0.099873	0.632353	0.143006	0.135501	0.627615	0.608069	0.559809	0.601481	0.576659	0.607143	0.566667	0.601342	0.539683	0.537797	0.641711	0.623218	0.401460	0.633397	0.592866	0.599212	0.584767	0.619469	0.635025	0.099332	0.644122	0.477252	0.511482	0.607092	0.573643	0.511628	0.462810	0.578824	0.464951	0.604651	0.227649	0.611260	0.498000	0.401176	0.620000	0.588542	0.531646	0.637011	0.550111	0.603269	0.262655	0.578824	0.603352	0.527638	0.646943	0.223214	0.597774	0.632163	0.600846	0.593007	0.415444	0.561661	0.340557	0.531085	0.593707	0.506596	0.461271	0.583229	0.601418	0.597510	0.521097	0.400583	0.590389	0.182542	0.528785	0.524659	0.675541	0.543478	0.185123	0.608812	0.635628	0.167428	0.627010	0.541532	0.612159	0.600592	0.248756	0.107004	0.074586	0.268162	0.565941	0.646934	0.611367	0.555695	0.517134	0.592417	0.509284	0.579853	0.629893	0.634328	0.612903	0.620573	0.403238	0.634981	0.607251	0.343373	0.606965	0.108503	0.609329	0.648980	0.577540	0.635634	0.523143	0.491159	0.341615	0.633745	0.623016	0.406321	0.624746	0.458226	0.494826	0.612766	0.639742	0.477064	0.554795	0.090208	0.647940	0.508772	0.566667	0.153374	0.290851	0.610169	0.049923	0.614009	0.598131	0.617021	0.599190	0.267640	0.526203	0.320513	0.627319	0.017270	0.608333	0.628472	0.640000	0.643810	0.595683	0.624776	0.475755	0.299401	0.626866	0.439455	0.617555	0.500501	0.625000	0.609827	0.237786	0.536957	0.231872	0.446115	0.624573	0.630303	0.615385	0.560570	0.622837	0.641304	0.621583	0.593176	0.635789	0.405365	0.639676	0.545906	0.449362	0.628803	0.639854	0.537688	0.120114	0.441426	0.572115	0.620038	0.623482	0.505906	0.593530	0.415826	0.261035	0.616725	0.606593	0.645283	0.166869	0.604545	0.568720	0.596026	0.619335	0.465157	0.563275	0.568123	0.456319	0.554299	0.615120	0.496198	0.563346	0.620690	0.631579	0.578875	0.398836	0.397695	0.591224	0.608084	0.605505	0.585486	
0.595745	0.622172	0.564246	0.642590	0.571906	0.583804	0.542427	0.043397	0.615385	0.633822	0.623088	0.535634	0.611342	0.627815	0.623377	0.626374	0.601371	0.587859	0.609309	0.615385	0.417243	0.445602	0.607184	0.608571	0.622642	0.168340	0.565916	0.594268	0.585290	0.361800	0.491557	0.598765	0.618847	0.632353	0.460526	0.597403	0.636156	0.435610	0.553480	0.579821	0.608784	0.549378	0.488088	0.315200	0.615811	0.547579	0.468032	0.276394	0.626087	0.274373	0.636872	0.641115	0.331650	0.607792	0.588608	0.594862	0.563718	0.569558	0.594181	0.649810	0.333333	0.562181	0.616290	0.570033	0.569456	0.434783	0.593548	0.618758	0.601881	0.579336	0.632844	0.634014	0.356239	0.624176	0.621232	0.022608	0.608828	0.548922	0.353998	0.631579	0.606876	1.000000	0.575121	0.513775	0.614509	0.531667	0.629073	0.643320	0.371134	0.539708	0.110877	0.608443	0.614913	0.573718	0.574138	0.627083	0.162709	0.567700	0.605289	0.605653	0.622386	0.597064	0.629674	0.055599	0.585497	0.350731	0.581959	0.127570	0.409792	0.614379	0.453846	0.604600	0.521277	0.553265	0.605800	0.547185	0.122246	0.656716	0.460695	0.462750	0.284066	0.398176	0.368530	0.596136	0.053565	0.336608	0.642857	0.560000	0.638353	0.557692	0.333333	0.469865	0.564189	0.639606	0.583784	0.643243	0.224950	0.635731	0.518919	0.588957	0.602564	0.633979	0.645465	0.635241	0.605317	0.540239	0.593918	0.612967	0.330508	0.640854	0.609005	0.426068	0.613990	0.568995	0.455275	0.265857	0.628297	0.552316	0.586762	0.629681	0.269310	0.511064	0.365145	0.507915	0.524660	0.610169	0.625000	0.553751	0.636564	0.603687	0.499339	0.540832	0.629213	0.597183	0.481818	0.237995	0.597243	0.609412	0.639906	0.502959	0.482714	0.545455	0.257601	0.586643	0.432084	0.645092	0.621978	0.611538	0.598509	0.578010	0.527972	0.216246	0.570261	0.640000	0.519732	0.638051	0.605263	0.566327	0.631795	0.625263	0.394197	0.615804	0.618219	0.652956	0.636842	0.305545	0.619414	0.624264	0.644243	0.383749	0.600858	0.611801	0.574171	0.391837	0.609212	0.511563	0.647128	0.168125	0.517895	0.634146	0.452242	0.519056	0.615804	0.323348	0.590778	0.553797	0.450820	0.628019	0.574188	0.639893	0.426295	0.609209	0.337553	0.632844	0.607242	0.225529	0.631699	0.612144	0.632972	0.514810	0.574639	0.571191	0.541833	0.548822	0.487179	0.629707	0.589147	0.628030	0.176286	0.643948	0.638985	0.606241	0.627756	0.513032	0.113267	0.600939	0.525362	0.577954	0.304482	0.541735	0.656797	0.619718	0.605187	0.627451	0.608696	0.586989	0.617414	0.644993	0.427556	0.035766	0.325889	0.614130	0.608696	0.542056	0.642772	0.585278	0.382114	0.644592	0.593301	0.535191	0.489152	0.610556	0.648379	0.600269	0.610747	0.312634	0.630907	0.298033	0.544470	0.617157	0.608696	0.504110	0.391837	0.565724	0.326700	0.478505	0.600418	0.599156	0.607143	0.593407	0.623301	0.624071	0.594937	0.473118	0.639594	0.566553	0.596491	0.617978	0.140064	0.627451	0.198739	0.188607	0.569514	0.605166	0.609424	0.647355	0.521583	0.623129	0.602711	0.631944	0.619381	0.585646	0.602941	0.586885	0.499664	0.603125	0.600858	0.615909	0.632369	0.546410	0.635616	0.139321	0.613514	0.561873	0.599814	0.633495	0.642777	0.602888	0.365145	0.485294	0.571429	0.632941	0.310848	0.626590	0.552279	0.504054	0.617524	0.644870	0.590440	0.572687	0.609636	0.626263	0.356078	0.503676	0.603659	0.460348	0.600639	0.305072	0.636364	0.587879	0.640097	0.630695	0.510608	0.611940	0.429066	0.601124	0.632941	0.417671	0.555205	0.616558	0.643204	0.667458	0.597938	0.487936	0.514388	0.251596	0.611164	0.604478	0.611111	0.614572	0.255016	0.633641	0.590538	0.231492	0.631579	0.583174	0.597315	0.649057	0.338197	0.149838	0.105165	0.363134	0.608889	0.570946	0.636364	0.631808	0.591497	0.491682	0.399194	0.621651	0.619677	0.607634	0.614137	0.643258	0.496617	0.576744	0.655570	0.252772	0.626039	0.151889	0.638509	0.594417	0.636678	0.601078	0.601145	0.580475	0.444187	0.568595	0.577849	0.504144	0.578431	0.553125	0.575296	0.529711	0.631436	0.564103	0.605025	0.126770	0.603369	0.581659	0.651835	0.212686	0.391045	0.622396	0.070761	0.602532	0.500914	0.553480	0.627907	0.362466	0.611006	0.423978	0.626404	0.024651	0.626937	0.604317	0.538721	0.596273	0.631450	0.579882	0.544554	0.402863	0.557823	0.541728	0.620872	0.586762	0.562607	0.638718	0.324013	0.573628	0.316339	0.519757	0.618440	0.602606	0.626415	0.507407	0.596844	0.611028	0.633907	0.615210	0.531987	0.503765	0.610114	0.478927	0.544049	0.591503	0.627628	0.437137	0.167731	0.522745	0.493458	0.580247	0.577488	0.592070	0.624096	0.507102	0.353998	0.597403	0.547038	0.597843	0.230747	0.529517	0.495379	0.548951	0.647887	0.549329	0.618378	0.628763	0.543914	0.616152	0.639087	0.582408	0.643777	0.618230	0.615385	0.646226	0.506363	0.309013	0.528986	0.642442	0.633894	0.639485	
0.604478	0.551049	0.459669	0.574132	0.620047	0.481523	0.399267	0.025015	0.561254	0.591065	0.625455	0.384880	0.610108	0.600683	0.575221	0.590340	0.495305	0.621444	0.614815	0.558405	0.263158	0.288647	0.544669	0.610169	0.589878	0.099734	0.416744	0.655870	0.621277	0.223992	0.615385	0.651357	0.619926	0.594912	0.299401	0.614504	0.558865	0.278293	0.652381	0.586319	0.513580	0.424710	0.325145	0.193050	0.608696	0.623256	0.312067	0.167785	0.529960	0.166482	0.617916	0.549133	0.203897	0.602329	0.634989	0.495848	0.646586	0.642534	0.632231	0.581994	0.205011	0.598086	0.501176	0.638202	0.448485	0.276923	0.611973	0.585890	0.656716	0.474317	0.610345	0.583039	0.220264	0.558704	0.619529	0.012974	0.622951	0.428158	0.218765	0.519685	0.652000	0.575121	1.000000	0.381601	0.614232	0.417071	0.562798	0.604651	0.537975	0.418779	0.064860	0.652510	0.523457	0.659341	0.452069	0.525917	0.096277	0.648649	0.488263	0.595819	0.590062	0.626126	0.578788	0.032134	0.451477	0.509677	0.491879	0.074900	0.263158	0.624161	0.586895	0.540323	0.607595	0.673123	0.543307	0.404762	0.071690	0.588976	0.305707	0.303644	0.172745	0.249307	0.496815	0.470588	0.030945	0.207182	0.596252	0.426770	0.615132	0.628571	0.205011	0.308854	0.609929	0.574534	0.547619	0.591944	0.134973	0.556999	0.606218	0.452675	0.459372	0.559322	0.555882	0.534626	0.501854	0.412523	0.459431	0.489988	0.508251	0.551724	0.580741	0.271575	0.616915	0.626794	0.309917	0.161002	0.592481	0.608696	0.459431	0.608696	0.163221	0.365260	0.504792	0.350467	0.364228	0.605351	0.635838	0.391459	0.525034	0.563662	0.334572	0.396811	0.549237	0.484375	0.328228	0.143221	0.657025	0.578561	0.542773	0.378698	0.323044	0.422053	0.155709	0.451544	0.292398	0.525066	0.550607	0.479908	0.522078	0.511450	0.610422	0.129496	0.417062	0.573171	0.383305	0.545455	0.475978	0.438928	0.511166	0.522407	0.245902	0.605310	0.519802	0.571429	0.598985	0.186722	0.633333	0.552941	0.602649	0.240128	0.652830	0.644211	0.440123	0.542056	0.615079	0.357711	0.576023	0.099602	0.358280	0.604569	0.540698	0.623037	0.608850	0.198413	0.613333	0.405479	0.292398	0.576631	0.435052	0.602076	0.540541	0.581121	0.478689	0.606897	0.626594	0.135338	0.545198	0.592476	0.580060	0.360288	0.621145	0.428295	0.410681	0.616471	0.594164	0.513342	0.626050	0.517949	0.104627	0.554252	0.564470	0.611111	0.591362	0.349108	0.066293	0.655319	0.605744	0.494033	0.186027	0.423552	0.602787	0.533156	0.613333	0.599190	0.631579	0.650407	0.621392	0.586667	0.271084	0.020583	0.200089	0.617284	0.614458	0.434524	0.550898	0.450794	0.557276	0.545455	0.624454	0.373222	0.332840	0.605263	0.578199	0.592334	0.622896	0.463087	0.583062	0.181818	0.393238	0.578431	0.638554	0.348567	0.529595	0.638889	0.200624	0.595628	0.531131	0.619926	0.526181	0.641026	0.492451	0.650794	0.609071	0.318697	0.591276	0.613909	0.615721	0.549237	0.082463	0.599190	0.118546	0.112247	0.640187	0.593168	0.513995	0.563200	0.589147	0.575972	0.511392	0.569784	0.500000	0.490868	0.622309	0.625850	0.340909	0.649682	0.542595	0.551336	0.544503	0.616915	0.634581	0.082012	0.609457	0.428432	0.464758	0.580153	0.541436	0.462194	0.536741	0.629333	0.408542	0.563877	0.190194	0.566092	0.440000	0.343249	0.600000	0.537604	0.485523	0.636719	0.504717	0.552167	0.220157	0.618667	0.599589	0.603448	0.621444	0.186413	0.559585	0.606925	0.567527	0.556391	0.361446	0.512354	0.287540	0.476085	0.549192	0.559271	0.405823	0.544726	0.564885	0.570579	0.476615	0.340136	0.645995	0.151873	0.484234	0.476190	0.624319	0.511568	0.154057	0.577969	0.644144	0.139104	0.632867	0.485747	0.637002	0.581470	0.208237	0.088409	0.061442	0.224888	0.533516	0.676123	0.592346	0.526035	0.462212	0.612903	0.562691	0.528796	0.609375	0.629630	0.567723	0.611418	0.343774	0.630252	0.575163	0.397163	0.578662	0.089659	0.566038	0.631818	0.544413	0.621291	0.470990	0.450413	0.288462	0.642202	0.629956	0.351837	0.627540	0.403240	0.438302	0.652381	0.622144	0.423077	0.506053	0.074417	0.636364	0.456967	0.523288	0.127262	0.244432	0.560935	0.041032	0.576490	0.656085	0.633333	0.561505	0.224439	0.483616	0.270108	0.607735	0.014152	0.564179	0.589354	0.644706	0.665263	0.551938	0.623274	0.423778	0.251819	0.634845	0.375940	0.578231	0.448894	0.603865	0.576324	0.198851	0.482759	0.193798	0.390584	0.611940	0.606742	0.581470	0.576819	0.632576	0.653386	0.570543	0.547753	0.640000	0.348297	0.644144	0.611898	0.394667	0.613995	0.627767	0.597701	0.099360	0.393617	0.595628	0.597077	0.621622	0.455487	0.586989	0.363196	0.218765	0.614504	0.637037	0.650000	0.138632	0.620513	0.586022	0.665012	0.578431	0.409836	0.539683	0.541209	0.395040	0.505995	0.605263	0.439122	0.521625	0.595238	0.630769	0.547865	0.339879	0.471380	0.605744	0.608863	0.556291	0.524246	
0.460317	0.580959	0.617557	0.540501	0.353859	0.632035	0.607930	0.101427	0.561010	0.511485	0.481947	0.634534	0.483568	0.512977	0.564907	0.495713	0.601523	0.389500	0.471519	0.573633	0.592440	0.614104	0.561354	0.473307	0.501157	0.362108	0.641467	0.436782	0.408710	0.586901	0.255515	0.408978	0.475513	0.435628	0.607095	0.467949	0.578027	0.612559	0.340909	0.542601	0.604954	0.643182	0.638520	0.561047	0.487461	0.355286	0.626039	0.507340	0.589831	0.488474	0.478363	0.559322	0.543842	0.520755	0.399326	0.604978	0.440262	0.372213	0.422185	0.531947	0.563892	0.338004	0.607370	0.376390	0.646441	0.607918	0.376170	0.558140	0.405700	0.613789	0.504601	0.489922	0.582580	0.584300	0.522003	0.053601	0.425743	0.642817	0.575333	0.590848	0.436275	0.513775	0.381601	1.000000	0.467409	0.651852	0.533629	0.521870	0.175000	0.661822	0.247716	0.457327	0.611473	0.390161	0.626239	0.583498	0.350500	0.375000	0.581218	0.506934	0.558480	0.373288	0.552023	0.128870	0.618421	0.164410	0.627995	0.281937	0.607231	0.527273	0.234419	0.589918	0.303843	0.330695	0.598923	0.636564	0.271104	0.535688	0.622951	0.619220	0.517873	0.593911	0.171484	0.619976	0.124329	0.565608	0.512586	0.631339	0.524024	0.390161	0.561836	0.623567	0.345248	0.527778	0.608108	0.497297	0.448004	0.550459	0.290090	0.628538	0.598664	0.565642	0.549858	0.558783	0.598826	0.637569	0.621638	0.577241	0.151899	0.483129	0.567548	0.629987	0.530520	0.338004	0.585478	0.488775	0.561555	0.332162	0.621638	0.489028	0.501580	0.656442	0.169720	0.649402	0.630502	0.529501	0.455350	0.613636	0.563226	0.581869	0.628323	0.647598	0.571626	0.625926	0.641527	0.481635	0.425497	0.576512	0.556348	0.653382	0.641474	0.646396	0.500830	0.618160	0.647813	0.569501	0.589761	0.586834	0.591700	0.614570	0.315883	0.436294	0.616076	0.547826	0.659642	0.557516	0.601606	0.633160	0.572549	0.587375	0.614722	0.482545	0.608355	0.526632	0.512548	0.526484	0.416944	0.552707	0.510542	0.576597	0.465710	0.408674	0.626690	0.183732	0.442997	0.646821	0.558239	0.362076	0.630303	0.490333	0.222846	0.283906	0.502715	0.556150	0.469175	0.623419	0.614229	0.562545	0.611570	0.499232	0.204352	0.570613	0.155491	0.503067	0.488610	0.464312	0.562849	0.553598	0.556999	0.632539	0.387097	0.611617	0.635359	0.348129	0.276113	0.586367	0.413333	0.579787	0.374129	0.546230	0.545710	0.444625	0.524887	0.613015	0.252662	0.405360	0.285456	0.617157	0.549793	0.667417	0.500770	0.583221	0.461169	0.428571	0.412010	0.437500	0.514851	0.509063	0.637584	0.084031	0.550286	0.500387	0.428805	0.666282	0.540230	0.623128	0.187202	0.583162	0.392555	0.624283	0.651252	0.469745	0.530582	0.513097	0.523520	0.142857	0.515695	0.530791	0.617965	0.529940	0.440262	0.651117	0.183732	0.358131	0.566903	0.258716	0.612839	0.484992	0.609157	0.399329	0.605678	0.439739	0.397641	0.612360	0.518243	0.336547	0.387479	0.574394	0.307070	0.428571	0.418142	0.399746	0.352431	0.549708	0.594702	0.529281	0.291629	0.489922	0.611625	0.579281	0.605398	0.631250	0.442105	0.369099	0.654599	0.410042	0.606590	0.586760	0.583333	0.314387	0.496498	0.305587	0.498842	0.623644	0.616422	0.533720	0.564917	0.618160	0.169720	0.272975	0.611882	0.556584	0.542395	0.578873	0.633214	0.636855	0.475667	0.556172	0.611591	0.456311	0.624682	0.521158	0.598266	0.272975	0.426094	0.229478	0.386113	0.543658	0.509593	0.427984	0.553868	0.550036	0.622651	0.585399	0.614242	0.602588	0.548043	0.197531	0.645091	0.597420	0.545323	0.552613	0.602959	0.641915	0.291629	0.490372	0.621588	0.634296	0.490980	0.580559	0.503704	0.579058	0.375000	0.464259	0.501543	0.617114	0.350999	0.525926	0.571231	0.326453	0.235835	0.587156	0.573196	0.345248	0.522264	0.574338	0.623091	0.268248	0.194101	0.577957	0.446602	0.424793	0.574048	0.467245	0.632563	0.411667	0.516467	0.113320	0.483947	0.330489	0.529412	0.369416	0.548523	0.511951	0.612601	0.605201	0.602452	0.363793	0.388795	0.624064	0.370180	0.641962	0.632124	0.340909	0.505800	0.629252	0.578065	0.280313	0.425497	0.631765	0.561210	0.428638	0.584795	0.520030	0.162347	0.541264	0.277677	0.340909	0.569611	0.583364	0.586700	0.629289	0.470403	0.058362	0.535151	0.456000	0.348129	0.412010	0.539080	0.443542	0.646293	0.591000	0.339458	0.641333	0.501524	0.602510	0.332162	0.554905	0.561098	0.636136	0.559422	0.657402	0.465079	0.372968	0.528889	0.266667	0.471246	0.437194	0.537619	0.586351	0.348129	0.634921	0.373288	0.237697	0.611141	0.370180	0.425880	0.229478	0.360937	0.643629	0.258716	0.420615	0.375000	0.616568	0.557401	0.641875	0.563826	0.459936	0.318866	0.418605	0.470529	0.296230	0.268248	0.315883	0.516467	0.639956	0.577027	0.567493	0.635726	0.580231	0.463376	0.630359	0.585071	0.513720	0.454984	0.553100	0.625000	0.141038	0.285456	0.456959	0.501506	0.591796	
0.609677	0.628285	0.507583	0.621170	0.612086	0.556807	0.488095	0.034195	0.618321	0.639640	0.646688	0.474359	0.648903	0.620896	0.635171	0.643857	0.564103	0.624769	0.650641	0.608142	0.344482	0.374924	0.609254	0.634146	0.633181	0.134465	0.502157	0.626298	0.646209	0.295270	0.540179	0.635879	0.642173	0.628571	0.389414	0.631579	0.783270	0.363316	0.599206	0.616046	0.583893	0.501786	0.419619	0.255901	0.628931	0.610895	0.403670	0.223427	0.608383	0.221744	0.637084	0.628866	0.269751	0.627737	0.639854	0.573894	0.621993	0.604563	0.630282	0.628895	0.271172	0.601594	0.578158	0.631380	0.536313	0.361615	0.624299	0.633152	0.636528	0.550551	0.653614	0.646154	0.290550	0.625455	0.648968	0.017774	0.643357	0.508475	0.288650	0.595745	0.654110	0.614509	0.614232	0.467409	1.000000	0.500448	0.617111	0.618076	0.445000	0.503046	0.088009	0.637874	0.597315	0.627087	0.530233	0.585143	0.129887	0.643939	0.553419	0.644377	0.623626	0.640152	0.629032	0.043867	0.534884	0.426396	0.562368	0.101445	0.344482	0.635294	0.537931	0.606280	0.584551	0.619718	0.598109	0.493197	0.097155	0.634214	0.394602	0.393359	0.229825	0.327157	0.437186	0.548902	0.042254	0.273936	0.649776	0.518386	0.638728	0.619666	0.271172	0.399740	0.603550	0.631868	0.585714	0.647328	0.180807	0.617761	0.591489	0.528409	0.536246	0.613636	0.609948	0.612903	0.582307	0.497436	0.547919	0.572347	0.403101	0.629518	0.608696	0.354968	0.625910	0.617530	0.388021	0.214658	0.624833	0.618474	0.540174	0.654088	0.217529	0.454407	0.433249	0.444444	0.455099	0.642229	0.643449	0.485099	0.602673	0.607918	0.429671	0.484749	0.608696	0.557143	0.417869	0.191569	0.637324	0.627451	0.598425	0.462510	0.414353	0.503521	0.207801	0.537634	0.377079	0.596200	0.610909	0.552880	0.604215	0.565517	0.607803	0.173644	0.502195	0.629730	0.467409	0.620335	0.549540	0.520623	0.575281	0.587283	0.322884	0.637904	0.594170	0.634921	0.654815	0.247795	0.656028	0.617801	0.630814	0.315628	0.661238	0.640429	0.529689	0.464198	0.659864	0.456036	0.627604	0.134289	0.455224	0.643185	0.518692	0.570815	0.628659	0.262755	0.620690	0.493639	0.380776	0.611036	0.521822	0.646526	0.503597	0.622047	0.411311	0.641566	0.635071	0.181285	0.623737	0.614958	0.646113	0.445611	0.643123	0.507168	0.497436	0.601179	0.568330	0.594719	0.642857	0.590278	0.140935	0.621410	0.613811	0.653061	0.635569	0.442826	0.089930	0.624549	0.569593	0.544469	0.246904	0.508355	0.671733	0.608592	0.627258	0.636678	0.658318	0.638889	0.627043	0.622807	0.354358	0.028159	0.264895	0.645161	0.642612	0.520147	0.609043	0.550049	0.471744	0.609013	0.627306	0.465989	0.423398	0.646104	0.630404	0.644377	0.631268	0.382199	0.636103	0.241501	0.483444	0.643678	0.639175	0.443636	0.469136	0.624031	0.265578	0.560000	0.585534	0.616613	0.590542	0.634058	0.558730	0.642857	0.625229	0.409091	0.620199	0.618762	0.630996	0.603727	0.111532	0.636678	0.159278	0.150989	0.625000	0.631868	0.586207	0.620592	0.581741	0.643077	0.581236	0.618742	0.582969	0.564583	0.642017	0.624762	0.435897	0.641441	0.583235	0.621384	0.599057	0.604938	0.663566	0.110932	0.635115	0.509451	0.540323	0.630582	0.618812	0.543500	0.433249	0.575163	0.503015	0.624837	0.252245	0.610256	0.508704	0.435842	0.652997	0.610973	0.551935	0.634228	0.570815	0.625177	0.290414	0.570806	0.619965	0.527778	0.658041	0.247398	0.639517	0.633043	0.621803	0.635514	0.455982	0.593200	0.368708	0.555443	0.598693	0.493947	0.497041	0.612245	0.635995	0.620872	0.556008	0.434968	0.585987	0.202822	0.555556	0.565350	0.645669	0.584687	0.205657	0.615581	0.625000	0.186201	0.649390	0.561915	0.630137	0.622535	0.275278	0.119443	0.083423	0.296403	0.591411	0.623274	0.645255	0.597839	0.545637	0.592105	0.481752	0.589623	0.647651	0.645614	0.616967	0.644338	0.439340	0.632143	0.643678	0.311475	0.618524	0.121105	0.636111	0.625954	0.613811	0.639269	0.558671	0.522814	0.374696	0.626923	0.628253	0.437271	0.611006	0.490377	0.523245	0.599206	0.637060	0.516014	0.571429	0.100799	0.644366	0.541509	0.589681	0.170718	0.321039	0.635432	0.055923	0.624113	0.571429	0.587302	0.621935	0.295835	0.567595	0.353143	0.653907	0.019385	0.625995	0.655738	0.577603	0.633274	0.622771	0.619289	0.507542	0.330305	0.620278	0.473068	0.651786	0.532430	0.618474	0.625344	0.263315	0.555556	0.256858	0.482535	0.645161	0.627599	0.645070	0.567033	0.647059	0.651877	0.625514	0.613065	0.620825	0.441860	0.621212	0.540046	0.488007	0.622391	0.640275	0.523148	0.133969	0.483498	0.560000	0.625222	0.621212	0.535238	0.620134	0.453515	0.288650	0.631579	0.597137	0.645390	0.185586	0.578059	0.565789	0.599589	0.652299	0.499154	0.600000	0.596059	0.483100	0.577342	0.642857	0.532228	0.592680	0.619048	0.642384	0.621232	0.436080	0.377953	0.569593	0.653400	0.633721	0.616293	
0.481647	0.584877	0.605653	0.546502	0.388119	0.632293	0.588165	0.086807	0.584567	0.527945	0.516357	0.628080	0.509251	0.524422	0.587768	0.519298	0.605722	0.425819	0.504906	0.590803	0.567438	0.596262	0.577255	0.508993	0.518198	0.316513	0.617150	0.470698	0.433873	0.553668	0.294180	0.443396	0.495102	0.467033	0.576775	0.497738	0.592535	0.585077	0.383616	0.558996	0.601006	0.627087	0.622901	0.514423	0.504854	0.395648	0.605042	0.468894	0.596096	0.453106	0.507092	0.575020	0.512195	0.549915	0.427203	0.609551	0.470806	0.402737	0.456338	0.551953	0.520173	0.374374	0.619147	0.413255	0.639083	0.579329	0.383721	0.561233	0.436190	0.608289	0.515073	0.496949	0.548018	0.585477	0.544681	0.045708	0.463985	0.646477	0.536770	0.604617	0.466235	0.531667	0.417071	0.651852	0.500448	1.000000	0.552066	0.544379	0.202899	0.647631	0.214390	0.473157	0.626887	0.418919	0.620865	0.586006	0.306755	0.411707	0.588974	0.526407	0.574694	0.407805	0.567284	0.110525	0.621321	0.190797	0.634789	0.244650	0.566565	0.552251	0.270386	0.600755	0.344262	0.370221	0.594192	0.624029	0.235054	0.557566	0.595226	0.602036	0.474576	0.583403	0.198883	0.616411	0.106593	0.525972	0.527397	0.629032	0.546678	0.432432	0.536023	0.604514	0.384462	0.530612	0.623785	0.536458	0.405619	0.557300	0.332989	0.625885	0.611702	0.577192	0.551943	0.566385	0.605755	0.620276	0.615686	0.590210	0.176471	0.508183	0.570064	0.599643	0.545608	0.376376	0.564683	0.453199	0.584270	0.369849	0.619608	0.520741	0.463152	0.648649	0.196868	0.636997	0.612921	0.537744	0.474545	0.598240	0.578788	0.621875	0.616822	0.636257	0.586790	0.620176	0.620902	0.432447	0.467606	0.592710	0.575060	0.631519	0.620061	0.625842	0.458081	0.614474	0.617925	0.579537	0.597579	0.590909	0.592154	0.630578	0.353659	0.394970	0.611247	0.562652	0.635897	0.563579	0.605691	0.627204	0.582552	0.591777	0.577354	0.511344	0.626350	0.552941	0.525597	0.492812	0.456173	0.556701	0.531646	0.542566	0.487849	0.441288	0.617458	0.212860	0.470046	0.646003	0.558103	0.316140	0.621666	0.514783	0.257297	0.323988	0.525305	0.521587	0.493671	0.616945	0.587736	0.575806	0.615087	0.524590	0.236324	0.590945	0.180587	0.518519	0.507965	0.412698	0.569434	0.567678	0.564763	0.624044	0.428986	0.595164	0.614277	0.387674	0.317328	0.590643	0.433302	0.593681	0.330193	0.555819	0.559812	0.460829	0.534235	0.601070	0.218754	0.437678	0.327801	0.611698	0.513333	0.635251	0.533333	0.603745	0.482821	0.448372	0.448864	0.469711	0.531624	0.528366	0.601517	0.071823	0.520848	0.515679	0.459685	0.631844	0.557246	0.623853	0.216814	0.588771	0.421559	0.611486	0.623901	0.486972	0.548600	0.526407	0.539574	0.166098	0.540586	0.496728	0.621701	0.541492	0.463392	0.628205	0.212860	0.388944	0.526204	0.297782	0.628655	0.516474	0.608504	0.425167	0.600555	0.471889	0.423372	0.594079	0.535000	0.376754	0.417709	0.606759	0.266976	0.448372	0.368289	0.351198	0.386521	0.561633	0.633504	0.558872	0.332645	0.521360	0.622903	0.594044	0.612880	0.635553	0.463370	0.403131	0.632299	0.442966	0.613095	0.589783	0.590335	0.358087	0.520140	0.265656	0.531250	0.624378	0.604433	0.546926	0.583908	0.630263	0.196868	0.313808	0.609168	0.591125	0.506278	0.595145	0.641411	0.616279	0.500442	0.574288	0.612576	0.494053	0.636809	0.561462	0.550095	0.309623	0.460674	0.264801	0.414258	0.493489	0.522414	0.462687	0.575806	0.555377	0.611172	0.594074	0.563840	0.597297	0.548336	0.228571	0.638095	0.601504	0.558252	0.551834	0.611224	0.628151	0.334711	0.445260	0.623553	0.638814	0.521201	0.585725	0.456882	0.590625	0.423415	0.420860	0.522116	0.615912	0.390873	0.531897	0.531729	0.284253	0.203922	0.561580	0.586890	0.386454	0.536379	0.596992	0.622490	0.308499	0.224670	0.576952	0.477585	0.449859	0.563137	0.498221	0.606349	0.442763	0.531433	0.132097	0.513228	0.287857	0.547247	0.401567	0.545739	0.540728	0.620548	0.588767	0.591312	0.401180	0.421256	0.608602	0.402344	0.626478	0.626098	0.377622	0.528696	0.618137	0.578536	0.243211	0.450704	0.628131	0.573608	0.388632	0.559042	0.555932	0.139591	0.564060	0.319082	0.377622	0.580189	0.546790	0.596180	0.610592	0.498221	0.049787	0.565947	0.487805	0.393638	0.446970	0.556281	0.448529	0.625616	0.564189	0.384000	0.624297	0.525235	0.600000	0.373869	0.575634	0.523910	0.642316	0.523596	0.652778	0.487019	0.405458	0.540182	0.304622	0.506763	0.457987	0.553018	0.607889	0.389662	0.607581	0.413659	0.274090	0.621336	0.398438	0.445269	0.264801	0.315460	0.614394	0.297782	0.454717	0.413659	0.619263	0.581320	0.636264	0.537528	0.481448	0.359026	0.448633	0.420172	0.335736	0.308499	0.353659	0.516345	0.618225	0.586387	0.569901	0.626901	0.595053	0.494160	0.632975	0.574405	0.521814	0.483197	0.565079	0.609974	0.164009	0.325726	0.485455	0.523207	0.601190	
0.573427	0.642058	0.564576	0.632226	0.565789	0.598881	0.550747	0.044474	0.617480	0.646518	0.639232	0.540581	0.613915	0.632680	0.644107	0.644986	0.624636	0.597484	0.631433	0.610670	0.420328	0.451093	0.611684	0.630986	0.627660	0.172245	0.567783	0.573551	0.591680	0.369287	0.467772	0.589666	0.626907	0.628986	0.467301	0.600284	0.638009	0.444321	0.527546	0.567465	0.606673	0.528395	0.499040	0.321912	0.596443	0.548440	0.481184	0.282419	0.630108	0.280361	0.611570	0.649828	0.338642	0.623077	0.573209	0.612524	0.552437	0.557166	0.555053	0.629213	0.340354	0.546064	0.623907	0.570513	0.581694	0.442350	0.568254	0.620939	0.583333	0.585009	0.629776	0.660403	0.363636	0.645652	0.641656	0.023175	0.608696	0.565789	0.361360	0.618491	0.586156	0.629073	0.562798	0.533629	0.617111	0.552066	1.000000	0.627401	0.367677	0.554662	0.113531	0.602582	0.608696	0.580442	0.581197	0.639175	0.166495	0.571429	0.626576	0.634794	0.617254	0.584270	0.638856	0.056970	0.603372	0.347648	0.580211	0.130596	0.411858	0.611613	0.449057	0.621885	0.522648	0.543919	0.601488	0.561762	0.125155	0.628993	0.472441	0.458760	0.290230	0.406250	0.361055	0.597995	0.054888	0.342833	0.637076	0.576860	0.617535	0.545741	0.340354	0.477995	0.571429	0.619684	0.594652	0.653333	0.230003	0.639908	0.516814	0.587315	0.597096	0.642616	0.637951	0.639290	0.641700	0.540711	0.590426	0.610895	0.323651	0.637681	0.585480	0.434641	0.611253	0.546064	0.472103	0.271688	0.616114	0.553120	0.586879	0.645691	0.275204	0.520198	0.357724	0.505810	0.532292	0.607465	0.607450	0.555641	0.636166	0.608200	0.510499	0.538226	0.648889	0.606512	0.478710	0.243300	0.576169	0.606977	0.641774	0.505140	0.492366	0.562145	0.263278	0.608229	0.444703	0.631804	0.654348	0.619048	0.621707	0.567876	0.529210	0.221128	0.578606	0.637126	0.541020	0.637615	0.601490	0.556492	0.617259	0.639583	0.401195	0.604839	0.634245	0.654822	0.628571	0.312090	0.613050	0.633295	0.638570	0.393570	0.609309	0.611621	0.607266	0.380000	0.600293	0.526096	0.621089	0.172025	0.526829	0.636364	0.439771	0.513369	0.588710	0.330200	0.559659	0.569859	0.462165	0.637232	0.595300	0.626156	0.417969	0.609102	0.330579	0.642951	0.618132	0.230594	0.647125	0.597307	0.653983	0.528011	0.568720	0.566474	0.554941	0.529801	0.478417	0.623188	0.604580	0.625652	0.180357	0.645761	0.622577	0.609078	0.642766	0.514986	0.115975	0.570108	0.505338	0.566372	0.311008	0.556818	0.658699	0.600214	0.588068	0.632987	0.581040	0.575261	0.619792	0.631579	0.431756	0.036657	0.332784	0.605898	0.605613	0.562763	0.616293	0.596085	0.382470	0.622271	0.583987	0.538574	0.492489	0.624473	0.635468	0.621514	0.620957	0.306080	0.643127	0.304446	0.547966	0.627054	0.620384	0.510204	0.384000	0.556465	0.333609	0.488073	0.608696	0.610264	0.623701	0.581144	0.598077	0.609078	0.595016	0.486486	0.654135	0.557047	0.590267	0.628889	0.143364	0.632987	0.203270	0.192932	0.573311	0.607533	0.623834	0.641791	0.512367	0.660403	0.596491	0.624714	0.638971	0.593365	0.608696	0.574194	0.508339	0.603077	0.598726	0.624719	0.621421	0.537005	0.616216	0.142605	0.610667	0.570481	0.601656	0.654676	0.640089	0.595707	0.357724	0.480144	0.573248	0.625581	0.317485	0.628571	0.542073	0.512752	0.631001	0.644370	0.599814	0.596237	0.615385	0.648379	0.363473	0.494585	0.624625	0.455408	0.588050	0.311608	0.633245	0.594030	0.651551	0.646919	0.533708	0.630802	0.431193	0.615955	0.644186	0.401575	0.558685	0.627155	0.669065	0.633803	0.605385	0.491345	0.501767	0.257161	0.616682	0.598891	0.619178	0.643678	0.260645	0.646925	0.558587	0.236673	0.628495	0.577652	0.577558	0.631056	0.345299	0.153350	0.107690	0.369725	0.630769	0.551495	0.635897	0.646552	0.595238	0.490018	0.399209	0.604454	0.625181	0.622556	0.586483	0.628809	0.509409	0.607634	0.642225	0.247289	0.655738	0.155444	0.645399	0.571890	0.631699	0.595745	0.620038	0.589364	0.454284	0.572358	0.578199	0.517147	0.549839	0.567442	0.575503	0.540902	0.622995	0.582445	0.599005	0.129778	0.603318	0.590476	0.642464	0.217497	0.400000	0.629820	0.072492	0.617500	0.488330	0.547579	0.622989	0.369963	0.609023	0.433604	0.637119	0.025269	0.643110	0.612766	0.533113	0.581040	0.655340	0.580175	0.553191	0.410987	0.555184	0.542151	0.636245	0.595745	0.559865	0.650426	0.330876	0.568160	0.323071	0.539970	0.629371	0.586538	0.623602	0.501818	0.602546	0.619677	0.628641	0.639731	0.516556	0.511217	0.581059	0.462406	0.553681	0.572347	0.621302	0.444023	0.171623	0.535578	0.491743	0.607903	0.552167	0.592140	0.614286	0.530324	0.361360	0.583215	0.517123	0.582701	0.235912	0.506151	0.493648	0.546392	0.632111	0.566954	0.626738	0.630650	0.538226	0.614018	0.644163	0.592718	0.634820	0.636245	0.626609	0.650350	0.509647	0.302521	0.516014	0.633238	0.666667	0.649682	
0.607558	0.622837	0.561968	0.636132	0.564544	0.585646	0.527331	0.041563	0.620609	0.637602	0.638177	0.522796	0.643059	0.653117	0.621687	0.641350	0.593625	0.610837	0.627168	0.618267	0.401719	0.432496	0.619385	0.647145	0.631724	0.161664	0.550937	0.609907	0.604502	0.348913	0.507752	0.608558	0.639769	0.633484	0.438671	0.633136	0.625438	0.425099	0.573427	0.621410	0.609148	0.537037	0.475260	0.303665	0.642045	0.570447	0.460477	0.266055	0.622370	0.264098	0.638054	0.639810	0.319627	0.645418	0.608130	0.596985	0.593846	0.592593	0.603774	0.651163	0.321261	0.568421	0.594810	0.603015	0.579685	0.419809	0.580431	0.641791	0.605475	0.581068	0.647541	0.623955	0.343508	0.627100	0.648794	0.021643	0.625000	0.555088	0.341331	0.625821	0.644172	0.643320	0.604651	0.521870	0.618076	0.544379	0.627401	1.000000	0.384615	0.557108	0.106347	0.620896	0.619543	0.596376	0.565179	0.610817	0.156237	0.597315	0.581673	0.619835	0.635678	0.610738	0.625616	0.053264	0.576364	0.367965	0.605523	0.122403	0.399570	0.639037	0.477137	0.627232	0.552102	0.562832	0.623632	0.536977	0.117281	0.648030	0.451970	0.447980	0.273486	0.385284	0.381974	0.579439	0.051313	0.324441	0.630582	0.556213	0.655263	0.599671	0.321261	0.458670	0.584348	0.618090	0.607930	0.636238	0.216294	0.648521	0.535316	0.574733	0.591628	0.632558	0.610577	0.608696	0.616025	0.542811	0.588556	0.595405	0.342857	0.625683	0.626360	0.415699	0.635762	0.585965	0.441397	0.255853	0.638923	0.575972	0.572207	0.625000	0.259196	0.508671	0.378495	0.498607	0.500724	0.637333	0.625931	0.529781	0.612795	0.627497	0.479626	0.529274	0.618557	0.604962	0.471438	0.228901	0.635220	0.643457	0.621687	0.509363	0.469903	0.548173	0.247863	0.568286	0.430514	0.615385	0.629339	0.592375	0.607375	0.590618	0.558559	0.207885	0.543496	0.636139	0.524887	0.615385	0.592168	0.559103	0.605428	0.623794	0.379415	0.619247	0.622917	0.646518	0.643338	0.294301	0.639241	0.629808	0.624339	0.371175	0.639296	0.606061	0.563330	0.405920	0.634146	0.502128	0.631579	0.161456	0.504261	0.629681	0.467742	0.528090	0.622036	0.311570	0.614476	0.530874	0.434063	0.641184	0.570410	0.632877	0.441237	0.633735	0.350109	0.628415	0.656205	0.216854	0.620930	0.655696	0.628993	0.499643	0.607261	0.550676	0.533118	0.568458	0.514178	0.615548	0.605096	0.613734	0.169324	0.628297	0.623529	0.643293	0.631300	0.492713	0.108646	0.607717	0.534579	0.587879	0.293271	0.551037	0.636364	0.631347	0.652880	0.622291	0.612440	0.608696	0.647773	0.622340	0.413907	0.034249	0.314036	0.642559	0.606154	0.550000	0.626829	0.577940	0.412632	0.629921	0.609836	0.512249	0.480053	0.631579	0.634395	0.622590	0.638070	0.324444	0.631854	0.287019	0.531348	0.636126	0.618462	0.497574	0.401691	0.589041	0.314823	0.517375	0.626198	0.642651	0.622460	0.606452	0.594274	0.631098	0.601626	0.460358	0.635538	0.569420	0.609836	0.627721	0.134427	0.622291	0.190983	0.181206	0.589655	0.630653	0.603412	0.651223	0.538033	0.643454	0.622081	0.646989	0.599593	0.595331	0.609351	0.590219	0.489130	0.629213	0.620765	0.623407	0.637555	0.552347	0.647966	0.133712	0.633472	0.546226	0.583019	0.656753	0.632420	0.579285	0.378495	0.504744	0.532140	0.638655	0.299444	0.641509	0.551724	0.486671	0.632479	0.643678	0.588571	0.611446	0.612000	0.637419	0.343352	0.508539	0.610329	0.480000	0.607553	0.293843	0.637483	0.594090	0.638718	0.631579	0.505369	0.627579	0.421666	0.584206	0.617047	0.424116	0.540368	0.625971	0.634449	0.620606	0.588571	0.486780	0.545455	0.242055	0.600000	0.593365	0.651494	0.600000	0.245363	0.660400	0.607383	0.222616	0.635359	0.585034	0.573402	0.622108	0.325984	0.143838	0.100856	0.350209	0.613817	0.563478	0.626826	0.623751	0.582160	0.511450	0.421712	0.613537	0.629518	0.611285	0.628842	0.624460	0.487337	0.608280	0.636126	0.262673	0.632624	0.145813	0.629442	0.604730	0.609412	0.651034	0.595538	0.567857	0.429907	0.581633	0.600660	0.496157	0.601681	0.544735	0.566524	0.559441	0.629681	0.553691	0.603272	0.121633	0.619497	0.583333	0.621315	0.204447	0.378324	0.625832	0.067812	0.641656	0.528302	0.597902	0.628707	0.349560	0.582449	0.412541	0.633094	0.023600	0.620438	0.622419	0.575390	0.599681	0.637390	0.591806	0.540586	0.388860	0.560420	0.532246	0.629730	0.572207	0.558304	0.644836	0.312215	0.579256	0.304770	0.529638	0.622093	0.596315	0.622108	0.516252	0.638235	0.629969	0.632371	0.627315	0.568458	0.491690	0.614094	0.483168	0.526233	0.578151	0.622496	0.476000	0.161077	0.532813	0.513514	0.614897	0.580537	0.574240	0.634686	0.506111	0.341331	0.621302	0.560144	0.610759	0.221895	0.546125	0.511450	0.558559	0.638743	0.537600	0.614537	0.609091	0.526151	0.602434	0.634503	0.575390	0.607650	0.635135	0.622024	0.645006	0.485095	0.320713	0.542056	0.637854	0.621693	0.620765	
0.442786	0.313253	0.236057	0.364000	0.549153	0.239789	0.189979	0.010193	0.320423	0.401786	0.427885	0.176699	0.423810	0.393805	0.334559	0.418824	0.253482	0.495356	0.438424	0.320423	0.115482	0.127719	0.325000	0.443325	0.414579	0.041571	0.193411	0.488889	0.500000	0.097067	0.565217	0.504348	0.431373	0.445623	0.132944	0.446154	0.318739	0.122724	0.538462	0.379167	0.269231	0.201774	0.145600	0.082840	0.425837	0.547297	0.139144	0.071429	0.294976	0.070845	0.426150	0.326165	0.087795	0.385439	0.510638	0.256700	0.472527	0.538961	0.480000	0.372951	0.088307	0.514085	0.254190	0.527331	0.212617	0.122066	0.492114	0.351351	0.519403	0.233035	0.403587	0.416667	0.095338	0.299835	0.395652	0.005267	0.485876	0.201550	0.094644	0.289809	0.480874	0.371134	0.537975	0.175000	0.445000	0.202899	0.367677	0.384615	1.000000	0.195489	0.026749	0.463542	0.269231	0.529595	0.212369	0.277017	0.040088	0.535484	0.253482	0.404545	0.356863	0.522581	0.346008	0.013122	0.223587	0.647727	0.250000	0.030984	0.115482	0.389610	0.599078	0.298361	0.544061	0.580645	0.289809	0.189979	0.029627	0.363273	0.136024	0.135015	0.073654	0.108917	0.611111	0.232143	0.012632	0.089303	0.397351	0.202899	0.383966	0.517134	0.088307	0.137566	0.532872	0.356863	0.292605	0.407323	0.056875	0.325581	0.579365	0.217184	0.230672	0.317073	0.333333	0.309524	0.269630	0.191176	0.223313	0.254545	0.615385	0.381166	0.336414	0.119501	0.388060	0.549296	0.138088	0.068395	0.342750	0.564286	0.223313	0.421053	0.069386	0.165756	0.625698	0.158261	0.166058	0.392241	0.462338	0.183838	0.300826	0.322124	0.150289	0.182915	0.310051	0.238845	0.147130	0.060505	0.491429	0.332724	0.334559	0.173499	0.144559	0.198257	0.066038	0.226087	0.129537	0.291667	0.299835	0.246947	0.286164	0.279141	0.572491	0.054475	0.197611	0.348659	0.175000	0.325581	0.239159	0.208477	0.270833	0.281298	0.107311	0.412993	0.270030	0.378947	0.398249	0.079965	0.491329	0.333333	0.378723	0.104598	0.449495	0.504399	0.215896	0.631016	0.475676	0.161922	0.330909	0.041515	0.162210	0.404598	0.609524	0.580645	0.408353	0.085286	0.439898	0.189386	0.129537	0.346667	0.217703	0.405405	0.582915	0.334559	0.608187	0.408072	0.428916	0.057035	0.317073	0.357143	0.344697	0.163229	0.512500	0.202673	0.191176	0.508591	0.584362	0.278714	0.497076	0.281734	0.043677	0.332117	0.322695	0.470270	0.388889	0.157576	0.027352	0.494048	0.586345	0.258523	0.079650	0.198041	0.409091	0.293548	0.439898	0.461111	0.492669	0.486034	0.400000	0.386266	0.119266	0.008376	0.086052	0.415704	0.450549	0.208238	0.340824	0.224414	0.634921	0.301824	0.500000	0.171536	0.149425	0.442211	0.360721	0.409091	0.391304	0.597561	0.375000	0.077745	0.183838	0.376569	0.478022	0.157303	0.631016	0.530201	0.086297	0.612069	0.278714	0.421569	0.280431	0.502994	0.250344	0.475676	0.498480	0.142410	0.375258	0.544170	0.506173	0.310051	0.034191	0.461111	0.049700	0.046968	0.537415	0.356863	0.279141	0.370672	0.592885	0.407407	0.277439	0.324421	0.260745	0.245283	0.461538	0.540717	0.153457	0.498516	0.289348	0.315425	0.288889	0.582090	0.416862	0.034000	0.407323	0.203807	0.235142	0.349328	0.308475	0.226087	0.592179	0.597510	0.193001	0.332724	0.081541	0.323843	0.223039	0.154630	0.432692	0.311644	0.238220	0.455026	0.254902	0.368098	0.095288	0.564315	0.464589	0.607477	0.520124	0.079825	0.400000	0.481793	0.346667	0.342750	0.163816	0.286614	0.127184	0.237908	0.332724	0.697436	0.188601	0.295935	0.349328	0.337662	0.238220	0.153070	0.600791	0.064334	0.241379	0.236671	0.431655	0.282609	0.065303	0.322124	0.529032	0.058691	0.415525	0.244953	0.539249	0.365854	0.089788	0.036723	0.025313	0.097483	0.304858	0.581315	0.385439	0.295935	0.233633	0.613445	0.652850	0.288889	0.460317	0.505682	0.325000	0.435208	0.154894	0.485380	0.380753	0.608108	0.405728	0.037257	0.362550	0.535948	0.322695	0.414579	0.244295	0.218225	0.127630	0.543046	0.512500	0.158952	0.524272	0.186285	0.207053	0.538462	0.404598	0.200883	0.263006	0.030780	0.491429	0.216152	0.305369	0.053498	0.106620	0.378495	0.016801	0.373717	0.581967	0.531469	0.326750	0.097274	0.242344	0.118799	0.425428	0.005748	0.339552	0.448980	0.536082	0.510264	0.352250	0.466488	0.200220	0.110103	0.547368	0.171214	0.396476	0.223313	0.557143	0.358268	0.085486	0.247283	0.083181	0.179664	0.437811	0.527331	0.369919	0.540084	0.446701	0.467391	0.356164	0.314879	0.536082	0.157168	0.516129	0.547945	0.183653	0.517799	0.479339	0.616822	0.041411	0.183099	0.568966	0.469565	0.516129	0.218750	0.345351	0.164706	0.094644	0.446154	0.568266	0.502890	0.058483	0.585938	0.588235	0.550186	0.380753	0.188797	0.292605	0.306397	0.182915	0.260000	0.437186	0.209677	0.289348	0.400881	0.450777	0.333945	0.152941	0.625767	0.546185	0.441558	0.374468	0.289348	
0.505647	0.589474	0.630263	0.552442	0.386973	0.632626	0.599883	0.090303	0.595292	0.544695	0.511588	0.635188	0.511548	0.541216	0.580046	0.514480	0.609407	0.423507	0.509091	0.595292	0.575484	0.612695	0.579068	0.499127	0.528620	0.327677	0.640237	0.474301	0.436866	0.566311	0.283963	0.442413	0.503025	0.472469	0.593957	0.502195	0.593939	0.601254	0.376812	0.563059	0.614737	0.660206	0.622311	0.529532	0.515853	0.388517	0.615459	0.485896	0.598829	0.469560	0.512909	0.578424	0.523742	0.555921	0.430427	0.613169	0.470800	0.403027	0.460419	0.567502	0.537367	0.371733	0.610239	0.413208	0.659190	0.575893	0.407129	0.580900	0.437269	0.622222	0.532218	0.504657	0.559819	0.601770	0.544251	0.047591	0.458749	0.654964	0.545659	0.607117	0.477130	0.539708	0.418779	0.661822	0.503046	0.647631	0.554662	0.557108	0.195489	1.000000	0.222428	0.487202	0.630175	0.426168	0.641345	0.601707	0.317640	0.407932	0.594410	0.534903	0.584591	0.407932	0.578824	0.114919	0.629559	0.183784	0.640487	0.253661	0.590968	0.556565	0.260870	0.596026	0.334653	0.365759	0.615832	0.624487	0.243761	0.558400	0.607571	0.618026	0.486957	0.576033	0.191604	0.619700	0.110840	0.545389	0.535774	0.630620	0.560916	0.429907	0.540925	0.606178	0.379576	0.548054	0.624362	0.529511	0.418840	0.581040	0.321678	0.625079	0.607282	0.591081	0.569884	0.578908	0.619382	0.659612	0.636829	0.598361	0.169935	0.512134	0.600000	0.610915	0.551724	0.373669	0.572811	0.465103	0.596875	0.367347	0.629156	0.519280	0.473310	0.648619	0.189655	0.641390	0.627642	0.550701	0.483245	0.612996	0.589365	0.608828	0.625510	0.635321	0.589820	0.637988	0.638469	0.443971	0.462238	0.595679	0.566125	0.654060	0.624502	0.644271	0.466762	0.621622	0.635097	0.594319	0.607670	0.594886	0.606498	0.629550	0.349705	0.406357	0.626347	0.579072	0.653997	0.574924	0.607947	0.639951	0.599578	0.611748	0.601227	0.520339	0.615601	0.542484	0.537313	0.501157	0.456621	0.580695	0.538146	0.562475	0.504803	0.445872	0.626884	0.205128	0.477212	0.651361	0.578907	0.327294	0.629610	0.528716	0.248175	0.314945	0.532203	0.531391	0.501754	0.619883	0.595172	0.579278	0.615773	0.524728	0.227848	0.603248	0.173913	0.525523	0.520619	0.425888	0.582011	0.584198	0.573218	0.631974	0.422825	0.620522	0.631393	0.384615	0.306452	0.600571	0.443630	0.610753	0.341741	0.565921	0.571211	0.470063	0.547247	0.609244	0.226935	0.440553	0.316633	0.642808	0.517469	0.663070	0.526493	0.598977	0.492982	0.459874	0.447706	0.475158	0.551495	0.538272	0.611868	0.074740	0.529330	0.531303	0.461815	0.664202	0.565861	0.628205	0.208955	0.607988	0.426841	0.618785	0.640569	0.496949	0.551282	0.529857	0.557486	0.159912	0.548413	0.508738	0.619896	0.562347	0.465409	0.650577	0.205128	0.389685	0.545136	0.287462	0.634807	0.520311	0.623748	0.435826	0.617886	0.480786	0.424861	0.611741	0.551053	0.372093	0.426841	0.604790	0.276680	0.459874	0.380866	0.363322	0.387344	0.575060	0.612420	0.546774	0.323353	0.524979	0.624911	0.601527	0.619212	0.634474	0.472469	0.403409	0.635659	0.441989	0.628447	0.616893	0.600435	0.348083	0.522109	0.275320	0.527825	0.623630	0.642154	0.563780	0.584018	0.630631	0.189655	0.303030	0.612293	0.597222	0.515263	0.596491	0.647923	0.620976	0.509871	0.585146	0.630535	0.496894	0.627478	0.546042	0.567883	0.303030	0.457350	0.255452	0.419776	0.514361	0.522613	0.466546	0.583987	0.567187	0.619355	0.605491	0.594495	0.619551	0.567901	0.220339	0.649942	0.611437	0.566929	0.568323	0.608063	0.636739	0.323353	0.457239	0.638723	0.637681	0.524871	0.592965	0.467195	0.608828	0.413598	0.431169	0.534120	0.623324	0.383877	0.539887	0.549712	0.294479	0.211614	0.564985	0.592868	0.381503	0.542763	0.601173	0.628272	0.297872	0.216561	0.598985	0.477374	0.455949	0.597403	0.507772	0.620582	0.445463	0.537897	0.127090	0.513699	0.298190	0.557954	0.400000	0.566641	0.543771	0.621151	0.622868	0.597701	0.397716	0.426567	0.616684	0.408318	0.647740	0.636364	0.376812	0.527027	0.633233	0.589868	0.252177	0.456779	0.633564	0.582900	0.399904	0.570847	0.551895	0.145053	0.561489	0.308157	0.374879	0.592649	0.566412	0.616000	0.612889	0.504318	0.051833	0.560311	0.492550	0.384615	0.451376	0.563492	0.470588	0.647768	0.576187	0.375242	0.643488	0.532003	0.620205	0.367347	0.569610	0.537179	0.646465	0.533878	0.656073	0.502172	0.407547	0.560838	0.296146	0.496938	0.465533	0.571429	0.605878	0.382692	0.622968	0.411709	0.264463	0.620690	0.398866	0.460432	0.255452	0.326594	0.634538	0.287462	0.451554	0.409821	0.627451	0.587774	0.634304	0.548653	0.491659	0.352941	0.449315	0.434084	0.328358	0.297872	0.347741	0.536267	0.640981	0.605398	0.582278	0.630734	0.604555	0.489974	0.632035	0.602322	0.533666	0.479295	0.571870	0.617844	0.157895	0.316633	0.483245	0.533224	0.596517	
0.088554	0.136054	0.183958	0.114855	0.058985	0.181005	0.228760	0.511174	0.132684	0.100990	0.092356	0.245426	0.093439	0.102064	0.126430	0.094792	0.170845	0.066811	0.089641	0.132684	0.362283	0.331552	0.130604	0.087192	0.098570	0.591091	0.224779	0.077055	0.070423	0.414735	0.040572	0.072915	0.090185	0.081726	0.319860	0.085282	0.133463	0.343492	0.056456	0.109547	0.160318	0.215577	0.294461	0.456968	0.092898	0.059266	0.306936	0.495311	0.145324	0.500490	0.091542	0.130084	0.442093	0.106080	0.068479	0.168599	0.078156	0.062626	0.074297	0.111674	0.439710	0.055893	0.170346	0.063465	0.204600	0.345125	0.065139	0.119608	0.070145	0.186411	0.100453	0.096683	0.418474	0.142758	0.104208	0.326080	0.075401	0.215814	0.420831	0.148138	0.078706	0.110877	0.064860	0.247716	0.088009	0.214390	0.113531	0.106347	0.026749	0.222428	1.000000	0.083643	0.160318	0.066254	0.204840	0.155516	0.612256	0.063185	0.170845	0.098839	0.117499	0.063185	0.121712	0.559828	0.194459	0.025007	0.173333	0.627401	0.361796	0.104743	0.036847	0.143529	0.049397	0.054485	0.148138	0.228760	0.634078	0.115120	0.313317	0.315433	0.488728	0.380080	0.026169	0.187146	0.551022	0.438337	0.102332	0.214390	0.107948	0.066254	0.442013	0.310132	0.057300	0.117499	0.146604	0.098031	0.549583	0.130344	0.046843	0.200268	0.188369	0.134241	0.126953	0.137864	0.160066	0.227357	0.194702	0.170097	0.022972	0.100453	0.125646	0.351627	0.106614	0.055893	0.309068	0.505871	0.123025	0.054767	0.194702	0.092898	0.504922	0.260881	0.025879	0.272517	0.260430	0.105278	0.083916	0.236206	0.142244	0.131905	0.285970	0.237364	0.137606	0.181744	0.291640	0.528972	0.074297	0.127214	0.126430	0.249772	0.296409	0.219363	0.510770	0.192271	0.327395	0.147116	0.142758	0.175567	0.150179	0.154248	0.051662	0.559671	0.220072	0.120661	0.247716	0.130344	0.181498	0.208672	0.159309	0.152978	0.384948	0.096413	0.159814	0.108215	0.103404	0.468645	0.073192	0.126953	0.106881	0.391772	0.086919	0.071808	0.201474	0.028198	0.079805	0.266718	0.127998	0.599673	0.266271	0.097492	0.034836	0.045706	0.096413	0.449977	0.085555	0.229461	0.327395	0.121450	0.199785	0.099915	0.031667	0.126430	0.023554	0.100453	0.092085	0.549679	0.134241	0.115914	0.122238	0.264702	0.065975	0.214628	0.227357	0.057862	0.044283	0.154502	0.072085	0.152724	0.601909	0.127476	0.131645	0.079805	0.106347	0.273627	0.633022	0.070423	0.045990	0.167349	0.470192	0.219600	0.098839	0.146092	0.085555	0.077055	0.071808	0.076504	0.102868	0.105813	0.352234	0.456986	0.448438	0.096953	0.078156	0.208911	0.123812	0.193731	0.028777	0.141730	0.067089	0.252506	0.287500	0.087464	0.114591	0.098839	0.104208	0.021515	0.109547	0.475510	0.236206	0.109014	0.078156	0.274071	0.028198	0.059827	0.447142	0.041144	0.154502	0.090185	0.153486	0.069868	0.173085	0.079805	0.068479	0.300506	0.110877	0.055612	0.067089	0.137606	0.623859	0.077055	0.570595	0.585120	0.058704	0.117499	0.154248	0.112470	0.047127	0.096683	0.155262	0.130865	0.165847	0.176806	0.081726	0.062347	0.280482	0.070700	0.148393	0.135019	0.148649	0.051379	0.095333	0.623967	0.098031	0.213440	0.184694	0.120398	0.138380	0.192271	0.025879	0.043713	0.225248	0.127214	0.462390	0.131125	0.194945	0.278497	0.092356	0.136830	0.182237	0.082000	0.169847	0.111939	0.418659	0.043713	0.075125	0.035986	0.066811	0.469782	0.100184	0.076229	0.121450	0.123025	0.263804	0.149924	0.332795	0.182483	0.127214	0.030512	0.230394	0.144811	0.120398	0.125122	0.182237	0.281142	0.047127	0.522696	0.179772	0.183466	0.092627	0.152216	0.514401	0.131905	0.063185	0.542219	0.098300	0.177054	0.058424	0.112735	0.435657	0.617032	0.633652	0.413241	0.140186	0.057300	0.106080	0.144811	0.185921	0.042857	0.029934	0.148649	0.082000	0.074849	0.130604	0.090457	0.278056	0.072085	0.109014	0.016839	0.093169	0.627097	0.115385	0.062067	0.131645	0.098570	0.177549	0.199303	0.331759	0.060947	0.065975	0.271405	0.062906	0.233189	0.210105	0.056456	0.097492	0.216525	0.164342	0.627523	0.074297	0.201233	0.139928	0.556464	0.386841	0.105545	0.606588	0.111408	0.044567	0.056456	0.129823	0.413988	0.179032	0.353201	0.090457	0.350686	0.124336	0.085828	0.057862	0.071808	0.117763	0.080629	0.217235	0.376314	0.056175	0.252960	0.102600	0.194702	0.054767	0.116971	0.450006	0.175319	0.457208	0.241519	0.088554	0.063465	0.112735	0.042572	0.086374	0.079256	0.117763	0.135278	0.057862	0.274293	0.063185	0.037421	0.236438	0.062906	0.077881	0.035986	0.603794	0.237132	0.041144	0.072915	0.063185	0.198819	0.121975	0.262456	0.422703	0.085282	0.052227	0.073192	0.538730	0.047979	0.042857	0.051662	0.109014	0.230161	0.146604	0.139412	0.237364	0.166348	0.087464	0.207477	0.148393	0.102600	0.084189	0.126692	0.281362	0.021223	0.045990	0.083916	0.106881	0.148393	
0.629139	0.607918	0.520041	0.609687	0.607646	0.549428	0.475862	0.032453	0.610390	0.627692	0.631068	0.462662	0.643087	0.642202	0.621984	0.606061	0.545652	0.632381	0.634868	0.612987	0.329584	0.360172	0.598425	0.634391	0.630265	0.127948	0.493438	0.654804	0.628253	0.282138	0.546296	0.625229	0.626230	0.621762	0.371738	0.625000	0.615783	0.347774	0.602459	0.612903	0.576310	0.492754	0.403581	0.244268	0.651613	0.638554	0.388079	0.213091	0.586081	0.211476	0.640650	0.613158	0.257582	0.633782	0.632768	0.548847	0.653710	0.619608	0.630435	0.623188	0.258948	0.596708	0.562092	0.635478	0.525520	0.346131	0.639692	0.611111	0.621974	0.541200	0.651235	0.621451	0.277594	0.600742	0.643505	0.016861	0.618705	0.499548	0.275765	0.595181	0.647887	0.608443	0.652510	0.457327	0.637874	0.473157	0.602582	0.620896	0.463542	0.487202	0.083643	1.000000	0.583144	0.634799	0.526912	0.570431	0.123577	0.640625	0.545652	0.626168	0.617978	0.613281	0.612637	0.041643	0.523622	0.433862	0.550538	0.096445	0.329584	0.617470	0.539379	0.603448	0.587473	0.640333	0.590361	0.474138	0.092356	0.620199	0.379221	0.378065	0.219229	0.312867	0.455497	0.527383	0.040110	0.261607	0.635115	0.502275	0.639053	0.604207	0.258948	0.382951	0.602851	0.643258	0.577670	0.604069	0.172252	0.609724	0.599119	0.525000	0.528759	0.608247	0.593583	0.592405	0.563284	0.488735	0.530973	0.553980	0.415094	0.604938	0.624495	0.339710	0.640835	0.633745	0.377632	0.204680	0.630286	0.597510	0.521141	0.619355	0.207434	0.435385	0.440945	0.427515	0.436055	0.624625	0.657581	0.461409	0.597274	0.591917	0.413305	0.474520	0.583016	0.535270	0.403058	0.182555	0.644928	0.611482	0.581769	0.446043	0.401095	0.489286	0.198107	0.524330	0.364655	0.571429	0.595797	0.536741	0.601432	0.564403	0.602972	0.165397	0.489760	0.624309	0.463768	0.588699	0.535826	0.507907	0.578947	0.591284	0.308746	0.622433	0.570776	0.608567	0.619120	0.236481	0.631387	0.606952	0.636905	0.301751	0.655518	0.626151	0.512919	0.478149	0.629371	0.435897	0.635638	0.127780	0.436556	0.618524	0.519417	0.586667	0.635071	0.250856	0.630691	0.474635	0.364655	0.613480	0.499037	0.628483	0.503741	0.630027	0.428954	0.632716	0.625608	0.172709	0.610825	0.609065	0.621918	0.432802	0.613027	0.501818	0.478336	0.580122	0.575281	0.575439	0.632353	0.568396	0.134127	0.594667	0.603133	0.639860	0.617910	0.427413	0.085473	0.635688	0.572062	0.554084	0.235625	0.494202	0.644860	0.593674	0.637437	0.615658	0.640884	0.632143	0.645358	0.613772	0.339120	0.026720	0.252913	0.636220	0.628975	0.505576	0.608696	0.521224	0.470588	0.611180	0.615970	0.448139	0.411268	0.646667	0.619116	0.644860	0.613293	0.387978	0.607038	0.230436	0.466443	0.638235	0.639576	0.429728	0.473008	0.640000	0.253570	0.557604	0.577778	0.616393	0.580494	0.645522	0.555436	0.650350	0.640301	0.390541	0.652111	0.622680	0.619772	0.603295	0.106063	0.615658	0.151656	0.143733	0.620968	0.626404	0.580796	0.594517	0.575824	0.593060	0.580420	0.605505	0.566667	0.552966	0.642487	0.612967	0.417867	0.623377	0.592058	0.611040	0.586538	0.595745	0.648649	0.105491	0.647887	0.502283	0.536885	0.622407	0.593434	0.526316	0.451444	0.582393	0.482096	0.603471	0.240756	0.612565	0.500982	0.422045	0.637540	0.595420	0.548654	0.637931	0.569869	0.604920	0.277462	0.577878	0.623423	0.543269	0.628571	0.236100	0.636785	0.647585	0.591472	0.616644	0.435644	0.571087	0.356399	0.539814	0.619493	0.493703	0.473008	0.611995	0.619640	0.604588	0.540373	0.418404	0.584615	0.193336	0.554393	0.547889	0.626817	0.557920	0.196052	0.604954	0.601562	0.177414	0.646875	0.552381	0.630303	0.616715	0.262898	0.113610	0.079275	0.283229	0.580726	0.606925	0.636771	0.580171	0.534149	0.554545	0.501266	0.591346	0.641379	0.646209	0.614173	0.625205	0.421206	0.643382	0.638235	0.325714	0.605475	0.115196	0.630682	0.641732	0.584856	0.620905	0.536431	0.511583	0.359951	0.619048	0.624521	0.429102	0.614481	0.476675	0.512488	0.627049	0.634223	0.503610	0.550336	0.095830	0.630435	0.524904	0.576441	0.162597	0.306967	0.599700	0.053104	0.621190	0.573991	0.618852	0.608696	0.282682	0.547744	0.337947	0.628478	0.018390	0.607046	0.639731	0.608519	0.626151	0.597475	0.622609	0.493249	0.315903	0.603696	0.458498	0.634146	0.523107	0.593361	0.647887	0.251394	0.547974	0.245188	0.459259	0.635762	0.612086	0.628242	0.560364	0.617450	0.659649	0.605891	0.600000	0.616633	0.425000	0.617188	0.532067	0.472758	0.622309	0.647788	0.524038	0.127474	0.471572	0.557604	0.628885	0.632812	0.528046	0.620027	0.439174	0.275765	0.655405	0.604651	0.649635	0.176826	0.593886	0.554545	0.602972	0.632353	0.478559	0.587379	0.603015	0.469507	0.567627	0.640000	0.515888	0.577617	0.628049	0.636054	0.599732	0.418103	0.394521	0.580931	0.637138	0.619048	0.584838	
0.575893	0.626977	0.627668	0.617706	0.491762	0.640064	0.589532	0.063764	0.645951	0.602972	0.610989	0.606299	0.588621	0.600423	0.637765	0.583243	0.632013	0.531212	0.597778	0.634652	0.514976	0.550287	0.629981	0.576880	0.604502	0.240148	0.625784	0.559719	0.530120	0.471085	0.383978	0.548272	0.587583	0.560276	0.549651	0.579186	0.646009	0.542236	0.482051	0.626283	0.642735	0.628940	0.580275	0.430323	0.585526	0.498734	0.561598	0.380671	0.648065	0.377408	0.599779	0.631179	0.438644	0.626431	0.527339	0.630091	0.573427	0.511222	0.554502	0.631365	0.443836	0.467866	0.647934	0.514286	0.635556	0.530982	0.525277	0.626482	0.542823	0.632157	0.608511	0.598272	0.470246	0.653951	0.603774	0.033385	0.554245	0.617037	0.466694	0.632799	0.569767	0.614913	0.523457	0.611473	0.597315	0.626887	0.608696	0.619543	0.269231	0.630175	0.160318	0.583144	1.000000	0.517791	0.626203	0.646394	0.232420	0.512438	0.628713	0.608137	0.627490	0.519900	0.637255	0.081454	0.626911	0.253731	0.638298	0.183731	0.510145	0.623431	0.354430	0.641304	0.445033	0.470893	0.639929	0.612948	0.176284	0.627136	0.551310	0.561346	0.391906	0.503464	0.264095	0.629108	0.078513	0.446288	0.610348	0.616822	0.636364	0.517791	0.448532	0.565768	0.480204	0.621514	0.629032	0.612245	0.316730	0.636277	0.426273	0.630631	0.637568	0.657303	0.626923	0.639556	0.634731	0.622407	0.634072	0.626964	0.235294	0.591489	0.633816	0.536440	0.629283	0.475578	0.534216	0.370840	0.634146	0.480620	0.634072	0.594298	0.374078	0.604271	0.261516	0.592457	0.601258	0.626305	0.582480	0.606469	0.646042	0.640227	0.582991	0.624580	0.641998	0.641720	0.580012	0.334095	0.556872	0.635927	0.624277	0.606610	0.577296	0.613314	0.360000	0.637413	0.538178	0.633274	0.628520	0.622258	0.642478	0.631763	0.453473	0.305085	0.614841	0.631890	0.607562	0.621083	0.632669	0.618873	0.639794	0.648554	0.502283	0.601081	0.642123	0.621259	0.614090	0.415884	0.550000	0.636538	0.612033	0.486124	0.588764	0.553293	0.641735	0.281938	0.569444	0.614339	0.630268	0.239852	0.600248	0.607104	0.338068	0.423181	0.609730	0.437595	0.583051	0.613058	0.544497	0.630029	0.610526	0.597015	0.311688	0.645472	0.240602	0.610638	0.583058	0.317503	0.640449	0.629259	0.632094	0.590429	0.525799	0.612069	0.601660	0.491720	0.409769	0.641674	0.535885	0.654386	0.251019	0.618042	0.637051	0.562500	0.615385	0.589448	0.163682	0.544578	0.419919	0.649416	0.416697	0.624204	0.612420	0.653501	0.578531	0.557377	0.553293	0.561033	0.613277	0.606250	0.536634	0.052648	0.440015	0.614887	0.554779	0.616959	0.630350	0.634483	0.286969	0.641750	0.525672	0.595498	0.585280	0.569507	0.628399	0.599572	0.618449	0.221884	0.611910	0.411287	0.605121	0.625514	0.566434	0.588734	0.281938	0.492424	0.442566	0.388430	0.645161	0.585366	0.631671	0.528986	0.645373	0.574074	0.527339	0.549661	0.618999	0.481338	0.515892	0.632747	0.201135	0.557377	0.281521	0.267796	0.492386	0.635458	0.643979	0.619289	0.428380	0.589633	0.641739	0.636967	0.627517	0.652104	0.569460	0.504370	0.584524	0.548736	0.650045	0.640523	0.645907	0.459318	0.610206	0.200103	0.610097	0.617159	0.627760	0.632512	0.643911	0.637413	0.261516	0.408163	0.613779	0.634006	0.425532	0.649621	0.609160	0.588869	0.586813	0.640074	0.645469	0.568807	0.658940	0.612411	0.466722	0.408163	0.557261	0.347458	0.528764	0.417448	0.594249	0.556992	0.637880	0.620488	0.590654	0.641275	0.519481	0.633836	0.630163	0.301887	0.610007	0.649234	0.634483	0.623427	0.627981	0.582294	0.433735	0.352091	0.637821	0.650831	0.612514	0.623902	0.356599	0.640227	0.514925	0.325452	0.605150	0.640259	0.487929	0.628803	0.452202	0.214679	0.152264	0.477764	0.621448	0.485313	0.618106	0.633003	0.634721	0.398907	0.296943	0.647687	0.564220	0.546099	0.624288	0.589147	0.575195	0.538278	0.606996	0.177570	0.584885	0.217513	0.618474	0.500000	0.629490	0.615220	0.635997	0.628012	0.543750	0.505025	0.518428	0.588164	0.513076	0.622706	0.640932	0.484615	0.604952	0.621429	0.630691	0.182613	0.561611	0.631737	0.636697	0.300308	0.499773	0.625652	0.103293	0.617737	0.411924	0.482051	0.637488	0.475264	0.640964	0.538006	0.591362	0.036384	0.623301	0.571106	0.486624	0.543713	0.616915	0.555940	0.624376	0.507685	0.485237	0.608863	0.607595	0.618793	0.467700	0.626747	0.439954	0.630894	0.433259	0.605176	0.587054	0.514286	0.616633	0.396717	0.569820	0.563805	0.614925	0.643657	0.494268	0.578692	0.509950	0.359046	0.616835	0.510585	0.550758	0.347458	0.239313	0.599462	0.385675	0.541120	0.512438	0.636501	0.648384	0.595372	0.468349	0.574661	0.462745	0.542857	0.324459	0.434667	0.398907	0.456094	0.609053	0.611797	0.655914	0.626838	0.604433	0.644891	0.578475	0.632893	0.650045	0.624473	0.577273	0.623677	0.585511	0.219178	0.417227	0.571104	0.605809	0.642921	
0.624769	0.563889	0.452747	0.579030	0.654378	0.489978	0.412033	0.025564	0.571429	0.609881	0.619820	0.391788	0.622540	0.609137	0.582723	0.595745	0.499417	0.623377	0.634862	0.557284	0.268222	0.294118	0.537911	0.626866	0.605536	0.101838	0.420370	0.653307	0.652632	0.228401	0.574526	0.628099	0.617916	0.600775	0.305040	0.620038	0.569014	0.283600	0.616471	0.588045	0.517791	0.428434	0.331174	0.196918	0.624776	0.634483	0.317899	0.171195	0.539683	0.169867	0.612319	0.562410	0.207957	0.610561	0.628205	0.492925	0.640159	0.657718	0.654397	0.596491	0.209091	0.605201	0.507602	0.631111	0.454271	0.282209	0.627193	0.575342	0.624473	0.482609	0.618803	0.584939	0.224609	0.549598	0.624374	0.013260	0.624746	0.435701	0.223084	0.542373	0.637624	0.573718	0.659341	0.390161	0.627087	0.418919	0.580442	0.596376	0.529595	0.426168	0.066254	0.634799	0.517791	1.000000	0.459839	0.535176	0.098312	0.632517	0.485414	0.611399	0.594761	0.641425	0.598496	0.032836	0.461700	0.507937	0.495963	0.076501	0.268222	0.608985	0.589888	0.550067	0.610000	0.645933	0.537158	0.408387	0.073225	0.584375	0.311442	0.309348	0.176245	0.254144	0.495298	0.470206	0.031622	0.211300	0.611486	0.438224	0.619902	0.643478	0.209091	0.314637	0.593458	0.591680	0.546649	0.590278	0.137766	0.550143	0.593350	0.456499	0.461207	0.552595	0.551825	0.536451	0.508600	0.414299	0.465409	0.498829	0.487013	0.570940	0.573529	0.276775	0.615132	0.638298	0.315717	0.164286	0.585075	0.610979	0.463312	0.606822	0.166546	0.371867	0.509434	0.356866	0.370850	0.600332	0.625954	0.402126	0.548387	0.562500	0.340741	0.403880	0.550964	0.488346	0.334302	0.146171	0.617587	0.571429	0.544656	0.382155	0.329041	0.425733	0.158895	0.457627	0.297927	0.519004	0.546917	0.477169	0.531613	0.520860	0.622549	0.132184	0.420755	0.583964	0.388465	0.567335	0.477778	0.442688	0.515413	0.539440	0.250681	0.596491	0.514145	0.589577	0.620805	0.190476	0.626804	0.572263	0.607553	0.244811	0.642991	0.633333	0.452138	0.533742	0.612967	0.364212	0.592163	0.101702	0.364790	0.609756	0.567335	0.614987	0.621053	0.202376	0.615094	0.410909	0.297927	0.563253	0.441026	0.607204	0.550296	0.579795	0.503226	0.618803	0.620939	0.138138	0.546985	0.600311	0.584708	0.366826	0.627451	0.432015	0.414299	0.586047	0.581152	0.515152	0.627859	0.524841	0.106828	0.556041	0.560455	0.640472	0.599671	0.355487	0.067717	0.631579	0.592784	0.510083	0.189769	0.429112	0.597582	0.542819	0.626415	0.605210	0.616667	0.627767	0.609428	0.585124	0.276276	0.021035	0.204082	0.615385	0.608350	0.444225	0.549777	0.454737	0.536585	0.555256	0.626350	0.380000	0.338983	0.621974	0.586207	0.628670	0.601002	0.462046	0.581583	0.185484	0.402126	0.599676	0.632207	0.354938	0.521472	0.631579	0.204626	0.614555	0.527778	0.606947	0.522843	0.634249	0.498845	0.624754	0.632479	0.324629	0.599359	0.649289	0.634989	0.550964	0.084218	0.605210	0.121021	0.114599	0.628176	0.579353	0.510746	0.561905	0.581633	0.570928	0.520755	0.565714	0.504182	0.483541	0.639535	0.636771	0.347170	0.626050	0.533854	0.555866	0.551365	0.628993	0.618375	0.083758	0.611111	0.426357	0.475356	0.578788	0.540466	0.474576	0.509434	0.642105	0.417745	0.553936	0.194011	0.564907	0.450262	0.349544	0.609009	0.542185	0.485050	0.622824	0.515826	0.573248	0.224500	0.615789	0.597561	0.589235	0.658009	0.190161	0.575342	0.629032	0.566265	0.582090	0.368000	0.519380	0.292994	0.475664	0.583090	0.544910	0.414855	0.562334	0.578788	0.554572	0.471761	0.346386	0.632653	0.154987	0.488242	0.484581	0.611511	0.510856	0.157211	0.576705	0.628062	0.141975	0.606586	0.494331	0.638889	0.570523	0.212373	0.090285	0.062764	0.229312	0.535326	0.640187	0.587459	0.533156	0.479303	0.583554	0.536145	0.525358	0.603482	0.639511	0.572246	0.605839	0.350076	0.648649	0.602917	0.383275	0.587814	0.091561	0.595944	0.633708	0.534851	0.602076	0.484163	0.452210	0.293930	0.630385	0.649237	0.358255	0.647321	0.408602	0.444008	0.640000	0.609756	0.434450	0.515042	0.076008	0.613497	0.462793	0.536054	0.129907	0.249187	0.556291	0.041925	0.613419	0.600522	0.630588	0.574713	0.228856	0.492135	0.275284	0.605839	0.014464	0.562963	0.613936	0.632558	0.641667	0.566154	0.648438	0.435115	0.256696	0.632075	0.382696	0.610455	0.457023	0.634845	0.590417	0.202822	0.496000	0.197679	0.397569	0.617375	0.622222	0.602219	0.606383	0.649156	0.619329	0.587692	0.555091	0.613953	0.354665	0.614699	0.564246	0.405310	0.629464	0.641434	0.594901	0.101456	0.400706	0.603774	0.607438	0.632517	0.463440	0.576577	0.366559	0.223084	0.597353	0.629268	0.639175	0.141495	0.617722	0.594164	0.627451	0.599676	0.417044	0.533509	0.534789	0.403880	0.505364	0.607076	0.446872	0.526042	0.607083	0.628571	0.555556	0.346125	0.443709	0.613402	0.610687	0.574713	0.531250	
0.532962	0.613057	0.601660	0.588936	0.418557	0.637378	0.629516	0.082677	0.624296	0.553874	0.537122	0.629912	0.547945	0.567879	0.597211	0.536364	0.637473	0.452906	0.534690	0.609815	0.574856	0.602857	0.602429	0.529851	0.554758	0.303186	0.652228	0.498551	0.462908	0.534902	0.307182	0.476471	0.537396	0.501901	0.598826	0.514554	0.611557	0.593142	0.403746	0.569697	0.642487	0.623970	0.622338	0.500000	0.548948	0.420185	0.618255	0.453615	0.619195	0.450062	0.536765	0.601784	0.509461	0.570928	0.466135	0.625723	0.502406	0.433367	0.489756	0.581255	0.504386	0.398332	0.631201	0.438134	0.646636	0.589104	0.445565	0.591785	0.463366	0.645604	0.569135	0.545619	0.543344	0.620905	0.565639	0.043489	0.487852	0.632446	0.535027	0.627782	0.501441	0.574138	0.452069	0.626239	0.530233	0.620865	0.581197	0.565179	0.212369	0.641345	0.204840	0.526912	0.626203	0.459839	1.000000	0.626126	0.293768	0.436548	0.628859	0.550673	0.592405	0.434518	0.594505	0.105328	0.636669	0.199765	0.645759	0.233929	0.567748	0.568162	0.282511	0.624125	0.363248	0.394130	0.630852	0.635640	0.224699	0.598639	0.605067	0.612951	0.469167	0.563512	0.208187	0.636052	0.101571	0.518245	0.558511	0.639949	0.574413	0.455823	0.519737	0.605606	0.406639	0.599156	0.629144	0.544964	0.394323	0.611021	0.347357	0.638467	0.628415	0.616493	0.596233	0.608076	0.628148	0.635526	0.646980	0.621583	0.184834	0.545941	0.595395	0.586897	0.575175	0.402503	0.590065	0.443046	0.597015	0.393717	0.645638	0.532479	0.452395	0.631698	0.206089	0.619178	0.622247	0.575944	0.515094	0.641441	0.618750	0.611290	0.605514	0.637126	0.608558	0.640223	0.616109	0.414879	0.489756	0.587561	0.597211	0.617169	0.616339	0.636535	0.437190	0.641892	0.587500	0.617398	0.622465	0.617564	0.631579	0.608892	0.377119	0.380976	0.629073	0.601504	0.633236	0.614263	0.629526	0.644703	0.616184	0.629349	0.560945	0.549729	0.631579	0.568696	0.563604	0.486615	0.481881	0.610975	0.572926	0.555694	0.530345	0.468504	0.629776	0.222738	0.509091	0.637021	0.607347	0.302827	0.633278	0.553153	0.268927	0.340195	0.551537	0.509078	0.521576	0.634474	0.593269	0.593333	0.619457	0.550492	0.247140	0.605414	0.189125	0.554862	0.537615	0.396275	0.618094	0.585242	0.600166	0.618994	0.450251	0.645900	0.633067	0.414079	0.331155	0.623494	0.470010	0.617714	0.316398	0.600164	0.613398	0.505263	0.563430	0.621858	0.209033	0.468843	0.341991	0.614938	0.490541	0.644918	0.547085	0.622394	0.532833	0.492754	0.472441	0.495644	0.576991	0.553900	0.586097	0.068381	0.507527	0.543321	0.498556	0.631375	0.593879	0.635262	0.226852	0.624413	0.454454	0.631336	0.626519	0.525629	0.580920	0.554260	0.562115	0.174017	0.573160	0.488064	0.627027	0.568951	0.492782	0.631004	0.222738	0.421377	0.512931	0.310915	0.628012	0.528163	0.637462	0.473736	0.634807	0.505263	0.464143	0.598054	0.577586	0.398747	0.458458	0.613312	0.255418	0.492754	0.353240	0.336703	0.416925	0.585654	0.625471	0.571184	0.349138	0.542005	0.620586	0.611650	0.623452	0.643613	0.511407	0.433809	0.635142	0.468379	0.627301	0.627796	0.629885	0.375398	0.546279	0.254147	0.564748	0.623724	0.625259	0.590301	0.624506	0.641892	0.206089	0.327511	0.632880	0.584288	0.498796	0.606306	0.633132	0.617711	0.546288	0.614774	0.639333	0.510921	0.643629	0.568729	0.534623	0.327511	0.488327	0.276715	0.452906	0.492724	0.562500	0.494186	0.593333	0.610282	0.631579	0.629008	0.576448	0.630556	0.610475	0.239080	0.630488	0.627907	0.605351	0.591433	0.643502	0.622318	0.349138	0.430936	0.631211	0.637119	0.543956	0.608036	0.436742	0.612903	0.436548	0.404661	0.544474	0.637518	0.415289	0.579263	0.526277	0.272065	0.194787	0.549174	0.616352	0.410788	0.579685	0.621705	0.653370	0.322015	0.235023	0.614559	0.507123	0.482960	0.607287	0.525830	0.625946	0.468043	0.572420	0.138518	0.531993	0.275540	0.579439	0.432212	0.606941	0.554758	0.628169	0.638834	0.589243	0.423746	0.452261	0.623077	0.439024	0.641646	0.647362	0.403746	0.549550	0.640101	0.623263	0.232544	0.483902	0.657877	0.605822	0.374295	0.560873	0.570175	0.133125	0.595525	0.332971	0.403746	0.603896	0.537313	0.639551	0.586316	0.535055	0.047375	0.597853	0.524836	0.409938	0.474409	0.580101	0.509542	0.636364	0.568729	0.404167	0.643268	0.573959	0.630872	0.393717	0.595097	0.512839	0.633593	0.509955	0.630332	0.534819	0.434077	0.589546	0.320175	0.525725	0.490892	0.585160	0.609737	0.414079	0.618658	0.438579	0.286353	0.638655	0.436992	0.495183	0.276715	0.302170	0.632714	0.310915	0.478431	0.444670	0.652953	0.597338	0.628090	0.541186	0.523944	0.380550	0.481881	0.404014	0.352309	0.322015	0.377119	0.579358	0.632093	0.624518	0.616233	0.635928	0.631273	0.525629	0.648088	0.627301	0.554473	0.522149	0.593443	0.621984	0.171838	0.341991	0.515094	0.571179	0.625767	
0.579247	0.632576	0.611557	0.609231	0.496104	0.635332	0.622470	0.061757	0.632790	0.608884	0.594837	0.603322	0.594413	0.612729	0.639843	0.613333	0.655490	0.533835	0.585698	0.621285	0.503169	0.533684	0.614493	0.596330	0.612691	0.233258	0.628531	0.560479	0.545006	0.461277	0.394326	0.558537	0.588901	0.584507	0.554230	0.571098	0.657744	0.537283	0.475690	0.582199	0.632493	0.583878	0.579710	0.417665	0.582307	0.482490	0.564218	0.369170	0.648352	0.370565	0.585586	0.648596	0.435636	0.615711	0.522388	0.630068	0.526818	0.510856	0.540606	0.612669	0.427445	0.487484	0.638119	0.513995	0.628099	0.532045	0.532828	0.610272	0.535802	0.622611	0.603692	0.619625	0.458893	0.646950	0.620321	0.032318	0.566948	0.603774	0.457882	0.632820	0.556480	0.627083	0.525917	0.583498	0.585143	0.586006	0.639175	0.610817	0.277017	0.601707	0.155516	0.570431	0.646394	0.535176	0.626126	1.000000	0.225723	0.514650	0.648785	0.596721	0.625381	0.522293	0.631369	0.078913	0.648565	0.261137	0.613466	0.178296	0.503169	0.606190	0.364162	0.630415	0.451087	0.482759	0.629193	0.612701	0.171049	0.622951	0.549366	0.550741	0.383571	0.502330	0.271756	0.622716	0.076060	0.436132	0.612069	0.618076	0.617492	0.512563	0.441640	0.560623	0.489529	0.625381	0.608933	0.609649	0.308027	0.630561	0.437414	0.623001	0.642405	0.640610	0.650343	0.645343	0.638261	0.595655	0.637209	0.633613	0.242236	0.608035	0.606299	0.527528	0.597458	0.490119	0.552147	0.360969	0.624254	0.476821	0.618605	0.600224	0.365397	0.591227	0.269113	0.573538	0.600891	0.600639	0.583721	0.615700	0.638889	0.619231	0.576512	0.605442	0.651601	0.656427	0.567757	0.325007	0.545455	0.622309	0.631992	0.569554	0.562860	0.607322	0.350356	0.645312	0.525532	0.655141	0.654344	0.650165	0.639064	0.598048	0.462366	0.296646	0.626074	0.627884	0.594059	0.655706	0.642395	0.614243	0.652136	0.650624	0.491018	0.598234	0.657963	0.623158	0.613734	0.407852	0.565164	0.636631	0.630688	0.485779	0.585534	0.546569	0.634294	0.290030	0.565680	0.594121	0.636098	0.232970	0.598622	0.597802	0.347445	0.426003	0.571744	0.428517	0.556582	0.626741	0.537234	0.624000	0.631579	0.602829	0.320475	0.622179	0.247678	0.612378	0.579775	0.308783	0.646330	0.602656	0.642074	0.593711	0.523270	0.626366	0.618080	0.483029	0.412256	0.645390	0.553244	0.638715	0.243860	0.637341	0.660250	0.565680	0.625663	0.588957	0.158788	0.535142	0.430939	0.608991	0.407971	0.604017	0.762842	0.630137	0.565820	0.574850	0.544118	0.547419	0.606452	0.612115	0.519740	0.050982	0.430116	0.592511	0.562574	0.597480	0.624381	0.636081	0.295181	0.656772	0.538173	0.609375	0.568222	0.575029	0.628337	0.603279	0.609626	0.228482	0.619895	0.401278	0.603413	0.610703	0.572110	0.579657	0.290030	0.496766	0.428019	0.398868	0.627660	0.579841	0.640569	0.531520	0.642263	0.572781	0.547264	0.554478	0.635417	0.488127	0.535670	0.636535	0.195240	0.574850	0.273628	0.260230	0.499350	0.601015	0.622893	0.625259	0.445055	0.608600	0.624226	0.635135	0.641091	0.629417	0.589202	0.521739	0.580373	0.534483	0.619565	0.633080	0.651584	0.465680	0.589800	0.194235	0.587719	0.605263	0.634107	0.654618	0.638498	0.626563	0.269113	0.413408	0.623413	0.626223	0.416697	0.630665	0.593338	0.578692	0.594837	0.651558	0.626312	0.546307	0.645921	0.632780	0.456184	0.407821	0.557971	0.357039	0.531328	0.409437	0.615217	0.550481	0.626000	0.642147	0.602774	0.639640	0.509969	0.641935	0.641879	0.310448	0.615278	0.642202	0.632530	0.635108	0.644068	0.561298	0.436813	0.342615	0.649308	0.630225	0.585202	0.639857	0.347026	0.655769	0.504459	0.316555	0.606791	0.620690	0.505208	0.620476	0.445244	0.208433	0.147684	0.465414	0.643657	0.489529	0.622081	0.658716	0.642743	0.409537	0.305389	0.629864	0.579132	0.563482	0.631884	0.590498	0.586667	0.555692	0.640084	0.182986	0.617450	0.211194	0.630502	0.519846	0.623677	0.590810	0.650820	0.632544	0.542872	0.514801	0.520755	0.588889	0.517857	0.628099	0.633678	0.457293	0.615385	0.625634	0.634105	0.177207	0.552727	0.640850	0.640523	0.291978	0.496792	0.600000	0.100106	0.609148	0.414465	0.494087	0.629845	0.465473	0.662316	0.525162	0.599548	0.035223	0.633037	0.576701	0.488251	0.544118	0.638945	0.558962	0.609827	0.506579	0.481579	0.609883	0.604952	0.655814	0.487417	0.632757	0.430876	0.620974	0.421329	0.591398	0.588369	0.516539	0.626680	0.410112	0.570771	0.569395	0.628803	0.634378	0.477807	0.571953	0.527389	0.368876	0.604366	0.515306	0.579952	0.357039	0.232444	0.597686	0.398868	0.548780	0.509554	0.647284	0.620758	0.587342	0.463720	0.580347	0.466488	0.545676	0.315584	0.445964	0.412342	0.462366	0.633788	0.629604	0.634458	0.639850	0.605442	0.648511	0.602520	0.643336	0.643116	0.615716	0.573751	0.633333	0.574174	0.225705	0.428177	0.581395	0.626455	0.652174	
0.130672	0.198421	0.265159	0.168382	0.087685	0.261090	0.326185	0.399406	0.193666	0.148564	0.136154	0.348552	0.137715	0.150104	0.184823	0.139661	0.247045	0.099124	0.132242	0.193666	0.472194	0.446481	0.190728	0.128707	0.145091	0.598901	0.320815	0.114031	0.104389	0.506337	0.060593	0.108016	0.133026	0.120803	0.438275	0.125948	0.194766	0.461565	0.083979	0.160810	0.232420	0.308365	0.405849	0.530282	0.136935	0.088096	0.420755	0.556907	0.211457	0.593330	0.134982	0.189992	0.541440	0.155855	0.101557	0.243931	0.115629	0.093013	0.110025	0.163846	0.516903	0.083154	0.246354	0.094239	0.293441	0.462643	0.096684	0.175144	0.103985	0.268535	0.147794	0.142380	0.516036	0.207855	0.153176	0.228682	0.111630	0.308687	0.519344	0.215403	0.116427	0.162709	0.096277	0.350500	0.129887	0.306755	0.166495	0.156237	0.040088	0.317640	0.612256	0.123577	0.232420	0.098312	0.293768	0.225723	1.000000	0.093830	0.247045	0.145477	0.172145	0.093830	0.178133	0.471034	0.279582	0.037494	0.250492	0.624902	0.463094	0.153942	0.055082	0.208937	0.073609	0.081087	0.215403	0.326185	0.639177	0.168759	0.429073	0.428672	0.580466	0.483662	0.039224	0.269545	0.459661	0.523452	0.150488	0.306755	0.158526	0.098312	0.529989	0.428798	0.085216	0.172145	0.213253	0.144317	0.622651	0.190360	0.069848	0.287529	0.271226	0.195864	0.185563	0.200970	0.232068	0.324294	0.279915	0.246008	0.034460	0.147794	0.183711	0.457405	0.156619	0.083154	0.428118	0.597521	0.179996	0.081501	0.279915	0.136935	0.592179	0.366935	0.038792	0.380537	0.368170	0.154708	0.123972	0.336200	0.207133	0.192566	0.400072	0.337755	0.200607	0.262109	0.402502	0.570730	0.110025	0.185933	0.184823	0.352876	0.408759	0.313495	0.560585	0.276583	0.429637	0.213970	0.207855	0.253582	0.218262	0.223952	0.076940	0.623458	0.314453	0.176639	0.351241	0.190360	0.261770	0.298987	0.231014	0.222178	0.486290	0.141992	0.231717	0.158908	0.152025	0.567682	0.108418	0.185563	0.157001	0.503116	0.128313	0.106406	0.289175	0.042244	0.118020	0.374681	0.187042	0.630519	0.375912	0.143543	0.052102	0.068172	0.141992	0.536044	0.126342	0.327129	0.443519	0.177760	0.286869	0.147022	0.047400	0.184823	0.035328	0.147794	0.135764	0.603524	0.195864	0.169889	0.178878	0.372739	0.097905	0.307078	0.324294	0.086040	0.066073	0.224307	0.106809	0.221823	0.655718	0.186302	0.192198	0.118020	0.156237	0.384908	0.615692	0.104389	0.068591	0.242197	0.547945	0.313815	0.145477	0.212535	0.126342	0.114031	0.106406	0.113232	0.151257	0.155473	0.458532	0.341089	0.544415	0.142768	0.115629	0.299312	0.181112	0.278584	0.043105	0.206410	0.099530	0.358000	0.396700	0.129100	0.168005	0.145477	0.153176	0.032287	0.160810	0.566652	0.336200	0.160050	0.115629	0.382593	0.042244	0.088918	0.531622	0.061438	0.224307	0.133026	0.222888	0.103581	0.250147	0.118020	0.101557	0.416962	0.162709	0.082741	0.099530	0.200607	0.653858	0.114031	0.589027	0.617272	0.087274	0.172145	0.223952	0.164982	0.070267	0.142380	0.225369	0.191096	0.240111	0.255294	0.120803	0.092605	0.392136	0.104792	0.215761	0.196960	0.216119	0.076524	0.140439	0.635568	0.144317	0.305466	0.266173	0.176266	0.201698	0.276583	0.038792	0.065232	0.321449	0.185933	0.556601	0.191463	0.280247	0.390605	0.136154	0.199514	0.262788	0.121199	0.245662	0.164225	0.509572	0.065232	0.111229	0.053806	0.099124	0.558602	0.147408	0.112831	0.177760	0.179996	0.372280	0.217905	0.440836	0.263127	0.185933	0.045684	0.328386	0.210738	0.176266	0.182969	0.262788	0.391563	0.070267	0.596633	0.259390	0.264482	0.136545	0.221112	0.572428	0.192566	0.093830	0.607052	0.144704	0.255636	0.086863	0.165361	0.540955	0.620786	0.614306	0.506667	0.204238	0.085216	0.155855	0.210738	0.267861	0.063969	0.044825	0.216119	0.121199	0.110828	0.190728	0.133417	0.388578	0.106809	0.160050	0.025300	0.137325	0.647409	0.169136	0.092196	0.192198	0.145091	0.256320	0.286210	0.447095	0.090558	0.097905	0.381973	0.093422	0.332146	0.300936	0.083979	0.143543	0.309650	0.238020	0.634018	0.110025	0.288846	0.203876	0.625000	0.500247	0.155090	0.537029	0.163467	0.066493	0.083979	0.189624	0.514047	0.258368	0.460102	0.133417	0.247023	0.181855	0.126737	0.086040	0.106406	0.172520	0.119214	0.310613	0.488438	0.083567	0.358236	0.150873	0.279915	0.081501	0.171393	0.549407	0.253239	0.547204	0.343325	0.130672	0.094239	0.165361	0.063547	0.127525	0.117224	0.172520	0.197326	0.086040	0.385062	0.093830	0.055932	0.336511	0.093422	0.115230	0.053806	0.642751	0.337444	0.061438	0.108016	0.093830	0.285549	0.178506	0.370126	0.528578	0.125948	0.077771	0.108418	0.581258	0.071521	0.063969	0.076940	0.160050	0.328072	0.213253	0.203150	0.337755	0.240807	0.129100	0.297359	0.215761	0.150873	0.124368	0.185193	0.394016	0.031851	0.068591	0.123972	0.157001	0.215761	
0.584906	0.558533	0.442714	0.576433	0.600473	0.484780	0.397790	0.024356	0.566092	0.597222	0.628676	0.376511	0.605839	0.579310	0.568452	0.585895	0.486998	0.638581	0.629213	0.557471	0.257042	0.282035	0.546512	0.605714	0.606702	0.097204	0.409729	0.668033	0.633621	0.218672	0.592179	0.638478	0.608209	0.598020	0.292585	0.629344	0.563662	0.271881	0.647343	0.565789	0.517413	0.415534	0.317852	0.188387	0.615385	0.669811	0.305014	0.163677	0.531544	0.162403	0.632163	0.562682	0.199000	0.568067	0.656455	0.492234	0.634146	0.628440	0.652720	0.594156	0.200091	0.616505	0.488152	0.660592	0.441057	0.270537	0.615730	0.591331	0.656587	0.468647	0.606272	0.589286	0.215022	0.538776	0.619048	0.012630	0.609959	0.422890	0.213554	0.521164	0.635628	0.567700	0.648649	0.375000	0.643939	0.411707	0.571429	0.597315	0.535484	0.407932	0.063185	0.640625	0.512438	0.632517	0.436548	0.514650	0.093830	1.000000	0.477541	0.591549	0.570533	0.643836	0.581040	0.031290	0.443737	0.519737	0.488318	0.072976	0.257042	0.610169	0.591304	0.539295	0.642674	0.658477	0.531746	0.399632	0.069845	0.585056	0.298772	0.296748	0.168526	0.243469	0.532468	0.464912	0.030132	0.202216	0.595525	0.423415	0.607973	0.628062	0.200091	0.301861	0.618705	0.561129	0.525333	0.594690	0.131611	0.547307	0.642105	0.449275	0.453653	0.541311	0.543027	0.541899	0.503113	0.403704	0.453871	0.486358	0.498316	0.571429	0.556054	0.265294	0.592965	0.631068	0.302905	0.157046	0.564492	0.627451	0.447508	0.622711	0.159215	0.357259	0.527687	0.342723	0.357843	0.594595	0.615984	0.388193	0.532060	0.551227	0.327110	0.388246	0.537063	0.469663	0.320879	0.139668	0.635983	0.568889	0.532738	0.370433	0.315789	0.413002	0.151872	0.443730	0.285714	0.513298	0.552381	0.471676	0.526178	0.505128	0.644836	0.126261	0.408008	0.575385	0.375000	0.550218	0.465692	0.429570	0.502500	0.526452	0.240132	0.597496	0.516209	0.587065	0.591453	0.182196	0.641350	0.545994	0.578595	0.234475	0.625954	0.631130	0.434604	0.507937	0.638554	0.349840	0.575221	0.097074	0.350400	0.603908	0.579882	0.622340	0.597496	0.193634	0.631985	0.398531	0.285714	0.563553	0.427386	0.601399	0.581040	0.568452	0.488294	0.606272	0.618785	0.131967	0.544160	0.566456	0.585366	0.350764	0.656250	0.421053	0.403704	0.639618	0.630728	0.522407	0.621277	0.509044	0.101979	0.559172	0.560694	0.630522	0.604027	0.341387	0.064583	0.637931	0.641910	0.473558	0.181517	0.416428	0.605634	0.542781	0.616570	0.618852	0.639659	0.625514	0.610635	0.579125	0.264813	0.020039	0.195274	0.620321	0.642276	0.435130	0.561934	0.447284	0.536278	0.536252	0.641593	0.368377	0.325409	0.642586	0.567783	0.598592	0.591837	0.479452	0.582237	0.177400	0.391771	0.603960	0.642276	0.340856	0.546032	0.643192	0.195798	0.611111	0.530090	0.608209	0.517375	0.645022	0.484211	0.606426	0.625821	0.311522	0.580750	0.647202	0.637168	0.548252	0.080352	0.618852	0.115567	0.109418	0.601896	0.595611	0.507692	0.565428	0.635171	0.589286	0.507653	0.568940	0.501211	0.487356	0.617822	0.629885	0.333333	0.645161	0.528402	0.556028	0.530343	0.616162	0.623423	0.079912	0.623009	0.423115	0.463415	0.579353	0.537604	0.458735	0.508143	0.612466	0.401494	0.557037	0.185593	0.562319	0.434322	0.335632	0.632353	0.553371	0.473094	0.628458	0.503563	0.573744	0.214917	0.590786	0.619543	0.608187	0.629712	0.181894	0.579407	0.643299	0.557427	0.561457	0.353511	0.519004	0.280949	0.470325	0.545185	0.551084	0.400732	0.549125	0.573190	0.569715	0.470852	0.332574	0.650919	0.148123	0.478458	0.474916	0.623853	0.497409	0.150257	0.559885	0.652968	0.135646	0.628975	0.486797	0.636580	0.570968	0.203248	0.086153	0.059852	0.219549	0.535172	0.657074	0.605042	0.511440	0.467475	0.606557	0.566978	0.530343	0.624506	0.633333	0.546512	0.599628	0.336147	0.642553	0.577558	0.413043	0.585009	0.087373	0.593651	0.645161	0.528902	0.603175	0.476518	0.442827	0.281853	0.641860	0.651786	0.344069	0.594966	0.396380	0.427011	0.637681	0.625222	0.421663	0.490244	0.072505	0.652720	0.447423	0.524862	0.124079	0.238692	0.563238	0.039960	0.582114	0.612903	0.613527	0.560584	0.219110	0.470990	0.263855	0.599628	0.013777	0.551205	0.619231	0.620525	0.635394	0.557121	0.606786	0.412729	0.245929	0.624697	0.367758	0.601375	0.441145	0.612745	0.584906	0.194063	0.481481	0.189119	0.380368	0.611321	0.637813	0.590323	0.580822	0.639847	0.641129	0.569640	0.543909	0.630072	0.340591	0.621005	0.582133	0.387846	0.613272	0.619145	0.590643	0.096838	0.388592	0.600000	0.608879	0.634703	0.450000	0.583206	0.355231	0.213554	0.625483	0.656642	0.641350	0.135185	0.625000	0.584699	0.644836	0.597360	0.401099	0.530667	0.526316	0.388246	0.485507	0.615970	0.433735	0.528402	0.601375	0.626459	0.555721	0.332322	0.481100	0.594164	0.623782	0.568562	0.525760	
0.539446	0.624888	0.598317	0.613900	0.464501	0.625483	0.623829	0.068186	0.619565	0.583333	0.552521	0.605364	0.569038	0.582996	0.596296	0.586889	0.657097	0.498254	0.560510	0.601449	0.539773	0.557879	0.611314	0.568060	0.574359	0.255189	0.621530	0.513393	0.518349	0.489423	0.357702	0.526674	0.563559	0.556407	0.578478	0.522678	0.619693	0.558692	0.445255	0.551181	0.632013	0.578581	0.586786	0.445664	0.557652	0.456731	0.585683	0.393645	0.629662	0.400644	0.564805	0.623400	0.459180	0.572283	0.497110	0.626506	0.497778	0.488152	0.501129	0.603516	0.446669	0.463415	0.643770	0.484061	0.622126	0.553527	0.504103	0.593928	0.514351	0.625664	0.582485	0.595041	0.487526	0.642170	0.576305	0.035739	0.523596	0.601807	0.485563	0.639175	0.534368	0.605289	0.488263	0.581218	0.553419	0.588974	0.626576	0.581673	0.253482	0.594410	0.170845	0.545652	0.628713	0.485414	0.628859	0.648785	0.247045	0.477541	1.000000	0.579918	0.588910	0.489362	0.613936	0.087047	0.641481	0.238764	0.615506	0.195632	0.517992	0.581162	0.334661	0.630017	0.419072	0.441718	0.603093	0.627845	0.187753	0.609450	0.569904	0.562633	0.415032	0.523788	0.248603	0.639394	0.083913	0.452991	0.586451	0.625262	0.578218	0.471412	0.469773	0.583109	0.467879	0.617591	0.578584	0.587873	0.335653	0.631963	0.403553	0.641921	0.647547	0.619820	0.626617	0.640569	0.637490	0.596774	0.636566	0.642686	0.221277	0.600815	0.570102	0.538125	0.561194	0.453659	0.578209	0.391617	0.594189	0.448529	0.633605	0.561845	0.396961	0.598531	0.246154	0.583630	0.609069	0.574000	0.560261	0.626474	0.641543	0.588556	0.605610	0.606140	0.635797	0.625578	0.567400	0.353837	0.510158	0.590951	0.627778	0.570347	0.592758	0.614856	0.377278	0.644295	0.528594	0.653448	0.631671	0.661430	0.631399	0.562290	0.434783	0.323446	0.638298	0.599244	0.609137	0.622831	0.647648	0.625976	0.658940	0.637363	0.516129	0.572906	0.634711	0.609298	0.586103	0.438834	0.528345	0.628466	0.602386	0.517575	0.547210	0.517674	0.638144	0.265560	0.534216	0.603614	0.615101	0.254878	0.612786	0.576725	0.319035	0.395408	0.548087	0.455431	0.543689	0.631931	0.566718	0.593779	0.635569	0.589796	0.293878	0.590741	0.226308	0.598778	0.548896	0.336464	0.628829	0.569231	0.620301	0.604482	0.488318	0.627615	0.627688	0.459492	0.385109	0.637511	0.514806	0.649746	0.266638	0.634686	0.612727	0.534216	0.601594	0.610290	0.174409	0.511468	0.397452	0.595161	0.433889	0.602062	0.588115	0.615917	0.550162	0.542411	0.503991	0.505593	0.577195	0.592814	0.540252	0.056322	0.457940	0.546956	0.524444	0.591489	0.605607	0.642910	0.270345	0.630378	0.497674	0.621165	0.584949	0.552463	0.606763	0.561475	0.568273	0.208571	0.608268	0.431700	0.625164	0.593688	0.528889	0.593030	0.265560	0.467626	0.454442	0.367188	0.607233	0.542373	0.627848	0.512644	0.633413	0.527594	0.513295	0.577729	0.609207	0.449328	0.497674	0.623330	0.214030	0.542411	0.298714	0.284289	0.467470	0.575526	0.611111	0.611490	0.403042	0.592975	0.598993	0.614403	0.658023	0.627543	0.545455	0.479241	0.601626	0.515464	0.602575	0.621743	0.629503	0.435323	0.569055	0.212939	0.559096	0.622813	0.636641	0.620624	0.642984	0.641312	0.246154	0.380952	0.636917	0.605725	0.446532	0.604736	0.572485	0.598949	0.571429	0.642857	0.629231	0.512035	0.632000	0.612683	0.479150	0.380952	0.526434	0.328000	0.505239	0.435369	0.576962	0.517357	0.606975	0.629803	0.608379	0.630231	0.514489	0.651806	0.618652	0.284542	0.620919	0.622068	0.624409	0.632558	0.655385	0.576232	0.403042	0.372660	0.643411	0.626820	0.558237	0.644068	0.377370	0.615804	0.470449	0.344790	0.572895	0.612979	0.472859	0.595331	0.473664	0.228332	0.162309	0.487724	0.617829	0.441212	0.596211	0.634231	0.652471	0.377261	0.279835	0.624357	0.547046	0.515766	0.594891	0.571429	0.598480	0.514806	0.609467	0.166667	0.573822	0.231323	0.618497	0.484561	0.623636	0.564103	0.641686	0.648175	0.559633	0.472554	0.488318	0.616300	0.485207	0.630535	0.633216	0.440389	0.576725	0.643551	0.631922	0.194449	0.519187	0.644412	0.641343	0.318436	0.522514	0.589411	0.110300	0.578690	0.389744	0.457421	0.614822	0.492730	0.646465	0.542553	0.577778	0.038945	0.630597	0.553879	0.442563	0.506271	0.630372	0.523652	0.596540	0.529922	0.450670	0.627892	0.595960	0.636566	0.443627	0.605364	0.460038	0.589623	0.450808	0.606843	0.567164	0.491145	0.589494	0.377749	0.533333	0.539823	0.611270	0.619390	0.444982	0.608028	0.494090	0.339073	0.623445	0.492308	0.547275	0.328000	0.254309	0.603922	0.367188	0.522134	0.477541	0.641813	0.602070	0.605728	0.492070	0.539957	0.426270	0.517007	0.343750	0.409091	0.379845	0.427329	0.603550	0.629333	0.639033	0.647788	0.612671	0.648867	0.567452	0.642450	0.642060	0.587879	0.550976	0.641998	0.603708	0.206009	0.400000	0.555917	0.610338	0.640343	
0.621212	0.615018	0.530612	0.630607	0.737794	0.566372	0.506579	0.038536	0.627119	0.648725	0.649852	0.506211	0.640118	0.639437	0.628429	0.632504	0.596311	0.595525	0.632530	0.598063	0.380589	0.411171	0.603912	0.635115	0.642755	0.150561	0.538782	0.598706	0.599327	0.327239	0.479508	0.606965	0.642643	0.611024	0.421635	0.592593	0.634499	0.400919	0.551471	0.609756	0.597430	0.512069	0.457560	0.284318	0.621302	0.570397	0.440613	0.248753	0.614857	0.246905	0.631893	0.625000	0.299442	0.620690	0.582624	0.589452	0.617363	0.586572	0.588816	0.613941	0.300992	0.557196	0.583162	0.586995	0.551167	0.396798	0.584348	0.634021	0.610455	0.575553	0.627841	0.623188	0.322104	0.628902	0.640669	0.020052	0.617647	0.546081	0.320037	0.604966	0.637821	0.605653	0.595819	0.506934	0.644377	0.526407	0.634794	0.619835	0.404545	0.534903	0.098839	0.626168	0.608137	0.611399	0.550673	0.596721	0.145477	0.591549	0.579918	1.000000	0.648438	0.605634	0.630102	0.049405	0.565299	0.387097	0.574037	0.113829	0.378408	0.627778	0.480000	0.610599	0.551060	0.566108	0.611738	0.527961	0.109045	0.627141	0.426065	0.427148	0.255771	0.361846	0.392694	0.550864	0.047593	0.304007	0.624473	0.543723	0.642077	0.597582	0.300992	0.436433	0.570384	0.635417	0.602273	0.630216	0.201851	0.592411	0.549020	0.552920	0.563515	0.603365	0.614428	0.607565	0.615220	0.514050	0.559180	0.573484	0.360656	0.607955	0.598248	0.391915	0.640990	0.549815	0.426396	0.239123	0.605830	0.576208	0.555452	0.636095	0.242277	0.489676	0.398169	0.471591	0.480059	0.595568	0.643857	0.509615	0.616454	0.602673	0.462900	0.509178	0.629586	0.582353	0.453512	0.213717	0.588816	0.621118	0.608479	0.483550	0.450890	0.537415	0.231586	0.568203	0.412508	0.605442	0.617341	0.576884	0.606264	0.582418	0.561670	0.193943	0.525869	0.625641	0.503852	0.621787	0.563297	0.537577	0.591398	0.609945	0.357216	0.615385	0.605150	0.641201	0.637762	0.275454	0.622517	0.644279	0.623626	0.349349	0.617737	0.621035	0.554042	0.413483	0.611465	0.483357	0.633663	0.150366	0.486957	0.640693	0.482906	0.525692	0.589260	0.291806	0.588598	0.520098	0.412508	0.636015	0.552102	0.626781	0.455142	0.610973	0.368298	0.633523	0.632987	0.202378	0.615385	0.616798	0.631043	0.480699	0.598616	0.539792	0.530579	0.528233	0.510978	0.594951	0.620000	0.601770	0.157740	0.610422	0.622871	0.608280	0.630854	0.469922	0.100984	0.585859	0.536489	0.559252	0.274479	0.528462	0.647564	0.610478	0.597843	0.624595	0.601002	0.594156	0.639551	0.621547	0.391256	0.031746	0.294142	0.616498	0.617363	0.533569	0.595960	0.559401	0.420582	0.617886	0.615120	0.492798	0.463415	0.615854	0.636724	0.638968	0.637883	0.345972	0.631436	0.268565	0.509615	0.644022	0.627010	0.473498	0.413483	0.575540	0.294888	0.518367	0.605928	0.624625	0.597574	0.594595	0.586802	0.608280	0.613288	0.440104	0.632571	0.576710	0.601375	0.610651	0.125067	0.624595	0.178061	0.168885	0.576087	0.617188	0.600000	0.630174	0.512720	0.614493	0.592998	0.612943	0.587866	0.574000	0.617323	0.569912	0.475069	0.598319	0.586246	0.627545	0.603604	0.581749	0.618978	0.124399	0.621583	0.533449	0.565891	0.626444	0.617925	0.568203	0.393593	0.521042	0.531224	0.591304	0.280321	0.619512	0.532588	0.465505	0.620178	0.612827	0.571429	0.635220	0.602881	0.631861	0.321956	0.521042	0.608838	0.483051	0.602410	0.275020	0.608819	0.617886	0.641124	0.623574	0.486486	0.600224	0.407342	0.561095	0.611180	0.441501	0.520033	0.597938	0.631579	0.604768	0.579256	0.458880	0.540117	0.226109	0.584980	0.580331	0.625185	0.572062	0.229228	0.626974	0.588028	0.207800	0.635057	0.571429	0.584392	0.602667	0.305470	0.133870	0.093716	0.328471	0.603509	0.592322	0.631724	0.613975	0.576663	0.495968	0.430155	0.583333	0.622642	0.613115	0.613692	0.635682	0.475925	0.613333	0.611413	0.280788	0.626292	0.135718	0.650000	0.588652	0.605839	0.614060	0.578265	0.542125	0.410926	0.596429	0.598616	0.481825	0.596120	0.519838	0.555849	0.569853	0.614719	0.542955	0.576842	0.113110	0.611842	0.569091	0.606557	0.190710	0.355216	0.627939	0.062934	0.620134	0.517928	0.562500	0.625767	0.327853	0.590684	0.389944	0.641679	0.021866	0.627204	0.640000	0.571949	0.607679	0.624187	0.621236	0.527849	0.365254	0.570902	0.502650	0.651685	0.566636	0.576208	0.650131	0.292417	0.577465	0.285364	0.505114	0.618182	0.583480	0.626667	0.509091	0.616564	0.607029	0.624187	0.622010	0.564663	0.473164	0.577465	0.507338	0.518815	0.589065	0.615137	0.483051	0.150011	0.501597	0.518367	0.600332	0.570423	0.572477	0.611465	0.484226	0.320037	0.608025	0.559546	0.599338	0.207122	0.552529	0.524194	0.550285	0.619565	0.531915	0.604545	0.607981	0.517159	0.603340	0.640244	0.550622	0.595265	0.609551	0.642857	0.620174	0.469613	0.342043	0.528600	0.612753	0.629121	0.624577	
0.605479	0.624862	0.595086	0.625604	0.552167	0.616375	0.542768	0.046087	0.640625	0.641753	0.634409	0.546392	0.628342	0.630769	0.646789	0.618858	0.613767	0.583717	0.629428	0.640625	0.430672	0.464347	0.605856	0.642759	0.628422	0.178071	0.565800	0.633721	0.602410	0.380390	0.483871	0.585438	0.619565	0.612766	0.464349	0.621170	0.647386	0.451684	0.563518	0.638614	0.609562	0.583740	0.506971	0.331881	0.613941	0.560897	0.482885	0.291377	0.634921	0.289265	0.628880	0.645598	0.349021	0.649057	0.581431	0.601736	0.615607	0.566038	0.607670	0.644608	0.350774	0.542484	0.626437	0.582160	0.591216	0.445300	0.551938	0.635934	0.594268	0.600541	0.643411	0.605263	0.374609	0.648128	0.659898	0.024025	0.621701	0.583266	0.372279	0.644351	0.613833	0.622386	0.590062	0.558480	0.623626	0.574694	0.617254	0.635678	0.356863	0.584591	0.117499	0.617978	0.627490	0.594761	0.592405	0.625381	0.172145	0.570533	0.588910	0.648438	1.000000	0.570533	0.634660	0.059022	0.595447	0.337302	0.609848	0.135118	0.429622	0.655696	0.451376	0.635394	0.499151	0.556837	0.635983	0.555210	0.129501	0.639324	0.471789	0.480907	0.299393	0.417209	0.350394	0.589928	0.056868	0.354184	0.640205	0.577959	0.650873	0.588598	0.350774	0.488189	0.534846	0.627685	0.648421	0.640523	0.237528	0.615558	0.506897	0.588336	0.592659	0.643016	0.633867	0.617904	0.608175	0.565625	0.605424	0.590604	0.313883	0.609819	0.651323	0.445165	0.649937	0.549020	0.465371	0.280361	0.644936	0.542763	0.589676	0.630027	0.283972	0.539972	0.343195	0.523681	0.529494	0.643939	0.631136	0.543247	0.602358	0.660694	0.521118	0.571429	0.638251	0.601835	0.511182	0.251199	0.613569	0.658286	0.596330	0.546115	0.507876	0.563403	0.271725	0.591350	0.467398	0.623950	0.645989	0.591549	0.612033	0.632653	0.536013	0.228400	0.563651	0.642353	0.557018	0.626832	0.598714	0.582848	0.602000	0.629744	0.412055	0.621871	0.626747	0.632628	0.626752	0.321813	0.599407	0.629291	0.614035	0.402321	0.616022	0.585949	0.585824	0.372816	0.610315	0.544077	0.635535	0.177844	0.531034	0.621232	0.423792	0.506944	0.619236	0.340374	0.614743	0.560124	0.461627	0.642438	0.585911	0.634715	0.409867	0.653670	0.320641	0.630491	0.616420	0.238136	0.627494	0.637019	0.633178	0.529453	0.561728	0.564437	0.557813	0.549273	0.493870	0.609582	0.594030	0.622177	0.186429	0.618721	0.623318	0.610315	0.618090	0.515172	0.120023	0.593373	0.495667	0.614341	0.320704	0.587009	0.625000	0.637131	0.606398	0.616279	0.597907	0.600583	0.646232	0.622166	0.445523	0.037992	0.343021	0.617608	0.606936	0.585691	0.614849	0.597015	0.379110	0.633727	0.585890	0.537077	0.517464	0.625344	0.628779	0.638021	0.639594	0.296748	0.646040	0.313975	0.550835	0.647643	0.612717	0.529293	0.372816	0.555911	0.343865	0.485714	0.648318	0.635870	0.622313	0.577039	0.604739	0.610315	0.572298	0.480697	0.644526	0.543372	0.567485	0.638251	0.148292	0.616279	0.210025	0.199381	0.553055	0.644391	0.636735	0.627595	0.512909	0.623684	0.632114	0.636670	0.610136	0.611215	0.587234	0.573228	0.520476	0.592481	0.641588	0.656354	0.634656	0.530201	0.635762	0.147509	0.614379	0.565111	0.580762	0.619552	0.620915	0.605472	0.347140	0.495606	0.560189	0.644571	0.327344	0.653933	0.587413	0.512957	0.626344	0.629386	0.604396	0.614731	0.650672	0.619339	0.374441	0.474517	0.619677	0.439114	0.571429	0.321319	0.626132	0.586861	0.644783	0.630966	0.525365	0.618899	0.451393	0.600183	0.614857	0.397706	0.572312	0.655355	0.636042	0.606690	0.595238	0.516809	0.516351	0.265442	0.608133	0.612580	0.636242	0.619342	0.269021	0.649496	0.567398	0.244386	0.626632	0.605042	0.547504	0.609756	0.355839	0.158592	0.111466	0.381777	0.609730	0.567261	0.641509	0.629905	0.603433	0.480565	0.391555	0.607516	0.611898	0.602941	0.635135	0.626866	0.512309	0.585075	0.625310	0.239496	0.621151	0.160752	0.619277	0.577287	0.596413	0.644068	0.611370	0.569707	0.460661	0.565079	0.570988	0.522743	0.552590	0.567050	0.583264	0.540717	0.644823	0.578606	0.588235	0.134273	0.592920	0.613675	0.619048	0.224665	0.407862	0.630517	0.075083	0.633129	0.493007	0.543974	0.625989	0.381082	0.604263	0.447312	0.637720	0.026195	0.631944	0.600000	0.549273	0.606876	0.624553	0.582026	0.578820	0.419990	0.564437	0.547807	0.652174	0.579178	0.539474	0.643541	0.341066	0.629699	0.333068	0.560776	0.610959	0.563380	0.634146	0.481416	0.639889	0.609195	0.634088	0.655629	0.542811	0.514132	0.579937	0.449726	0.548901	0.555730	0.578871	0.446494	0.177430	0.550681	0.467857	0.594354	0.583072	0.584483	0.659649	0.533147	0.372279	0.590529	0.534224	0.599407	0.243605	0.503425	0.484099	0.529313	0.632754	0.561920	0.625263	0.613883	0.547241	0.612840	0.611570	0.595318	0.606061	0.621483	0.616246	0.613975	0.511199	0.293279	0.495667	0.611501	0.614035	0.622780	
0.600000	0.550071	0.453838	0.585987	0.624113	0.478016	0.395948	0.024356	0.566092	0.590278	0.606618	0.378238	0.627737	0.589655	0.568452	0.607595	0.498818	0.629712	0.617978	0.545977	0.257042	0.282035	0.543605	0.628571	0.603175	0.097204	0.407858	0.606557	0.620690	0.218672	0.603352	0.638478	0.615672	0.637624	0.292585	0.602317	0.563662	0.271881	0.613527	0.565789	0.512438	0.405825	0.317852	0.188387	0.589744	0.641509	0.305014	0.163677	0.531544	0.162403	0.639556	0.562682	0.199000	0.601681	0.634573	0.485066	0.617886	0.637615	0.619247	0.581169	0.200091	0.621359	0.495261	0.637813	0.439024	0.270537	0.615730	0.578947	0.652268	0.459846	0.609756	0.621429	0.215022	0.541497	0.588435	0.012630	0.630705	0.419011	0.213554	0.537037	0.627530	0.597064	0.626126	0.373288	0.640152	0.407805	0.584270	0.610738	0.522581	0.407932	0.063185	0.613281	0.519900	0.641425	0.434518	0.522293	0.093830	0.643836	0.489362	0.605634	0.570533	1.000000	0.565749	0.031290	0.452229	0.493421	0.483645	0.072976	0.257042	0.603390	0.591304	0.542005	0.637532	0.619165	0.521164	0.399632	0.069845	0.594595	0.298772	0.296748	0.168526	0.243469	0.545455	0.462719	0.030132	0.202216	0.595525	0.421463	0.591362	0.605791	0.200091	0.301861	0.633094	0.564263	0.514667	0.612389	0.131611	0.558952	0.610526	0.447205	0.455834	0.558405	0.563798	0.553073	0.508095	0.401852	0.453871	0.483986	0.484848	0.599303	0.553064	0.265294	0.582915	0.660194	0.302905	0.157046	0.561457	0.642157	0.453871	0.626374	0.159215	0.357259	0.514658	0.342723	0.357843	0.597973	0.623782	0.391771	0.553888	0.556999	0.327110	0.388246	0.545455	0.474157	0.320879	0.139668	0.627615	0.539259	0.565476	0.372133	0.315789	0.414914	0.151872	0.456592	0.285714	0.523936	0.536054	0.476301	0.528796	0.500000	0.639798	0.126261	0.415634	0.572308	0.375000	0.553130	0.470191	0.427572	0.512500	0.518710	0.240132	0.601073	0.518703	0.606965	0.608547	0.182196	0.645570	0.566766	0.591973	0.234475	0.625954	0.643923	0.442842	0.565079	0.638554	0.349840	0.560472	0.097074	0.350400	0.621670	0.585799	0.638298	0.586762	0.193634	0.605010	0.398531	0.285714	0.560490	0.431535	0.615385	0.562691	0.556548	0.501672	0.602787	0.600368	0.131967	0.544160	0.560127	0.573171	0.352373	0.625000	0.421053	0.398148	0.610979	0.582210	0.530090	0.621277	0.521964	0.101979	0.559172	0.557803	0.650602	0.590604	0.341387	0.064583	0.625000	0.599469	0.483173	0.181517	0.416428	0.630282	0.534759	0.628131	0.647541	0.622601	0.609053	0.620926	0.585859	0.264813	0.020039	0.195274	0.613191	0.642276	0.423154	0.574018	0.449414	0.548896	0.549932	0.637168	0.368377	0.325409	0.612167	0.580542	0.588028	0.588435	0.472603	0.598684	0.177400	0.388193	0.587459	0.642276	0.340856	0.546032	0.633803	0.195798	0.605556	0.514725	0.604478	0.517375	0.640693	0.486550	0.642570	0.634573	0.311522	0.580750	0.642336	0.637168	0.553846	0.080352	0.647541	0.115567	0.109418	0.649289	0.567398	0.515385	0.581583	0.619423	0.625000	0.507653	0.557329	0.493947	0.487356	0.629703	0.634483	0.333333	0.632258	0.517834	0.547518	0.532982	0.636364	0.619820	0.079912	0.615929	0.425073	0.463415	0.573190	0.554318	0.460879	0.514658	0.612466	0.405229	0.560000	0.185593	0.559420	0.438559	0.335632	0.610294	0.561798	0.473094	0.600791	0.494062	0.586710	0.214917	0.628726	0.619543	0.596491	0.651885	0.181894	0.596859	0.622680	0.554364	0.555387	0.353511	0.524246	0.280949	0.470325	0.551111	0.551084	0.397072	0.527591	0.567026	0.548726	0.473094	0.332574	0.608924	0.148123	0.476190	0.472687	0.601835	0.523316	0.150257	0.562771	0.621005	0.135646	0.604240	0.479908	0.660333	0.580645	0.203248	0.086153	0.059852	0.219549	0.532414	0.637890	0.601681	0.522207	0.460860	0.606557	0.554517	0.525066	0.644269	0.637500	0.549419	0.633147	0.336147	0.651064	0.597360	0.405797	0.603291	0.087373	0.596825	0.649770	0.549133	0.599647	0.481100	0.440748	0.281853	0.665116	0.629464	0.344069	0.640732	0.396380	0.430983	0.623188	0.614565	0.419729	0.502439	0.072505	0.627615	0.447423	0.541436	0.124079	0.238692	0.573356	0.039960	0.582114	0.607527	0.628019	0.560584	0.219110	0.482366	0.263855	0.614525	0.013777	0.584337	0.607692	0.606205	0.618337	0.579030	0.590818	0.412729	0.245929	0.629540	0.367758	0.594502	0.449629	0.632353	0.584906	0.194063	0.469907	0.189119	0.380368	0.615094	0.637813	0.580645	0.630137	0.605364	0.608871	0.566510	0.549575	0.610979	0.340591	0.634703	0.605187	0.391421	0.622426	0.655804	0.578947	0.096838	0.386809	0.605556	0.630021	0.643836	0.447917	0.564885	0.355231	0.213554	0.602317	0.636591	0.624473	0.135185	0.645833	0.595628	0.634761	0.620462	0.401099	0.520000	0.537396	0.388246	0.497585	0.650190	0.433735	0.515192	0.587629	0.645914	0.555721	0.332322	0.467354	0.620690	0.631579	0.585284	0.538970	
0.621984	0.642162	0.579372	0.627962	0.547731	0.609248	0.556068	0.047805	0.646930	0.633838	0.647368	0.561863	0.633508	0.633166	0.648649	0.629389	0.634652	0.593703	0.626667	0.644737	0.445833	0.470322	0.639381	0.639676	0.638570	0.184244	0.583658	0.605114	0.602941	0.390266	0.459930	0.597968	0.625000	0.621359	0.476357	0.613079	0.646995	0.464149	0.539683	0.623786	0.629412	0.568218	0.514429	0.342385	0.622047	0.568750	0.497579	0.300830	0.630593	0.298661	0.636724	0.634146	0.359950	0.628853	0.582467	0.613485	0.607345	0.561350	0.590778	0.641827	0.360915	0.547771	0.633962	0.567939	0.591667	0.461035	0.568835	0.640371	0.594993	0.604444	0.632911	0.639175	0.386152	0.647739	0.641791	0.024931	0.604585	0.591820	0.383767	0.625514	0.619718	0.629674	0.578788	0.552023	0.629032	0.567284	0.638856	0.625616	0.346008	0.578824	0.121712	0.612637	0.637255	0.598496	0.594505	0.631369	0.178133	0.581040	0.613936	0.630102	0.634660	0.565749	1.000000	0.061207	0.606218	0.326923	0.613806	0.139916	0.435417	0.650124	0.438503	0.641509	0.512397	0.542536	0.627572	0.569892	0.134114	0.622485	0.486326	0.488180	0.309059	0.428784	0.339695	0.599291	0.058975	0.362720	0.644918	0.597905	0.650367	0.571429	0.361746	0.495501	0.556082	0.658080	0.631470	0.635083	0.245485	0.640089	0.503356	0.602369	0.605472	0.636166	0.640449	0.641631	0.624141	0.569444	0.605695	0.611898	0.304094	0.625316	0.630508	0.456347	0.637146	0.550955	0.482551	0.289517	0.644571	0.544872	0.591890	0.624672	0.293225	0.550624	0.336520	0.526104	0.538889	0.638614	0.614540	0.563718	0.632244	0.624862	0.518328	0.560119	0.640172	0.616637	0.509804	0.259547	0.602305	0.648709	0.628378	0.542714	0.512789	0.581616	0.280645	0.605744	0.468839	0.626033	0.639327	0.610546	0.648980	0.604418	0.528548	0.236092	0.573913	0.648961	0.556358	0.631229	0.609955	0.591619	0.627953	0.647830	0.422549	0.627097	0.634578	0.637363	0.651685	0.332061	0.600000	0.640449	0.631450	0.410749	0.613514	0.598540	0.591407	0.361582	0.605042	0.542234	0.655481	0.184010	0.538881	0.629012	0.429603	0.493243	0.614194	0.351090	0.609524	0.574713	0.475700	0.637514	0.589831	0.631980	0.394107	0.635135	0.310680	0.640506	0.627141	0.246110	0.647059	0.629717	0.646789	0.530500	0.587349	0.576490	0.569444	0.541732	0.490630	0.639920	0.583090	0.630303	0.192862	0.643498	0.623348	0.605042	0.640394	0.535023	0.124321	0.594118	0.499157	0.601145	0.330924	0.581156	0.632653	0.645228	0.612245	0.610795	0.578102	0.589744	0.635795	0.629630	0.453476	0.039415	0.353802	0.612613	0.612994	0.600985	0.630979	0.595671	0.363977	0.646251	0.586826	0.546619	0.516005	0.633423	0.638197	0.647959	0.636816	0.287402	0.640777	0.324022	0.559220	0.637470	0.618644	0.530313	0.361582	0.557632	0.353852	0.468750	0.625878	0.611702	0.636455	0.581121	0.614379	0.605042	0.570579	0.491985	0.644150	0.548644	0.583832	0.646617	0.153520	0.610795	0.217174	0.206210	0.561129	0.625293	0.628514	0.627545	0.499162	0.623711	0.628000	0.647514	0.631478	0.622468	0.624133	0.571429	0.568627	0.604993	0.628983	0.638436	0.642710	0.535948	0.643320	0.152712	0.635083	0.591754	0.599284	0.628902	0.650964	0.604003	0.336520	0.492308	0.574981	0.641975	0.337733	0.644592	0.575862	0.522025	0.644737	0.640086	0.611913	0.614958	0.631380	0.643457	0.385093	0.482051	0.596844	0.433692	0.578711	0.331555	0.631179	0.610556	0.639816	0.637714	0.540206	0.623085	0.451831	0.616772	0.617284	0.385900	0.569901	0.636079	0.656647	0.636467	0.606498	0.520548	0.505863	0.274188	0.617486	0.623540	0.633377	0.619433	0.277866	0.651265	0.562691	0.252540	0.647059	0.603496	0.558870	0.631579	0.366934	0.164151	0.115477	0.391678	0.637620	0.556082	0.614057	0.631908	0.607302	0.477663	0.379888	0.630390	0.620499	0.603448	0.634956	0.626826	0.527979	0.606414	0.647202	0.231707	0.618611	0.166380	0.654846	0.569231	0.625551	0.625798	0.618916	0.601019	0.473446	0.563467	0.593373	0.533244	0.569678	0.569266	0.598528	0.561905	0.626444	0.593600	0.610039	0.139044	0.602305	0.603710	0.638298	0.232248	0.421258	0.630408	0.077838	0.647413	0.506803	0.542857	0.643729	0.390971	0.624658	0.454158	0.621514	0.027182	0.634091	0.622283	0.541732	0.592701	0.640936	0.588563	0.581006	0.432649	0.546900	0.558635	0.661654	0.597066	0.535256	0.638498	0.351799	0.609259	0.343602	0.557111	0.619303	0.570992	0.638756	0.475043	0.620596	0.609551	0.643275	0.644252	0.538583	0.524634	0.571865	0.440497	0.561798	0.575804	0.602546	0.433692	0.183583	0.550075	0.468750	0.597968	0.556575	0.607143	0.626866	0.543823	0.383767	0.594005	0.536585	0.597101	0.251736	0.513333	0.481100	0.528548	0.630170	0.573394	0.623188	0.626866	0.551158	0.632184	0.628032	0.608911	0.637205	0.631579	0.624658	0.636670	0.528031	0.284024	0.499157	0.609053	0.633907	0.653649	
0.044145	0.068680	0.094059	0.057654	0.029178	0.092476	0.118394	0.632407	0.066919	0.050509	0.046086	0.127599	0.046640	0.051061	0.063659	0.047332	0.087047	0.033117	0.044700	0.066919	0.194575	0.176537	0.065834	0.043450	0.049267	0.450570	0.116208	0.038297	0.034940	0.229262	0.019974	0.036200	0.044977	0.040668	0.169755	0.042478	0.067326	0.183508	0.027909	0.054912	0.081454	0.111172	0.155175	0.265156	0.046363	0.029319	0.162310	0.302661	0.073541	0.304853	0.045671	0.065562	0.251507	0.053126	0.033959	0.085851	0.038856	0.031009	0.036900	0.056010	0.250175	0.027627	0.086781	0.031431	0.105198	0.184465	0.032274	0.060115	0.034800	0.095376	0.050233	0.048300	0.233122	0.072193	0.052163	0.525539	0.037459	0.111301	0.234706	0.075021	0.039135	0.055599	0.032134	0.128870	0.043867	0.110525	0.056970	0.053264	0.013122	0.114919	0.559828	0.041643	0.081454	0.032836	0.105328	0.078913	0.471034	0.031290	0.087047	0.049405	0.059022	0.031290	0.061207	1.000000	0.099710	0.012262	0.088374	0.530007	0.194575	0.052438	0.018123	0.072598	0.024375	0.026921	0.075021	0.118394	0.547829	0.057791	0.165979	0.167199	0.294573	0.205743	0.012835	0.095771	0.641017	0.247615	0.051199	0.110525	0.054088	0.032836	0.250175	0.164146	0.028332	0.059022	0.074214	0.048991	0.368190	0.065698	0.023099	0.102850	0.096429	0.067732	0.063931	0.069627	0.081320	0.117623	0.099841	0.086649	0.011258	0.050233	0.063251	0.188285	0.053401	0.027627	0.163535	0.314392	0.061889	0.027062	0.099841	0.046363	0.310465	0.136210	0.012692	0.142742	0.135958	0.052713	0.041782	0.122496	0.071923	0.066512	0.150346	0.123136	0.069492	0.092872	0.153568	0.348706	0.036900	0.064067	0.063659	0.130013	0.156286	0.113241	0.324130	0.098530	0.174120	0.074483	0.072193	0.089567	0.076096	0.078243	0.025507	0.380997	0.113629	0.060662	0.128870	0.065698	0.092740	0.107410	0.080919	0.077572	0.208658	0.048162	0.081186	0.054226	0.051750	0.273741	0.036340	0.063931	0.053539	0.213767	0.043312	0.035640	0.103503	0.013838	0.039693	0.139482	0.064475	0.457725	0.139230	0.048715	0.017125	0.022532	0.048162	0.258248	0.042617	0.118779	0.174120	0.061071	0.102589	0.049958	0.015554	0.063659	0.011545	0.050233	0.045948	0.366609	0.067732	0.058202	0.061480	0.138350	0.032696	0.110654	0.117623	0.028614	0.021822	0.078377	0.035780	0.077438	0.445701	0.064203	0.066377	0.039693	0.053264	0.143367	0.562285	0.034940	0.022673	0.085186	0.274714	0.113370	0.049405	0.073945	0.042617	0.038297	0.035640	0.038018	0.051474	0.052989	0.188642	0.608465	0.256154	0.048438	0.038856	0.107540	0.062298	0.099317	0.014124	0.071653	0.033257	0.131534	0.151214	0.043589	0.057517	0.049405	0.052163	0.010540	0.054912	0.280741	0.122496	0.054638	0.038856	0.143617	0.013838	0.029601	0.255492	0.020259	0.078377	0.044977	0.077841	0.034660	0.088241	0.039693	0.033959	0.158626	0.055599	0.027486	0.033257	0.069492	0.512861	0.038297	0.403919	0.421682	0.029037	0.059022	0.078243	0.056421	0.023241	0.048300	0.078779	0.065970	0.084388	0.090229	0.040668	0.030868	0.147237	0.035080	0.075155	0.068139	0.075290	0.025365	0.047609	0.512053	0.048991	0.110006	0.094454	0.060525	0.069898	0.098530	0.012692	0.021538	0.116465	0.064067	0.268970	0.066105	0.099972	0.146115	0.046086	0.069086	0.093136	0.040808	0.086516	0.056147	0.233235	0.021538	0.037319	0.017695	0.033117	0.274173	0.050096	0.037878	0.061071	0.061889	0.137847	0.075962	0.177260	0.093268	0.064067	0.014982	0.119293	0.073271	0.060525	0.062979	0.093136	0.147610	0.023241	0.331537	0.091816	0.093795	0.046225	0.077170	0.327284	0.066512	0.031290	0.358449	0.049129	0.090361	0.028896	0.056559	0.246389	0.483051	0.579462	0.228351	0.070844	0.028332	0.053126	0.073271	0.095113	0.021112	0.014696	0.075290	0.040808	0.037179	0.065834	0.045116	0.145866	0.035780	0.054638	0.008239	0.046502	0.490712	0.057928	0.030727	0.066377	0.049267	0.090626	0.102328	0.176657	0.030164	0.032696	0.142116	0.031150	0.120832	0.108190	0.027909	0.048715	0.111690	0.083588	0.539360	0.036900	0.103372	0.070708	0.387010	0.209938	0.052851	0.632845	0.055873	0.021964	0.027909	0.065426	0.228806	0.091419	0.189356	0.045116	0.554828	0.062570	0.042756	0.028614	0.035640	0.059159	0.040111	0.112078	0.203637	0.027768	0.131788	0.051336	0.099841	0.027062	0.058749	0.257697	0.089434	0.264172	0.125434	0.044145	0.031431	0.056559	0.020969	0.043034	0.039414	0.059159	0.068274	0.028614	0.143742	0.031290	0.018408	0.122624	0.031150	0.038716	0.017695	0.461981	0.123008	0.020259	0.036200	0.031290	0.102066	0.061344	0.137092	0.234706	0.042478	0.025790	0.036340	0.358810	0.023666	0.021112	0.025507	0.054638	0.119165	0.074214	0.070438	0.123136	0.084654	0.043589	0.106760	0.075155	0.051336	0.041921	0.063795	0.147735	0.010396	0.022673	0.041782	0.053539	0.075155	
0.533849	0.611707	0.604419	0.584806	0.427184	0.645579	0.625157	0.078217	0.620000	0.577778	0.551527	0.630566	0.549430	0.571956	0.603741	0.556291	0.638519	0.467016	0.537572	0.601667	0.556159	0.581429	0.607383	0.532556	0.567694	0.288623	0.639542	0.510081	0.481405	0.528121	0.322506	0.479017	0.542308	0.519326	0.589705	0.514677	0.615129	0.592908	0.416122	0.553957	0.628440	0.606258	0.611052	0.486391	0.537143	0.437500	0.610309	0.430818	0.613291	0.437988	0.545455	0.610084	0.504251	0.571429	0.455775	0.620433	0.493976	0.451064	0.490835	0.585714	0.487189	0.414847	0.640950	0.453871	0.642473	0.586905	0.461538	0.582609	0.473630	0.634112	0.560297	0.573308	0.524990	0.621469	0.578755	0.041098	0.498986	0.630619	0.526027	0.623810	0.511022	0.585497	0.451477	0.618421	0.534884	0.621321	0.603372	0.576364	0.223587	0.629559	0.194459	0.523622	0.626911	0.461700	0.636669	0.648565	0.279582	0.443737	0.641481	0.565299	0.595447	0.452229	0.606218	0.099710	1.000000	0.210396	0.622059	0.222256	0.552536	0.559415	0.296820	0.628019	0.380739	0.408342	0.619048	0.632704	0.213432	0.586055	0.597970	0.587879	0.453754	0.564481	0.219212	0.648305	0.096144	0.493633	0.564055	0.640942	0.584087	0.453305	0.506498	0.605627	0.423453	0.586690	0.615630	0.563143	0.377349	0.612930	0.364253	0.639456	0.643209	0.613599	0.612903	0.618033	0.636572	0.617424	0.644091	0.629547	0.194757	0.565863	0.584825	0.577262	0.575840	0.412664	0.592821	0.430610	0.605331	0.407895	0.624741	0.552381	0.439324	0.627746	0.217016	0.610550	0.631944	0.565693	0.534907	0.644883	0.609539	0.594820	0.629409	0.633067	0.628384	0.639885	0.594971	0.396703	0.490835	0.597116	0.607143	0.597264	0.617663	0.651613	0.419717	0.656924	0.569465	0.614650	0.626312	0.639883	0.623028	0.588785	0.392897	0.363957	0.638764	0.604853	0.637560	0.606213	0.648959	0.636545	0.631902	0.622361	0.552405	0.543744	0.649311	0.585366	0.574839	0.480055	0.496933	0.606112	0.580762	0.543845	0.525292	0.491264	0.649492	0.234432	0.506986	0.627563	0.597293	0.288278	0.625998	0.556701	0.282660	0.356818	0.555033	0.495300	0.508309	0.640301	0.594993	0.606742	0.641689	0.568773	0.259928	0.598639	0.199253	0.565863	0.529131	0.378237	0.618574	0.577465	0.600000	0.622782	0.470588	0.630065	0.642677	0.420368	0.345143	0.631907	0.486653	0.622848	0.301313	0.611864	0.602007	0.510978	0.587273	0.624510	0.198463	0.466942	0.358683	0.609281	0.478574	0.629271	0.576493	0.624601	0.518084	0.506048	0.476876	0.486869	0.564857	0.575592	0.577386	0.064666	0.498726	0.555869	0.502008	0.628154	0.595197	0.643105	0.238733	0.629960	0.464435	0.639102	0.598919	0.528155	0.594164	0.552239	0.562271	0.183417	0.591727	0.470905	0.635018	0.574775	0.514056	0.627166	0.234432	0.432258	0.496899	0.326389	0.624125	0.532692	0.644809	0.472050	0.635762	0.506986	0.472425	0.604188	0.581916	0.417486	0.466527	0.613618	0.242821	0.506048	0.336749	0.320834	0.434125	0.581436	0.627726	0.594835	0.366102	0.552632	0.616460	0.601844	0.646617	0.631732	0.517344	0.447284	0.614961	0.478844	0.618557	0.605459	0.624406	0.393333	0.547686	0.241604	0.565014	0.636066	0.644381	0.603643	0.618658	0.647182	0.217016	0.343643	0.646349	0.608991	0.483240	0.603015	0.620166	0.630182	0.545802	0.620066	0.628940	0.500990	0.637444	0.594112	0.517703	0.343643	0.513706	0.290780	0.462827	0.475275	0.564531	0.505561	0.606742	0.613929	0.633391	0.626677	0.554532	0.645669	0.610687	0.251511	0.641202	0.622294	0.608846	0.609735	0.627507	0.601867	0.366102	0.416643	0.643579	0.633833	0.545281	0.639498	0.418836	0.629908	0.443737	0.386820	0.560748	0.619636	0.430270	0.585409	0.514479	0.258769	0.184863	0.529012	0.637917	0.421281	0.576888	0.628709	0.637845	0.335632	0.247273	0.618067	0.524752	0.500000	0.595638	0.545629	0.614278	0.492813	0.598198	0.146154	0.559467	0.262099	0.601411	0.445629	0.605351	0.550887	0.649237	0.642565	0.581147	0.438972	0.462185	0.631401	0.437832	0.651336	0.644606	0.416122	0.556701	0.641092	0.616314	0.220932	0.494908	0.648575	0.635179	0.357957	0.553228	0.577940	0.126123	0.582663	0.349315	0.420479	0.605551	0.532161	0.629067	0.575786	0.547550	0.044775	0.597603	0.529297	0.420368	0.485098	0.591426	0.503483	0.613887	0.561926	0.414395	0.644248	0.570902	0.638563	0.414474	0.598246	0.500543	0.614035	0.491489	0.626140	0.541586	0.447508	0.583630	0.336018	0.539961	0.504000	0.579178	0.614876	0.422535	0.613408	0.447983	0.300823	0.637092	0.448459	0.500503	0.290780	0.287647	0.624846	0.326389	0.493347	0.445860	0.648907	0.595341	0.632124	0.525245	0.528376	0.396456	0.486708	0.385684	0.367117	0.337931	0.392897	0.576577	0.644110	0.620415	0.615008	0.624462	0.647147	0.541748	0.648000	0.628073	0.572744	0.528487	0.606627	0.613611	0.181132	0.356413	0.519174	0.589837	0.629659	
0.409091	0.295652	0.222222	0.344130	0.512111	0.225764	0.178571	0.009524	0.302491	0.384615	0.409756	0.166016	0.400966	0.381166	0.315985	0.396181	0.238764	0.466877	0.420000	0.302491	0.108280	0.119803	0.306859	0.429668	0.387991	0.038884	0.181818	0.468927	0.484848	0.090958	0.616071	0.477876	0.407960	0.420485	0.124725	0.432292	0.300885	0.115098	0.557143	0.358650	0.253731	0.189732	0.136656	0.077590	0.407767	0.531034	0.130568	0.066876	0.278232	0.066329	0.412776	0.307971	0.082245	0.368764	0.495356	0.241821	0.458101	0.523179	0.470930	0.352697	0.082725	0.503597	0.239437	0.518033	0.200000	0.114478	0.469453	0.332031	0.492401	0.219355	0.381818	0.380282	0.089333	0.282862	0.374449	0.004921	0.465517	0.189521	0.088680	0.273312	0.461111	0.350731	0.509677	0.164410	0.426396	0.190797	0.347648	0.367965	0.647727	0.183784	0.025007	0.433862	0.253731	0.507937	0.199765	0.261137	0.037494	0.519737	0.238764	0.387097	0.337302	0.493421	0.326923	0.012262	0.210396	1.000000	0.235457	0.028971	0.108280	0.372807	0.568720	0.281457	0.517647	0.571429	0.273312	0.178571	0.027701	0.343434	0.127628	0.126677	0.068966	0.102102	0.563218	0.218509	0.011804	0.083661	0.380313	0.190797	0.363248	0.495238	0.082725	0.129081	0.501767	0.337302	0.275974	0.385151	0.053225	0.307414	0.560976	0.204327	0.217114	0.299296	0.314815	0.292096	0.254111	0.179704	0.210136	0.239774	0.638037	0.354545	0.317757	0.112063	0.367171	0.525180	0.129573	0.064030	0.323810	0.525547	0.210136	0.402913	0.064960	0.155678	0.601156	0.148601	0.155963	0.371179	0.437995	0.172764	0.283806	0.304114	0.141079	0.171891	0.292599	0.224868	0.138099	0.056629	0.476744	0.314233	0.312268	0.162991	0.135674	0.186404	0.061818	0.212766	0.121515	0.275081	0.282862	0.232558	0.269841	0.263158	0.547529	0.050975	0.185792	0.329457	0.164410	0.307414	0.225166	0.196078	0.255255	0.265211	0.100592	0.385882	0.254491	0.362473	0.372506	0.074890	0.482353	0.314815	0.362069	0.098039	0.430769	0.477612	0.203106	0.563536	0.450549	0.152057	0.312500	0.038831	0.152330	0.386946	0.558824	0.561983	0.400000	0.079887	0.431169	0.178010	0.121515	0.327553	0.204819	0.383562	0.569948	0.315985	0.533333	0.386364	0.415648	0.053375	0.299296	0.341365	0.325670	0.153291	0.496815	0.190583	0.179704	0.526316	0.582278	0.262751	0.464286	0.265625	0.040856	0.313653	0.304659	0.439560	0.363636	0.147955	0.025572	0.484848	0.551440	0.243553	0.074594	0.186199	0.391705	0.276873	0.431169	0.423729	0.471642	0.465909	0.378619	0.365217	0.111842	0.007826	0.080607	0.393443	0.446927	0.195853	0.321970	0.211180	0.655738	0.284757	0.496855	0.161137	0.140264	0.423469	0.344828	0.382488	0.370044	0.531646	0.350211	0.072805	0.172764	0.360169	0.441341	0.147698	0.552486	0.513699	0.080837	0.601770	0.262751	0.407960	0.264386	0.475610	0.235784	0.450549	0.476780	0.133648	0.354906	0.512635	0.471698	0.292599	0.031973	0.423729	0.046499	0.043939	0.506944	0.337302	0.263158	0.342268	0.582996	0.394366	0.261538	0.306306	0.245665	0.230978	0.436658	0.498339	0.144068	0.477341	0.272873	0.297723	0.272436	0.541985	0.403800	0.031794	0.389791	0.191657	0.221354	0.326214	0.291096	0.212766	0.670520	0.587234	0.181430	0.314233	0.076370	0.305755	0.209877	0.145175	0.395122	0.294118	0.224274	0.446237	0.240113	0.347826	0.089286	0.561702	0.443804	0.576923	0.485804	0.074758	0.373576	0.455840	0.327553	0.323810	0.153846	0.270270	0.119298	0.223979	0.314233	0.624339	0.177268	0.279146	0.330097	0.318949	0.224274	0.143702	0.591093	0.060220	0.227273	0.222805	0.413625	0.266458	0.061129	0.304114	0.526316	0.054927	0.393519	0.230665	0.494774	0.345679	0.084117	0.034343	0.023664	0.091349	0.287648	0.572438	0.360087	0.279146	0.219922	0.603448	0.588235	0.272436	0.435484	0.462428	0.306859	0.411911	0.145423	0.452381	0.360169	0.563380	0.382567	0.034843	0.342742	0.520000	0.304659	0.392610	0.230041	0.205314	0.119718	0.500000	0.484076	0.149254	0.488449	0.175077	0.194731	0.528571	0.396270	0.188889	0.247813	0.028779	0.453488	0.203349	0.288136	0.050059	0.099941	0.366013	0.015701	0.353430	0.571429	0.514286	0.308530	0.091153	0.228188	0.111402	0.406948	0.005370	0.320755	0.430052	0.519298	0.495522	0.336634	0.446866	0.188261	0.103218	0.537634	0.160833	0.379464	0.210136	0.503650	0.338645	0.080075	0.232877	0.077910	0.168818	0.414141	0.504918	0.345679	0.502165	0.427835	0.453039	0.336634	0.297203	0.547368	0.147569	0.513158	0.563380	0.172589	0.475248	0.453782	0.644231	0.038733	0.172065	0.566372	0.460177	0.506579	0.205811	0.326296	0.154686	0.088680	0.427083	0.558491	0.470588	0.054733	0.552000	0.560345	0.524715	0.360169	0.177453	0.275974	0.289116	0.171891	0.244957	0.423469	0.197216	0.272873	0.375000	0.436842	0.315399	0.143581	0.624204	0.518519	0.432718	0.366379	0.272873	
0.563291	0.610470	0.610478	0.588910	0.456599	0.652874	0.589096	0.069235	0.626571	0.567404	0.571726	0.615482	0.575569	0.589178	0.611009	0.558187	0.623418	0.483314	0.556723	0.642729	0.536287	0.571284	0.634720	0.555673	0.588832	0.258733	0.640215	0.543046	0.514739	0.502272	0.358247	0.520763	0.549266	0.535211	0.560836	0.553419	0.617726	0.558896	0.459135	0.614035	0.648118	0.640884	0.594655	0.457893	0.578838	0.475059	0.570658	0.405947	0.624248	0.397432	0.563087	0.606884	0.457426	0.621915	0.502857	0.627888	0.540659	0.480094	0.526786	0.607350	0.468738	0.440964	0.616482	0.487748	0.640514	0.538046	0.470452	0.609023	0.510783	0.628485	0.588710	0.556237	0.492872	0.626193	0.606362	0.036298	0.524444	0.641822	0.494127	0.637138	0.539474	0.581959	0.491879	0.627995	0.562368	0.634789	0.580211	0.605523	0.250000	0.640487	0.173333	0.550538	0.638298	0.495963	0.645759	0.613466	0.250492	0.488318	0.615506	0.574037	0.609848	0.483645	0.613806	0.088374	0.622059	0.235457	1.000000	0.198442	0.525919	0.619048	0.330275	0.633218	0.413879	0.448485	0.642249	0.626330	0.190462	0.609360	0.560510	0.581837	0.414982	0.518719	0.245179	0.616541	0.085195	0.472910	0.582583	0.630631	0.611765	0.507497	0.468738	0.572499	0.452695	0.592803	0.652397	0.579858	0.340096	0.617195	0.401003	0.622832	0.611236	0.616071	0.584249	0.596120	0.620803	0.632844	0.640705	0.612213	0.218182	0.556452	0.625575	0.555824	0.604926	0.460241	0.537554	0.392267	0.627669	0.443099	0.631888	0.560166	0.399495	0.616788	0.242759	0.609670	0.594397	0.598020	0.537057	0.605469	0.618593	0.637264	0.578258	0.624270	0.617829	0.639144	0.594504	0.358469	0.535714	0.633120	0.590826	0.618182	0.585042	0.622951	0.385827	0.618801	0.568939	0.610256	0.626193	0.598597	0.631134	0.631052	0.429448	0.327759	0.605317	0.614232	0.633039	0.602715	0.609028	0.649753	0.615764	0.630344	0.533452	0.587513	0.650820	0.585700	0.592223	0.437279	0.508969	0.604396	0.594488	0.504812	0.569002	0.507328	0.613391	0.261937	0.541485	0.609581	0.618613	0.258418	0.605516	0.570846	0.314815	0.387909	0.593654	0.458955	0.569904	0.603849	0.551512	0.605042	0.603473	0.589899	0.289933	0.636697	0.223152	0.576613	0.574402	0.340915	0.612500	0.620952	0.612663	0.604455	0.491917	0.606648	0.620828	0.465950	0.382763	0.622185	0.502252	0.614094	0.270316	0.599634	0.600000	0.539301	0.593688	0.587889	0.176944	0.512472	0.389937	0.646400	0.444366	0.647099	0.565923	0.646655	0.565635	0.520971	0.516347	0.539823	0.601399	0.579051	0.559846	0.057194	0.456219	0.572012	0.527473	0.647887	0.611111	0.633751	0.266667	0.633594	0.494253	0.594897	0.608844	0.550847	0.595215	0.588235	0.604374	0.205634	0.578947	0.432975	0.609375	0.595703	0.525275	0.618908	0.261937	0.462085	0.467797	0.359897	0.640534	0.578616	0.637657	0.511364	0.639434	0.539301	0.498286	0.563596	0.583899	0.451146	0.494253	0.640777	0.217073	0.520971	0.302757	0.288170	0.464286	0.632576	0.624374	0.599807	0.397997	0.582822	0.643927	0.634146	0.628617	0.655280	0.539545	0.464244	0.595843	0.507361	0.651915	0.634016	0.639456	0.420147	0.585817	0.215969	0.596134	0.621265	0.613636	0.590440	0.607394	0.624722	0.242759	0.381194	0.595030	0.611162	0.449244	0.629964	0.638767	0.585026	0.573805	0.612389	0.632061	0.569264	0.649206	0.591304	0.496743	0.378653	0.520578	0.323684	0.492520	0.442321	0.567104	0.533776	0.608777	0.586815	0.587809	0.618120	0.547294	0.613272	0.592864	0.280702	0.619457	0.639104	0.594189	0.606452	0.624427	0.604035	0.405507	0.377481	0.638462	0.647909	0.573209	0.608403	0.382238	0.637264	0.485981	0.349328	0.593496	0.629946	0.452920	0.589595	0.476487	0.231552	0.164685	0.502279	0.612423	0.457485	0.598223	0.601206	0.627925	0.372449	0.276049	0.627551	0.534632	0.510022	0.650995	0.559162	0.596165	0.513514	0.595703	0.164265	0.559585	0.234579	0.601145	0.481221	0.601802	0.601015	0.625871	0.624638	0.550710	0.471698	0.501155	0.589001	0.474854	0.631648	0.625965	0.456731	0.587156	0.626722	0.607431	0.197244	0.515625	0.635447	0.605954	0.322695	0.517532	0.589515	0.111961	0.619555	0.387342	0.451923	0.621940	0.493173	0.618350	0.554379	0.548691	0.039554	0.598891	0.560768	0.463560	0.518602	0.592242	0.531012	0.629553	0.520236	0.447653	0.621504	0.588000	0.624541	0.428571	0.607211	0.461308	0.658346	0.459400	0.633740	0.561181	0.473746	0.601156	0.365262	0.572340	0.527352	0.616840	0.631673	0.465950	0.586854	0.476636	0.334641	0.608979	0.470175	0.521452	0.323684	0.257843	0.625974	0.359897	0.520763	0.492991	0.619739	0.628145	0.604482	0.486027	0.551282	0.433293	0.520179	0.348278	0.408978	0.367347	0.422086	0.583984	0.613245	0.628425	0.607018	0.621674	0.621188	0.546610	0.628006	0.616170	0.590000	0.547210	0.597617	0.577189	0.203103	0.394969	0.541353	0.580709	0.621277	
0.102068	0.156225	0.210429	0.132106	0.068148	0.207100	0.260752	0.471652	0.152396	0.116287	0.106418	0.279381	0.107657	0.117513	0.145285	0.109204	0.195632	0.077140	0.103313	0.152396	0.392130	0.370100	0.150032	0.100509	0.113521	0.588083	0.256294	0.088896	0.081287	0.440597	0.046944	0.084148	0.103934	0.094249	0.360572	0.098323	0.153281	0.383554	0.065239	0.126053	0.183731	0.245981	0.333621	0.471543	0.107038	0.068470	0.347143	0.519175	0.166746	0.540128	0.105487	0.149440	0.481906	0.122098	0.079057	0.193095	0.090159	0.072333	0.085733	0.128479	0.447827	0.064592	0.195069	0.073297	0.233659	0.387303	0.075221	0.137520	0.080969	0.213193	0.115673	0.111365	0.449151	0.163836	0.119961	0.287397	0.087000	0.246247	0.443598	0.169937	0.090789	0.127570	0.074900	0.281937	0.101445	0.244650	0.130596	0.122403	0.030984	0.253661	0.627401	0.096445	0.183731	0.076501	0.233929	0.178296	0.624902	0.072976	0.195632	0.113829	0.135118	0.072976	0.139916	0.530007	0.222256	0.028971	0.198442	1.000000	0.391855	0.120572	0.042647	0.164710	0.057114	0.062971	0.169937	0.260752	0.639459	0.132408	0.352489	0.354545	0.518192	0.416135	0.030313	0.214021	0.517214	0.465201	0.117819	0.244650	0.124230	0.076501	0.465110	0.350392	0.066210	0.135118	0.168198	0.112906	0.581197	0.149736	0.054172	0.228790	0.215399	0.154165	0.145880	0.158280	0.183446	0.259181	0.222530	0.194787	0.026617	0.115673	0.144393	0.387526	0.122707	0.064592	0.349786	0.545193	0.141411	0.063295	0.222530	0.107038	0.537102	0.296613	0.029978	0.309559	0.296111	0.121183	0.096758	0.269081	0.163252	0.151510	0.324497	0.270375	0.157987	0.207933	0.330206	0.530115	0.085733	0.146177	0.145285	0.284231	0.335491	0.250227	0.527936	0.219794	0.361561	0.168778	0.163836	0.200964	0.172250	0.176860	0.059722	0.586073	0.251021	0.138719	0.281937	0.149736	0.207655	0.238233	0.182590	0.175422	0.417163	0.111057	0.183161	0.124534	0.119044	0.503263	0.084465	0.145880	0.123012	0.428149	0.100197	0.082878	0.230145	0.032659	0.092049	0.303110	0.147068	0.614728	0.302612	0.112290	0.040325	0.052862	0.111057	0.479683	0.098636	0.261536	0.368606	0.139617	0.228248	0.115059	0.036666	0.145285	0.027290	0.115673	0.106108	0.568051	0.154165	0.133312	0.140514	0.300867	0.076181	0.244917	0.259181	0.066856	0.051222	0.177147	0.083195	0.175134	0.612841	0.146474	0.151215	0.092049	0.122403	0.310793	0.626438	0.081287	0.053190	0.191682	0.484142	0.250492	0.113829	0.167617	0.098636	0.088896	0.082878	0.088264	0.118432	0.121793	0.386257	0.416250	0.482644	0.111673	0.090159	0.238501	0.142306	0.221436	0.033328	0.162669	0.077460	0.287280	0.325615	0.100821	0.131804	0.113829	0.119961	0.024932	0.126053	0.510644	0.269081	0.125446	0.090159	0.311286	0.032659	0.069115	0.474811	0.047603	0.177147	0.103934	0.175997	0.080651	0.198162	0.092049	0.079057	0.340603	0.127570	0.064268	0.077460	0.157987	0.632955	0.088896	0.574514	0.592035	0.067825	0.135118	0.176860	0.129387	0.054500	0.111365	0.178009	0.150328	0.189984	0.202362	0.094249	0.072012	0.318407	0.081606	0.170226	0.155049	0.170516	0.059396	0.109822	0.629244	0.112906	0.243584	0.211259	0.138419	0.158867	0.219794	0.029978	0.050565	0.256820	0.146177	0.493185	0.150624	0.222803	0.316203	0.106418	0.157106	0.208488	0.094563	0.194505	0.128782	0.439884	0.050565	0.086683	0.041653	0.077140	0.499749	0.115366	0.087948	0.139617	0.141411	0.299868	0.171961	0.366419	0.208766	0.146177	0.035332	0.262581	0.166165	0.138419	0.143797	0.208488	0.318558	0.054500	0.552517	0.205709	0.209875	0.106728	0.174558	0.529072	0.151510	0.072976	0.567497	0.113214	0.202642	0.067502	0.129690	0.465345	0.612322	0.629871	0.437889	0.160916	0.066210	0.122098	0.166165	0.212641	0.049578	0.034664	0.170516	0.094563	0.086367	0.150032	0.104245	0.315422	0.083195	0.125446	0.019521	0.107347	0.628912	0.132709	0.071691	0.151215	0.113521	0.203200	0.227705	0.373139	0.070404	0.076181	0.308322	0.072655	0.265707	0.239842	0.065239	0.112290	0.247045	0.188283	0.632314	0.085733	0.229875	0.160623	0.587640	0.423030	0.121488	0.575855	0.128176	0.051550	0.065239	0.149144	0.443739	0.204874	0.389258	0.104245	0.309624	0.142903	0.098948	0.066856	0.082878	0.135418	0.092993	0.247841	0.414432	0.064916	0.287787	0.118126	0.222530	0.063295	0.134516	0.476665	0.200685	0.483756	0.275019	0.102068	0.073297	0.129690	0.049249	0.099573	0.091419	0.135418	0.155343	0.066856	0.311533	0.072976	0.043309	0.269340	0.072655	0.089843	0.041653	0.626747	0.270117	0.047603	0.084148	0.072976	0.227161	0.140215	0.298367	0.461195	0.098323	0.060372	0.084465	0.548387	0.055481	0.049578	0.059722	0.125446	0.262320	0.168198	0.160038	0.270375	0.190551	0.100821	0.236890	0.170226	0.118126	0.097071	0.145583	0.319384	0.024594	0.053190	0.096758	0.123012	0.170226	
0.345212	0.462785	0.548730	0.419219	0.241563	0.537854	0.574830	0.154294	0.459735	0.384365	0.359116	0.599835	0.362734	0.386782	0.440660	0.365036	0.519886	0.270239	0.350000	0.452599	0.641751	0.627882	0.462641	0.341709	0.377523	0.476784	0.588437	0.306727	0.283237	0.633833	0.171182	0.292122	0.349612	0.322981	0.627579	0.335202	0.459033	0.630518	0.232143	0.405550	0.514010	0.578397	0.627837	0.626009	0.360927	0.242604	0.625463	0.594622	0.483342	0.575826	0.355285	0.453893	0.603404	0.397636	0.276262	0.521160	0.310580	0.254994	0.297018	0.410202	0.616498	0.230036	0.524171	0.258065	0.566222	0.623224	0.264173	0.430962	0.282244	0.547126	0.383696	0.371303	0.631547	0.479760	0.393743	0.082624	0.300915	0.577275	0.630087	0.486647	0.312500	0.409792	0.263158	0.607231	0.344482	0.566565	0.411858	0.399570	0.115482	0.590968	0.361796	0.329584	0.510145	0.268222	0.567748	0.503169	0.463094	0.257042	0.517992	0.378408	0.429622	0.257042	0.435417	0.194575	0.552536	0.108280	0.525919	0.391855	1.000000	0.395474	0.156425	0.484032	0.205438	0.224746	0.490603	0.588435	0.390341	0.418997	0.634700	0.628009	0.590427	0.627732	0.113088	0.543618	0.187951	0.631702	0.386573	0.572676	0.401499	0.268222	0.622287	0.617593	0.235294	0.424370	0.480159	0.373566	0.545929	0.457757	0.195626	0.561828	0.544205	0.462398	0.446392	0.466196	0.512325	0.593350	0.549570	0.512091	0.099808	0.383696	0.451680	0.639698	0.395062	0.230036	0.600295	0.579531	0.445714	0.225806	0.550475	0.358720	0.587005	0.608347	0.111888	0.610063	0.601606	0.397201	0.330523	0.586409	0.473237	0.453292	0.611132	0.591879	0.470469	0.541744	0.629418	0.575193	0.297018	0.447192	0.447884	0.602538	0.628722	0.584775	0.580241	0.549341	0.629511	0.489594	0.481759	0.524636	0.491626	0.502444	0.214071	0.540232	0.565875	0.437370	0.603944	0.455709	0.537355	0.560212	0.503388	0.496815	0.649191	0.369315	0.500000	0.401284	0.387898	0.603270	0.293103	0.446392	0.400215	0.625399	0.340782	0.288184	0.568619	0.121442	0.316327	0.619539	0.450617	0.480097	0.608903	0.372881	0.148379	0.191230	0.370411	0.623583	0.336134	0.580042	0.615220	0.431475	0.548879	0.381937	0.135593	0.454076	0.102236	0.383696	0.358209	0.569248	0.459350	0.422550	0.439126	0.608210	0.267211	0.575044	0.587383	0.237389	0.185706	0.497313	0.289171	0.491176	0.481568	0.449022	0.455567	0.316327	0.399570	0.614359	0.368539	0.283237	0.192331	0.527169	0.620277	0.585387	0.380589	0.493545	0.336134	0.306727	0.288184	0.304795	0.389400	0.395699	0.644521	0.128444	0.617270	0.371100	0.310580	0.583774	0.443983	0.557823	0.123816	0.477717	0.271246	0.600407	0.613323	0.341518	0.415214	0.376227	0.391586	0.093710	0.401281	0.607229	0.584732	0.409188	0.310580	0.620933	0.121442	0.244681	0.621182	0.173432	0.495359	0.351831	0.502203	0.281250	0.534653	0.316327	0.276262	0.612275	0.411921	0.228980	0.271246	0.463402	0.422808	0.306727	0.529668	0.518125	0.240521	0.430672	0.490714	0.415915	0.196721	0.371303	0.498537	0.455243	0.512428	0.540262	0.321852	0.253968	0.624806	0.284229	0.490361	0.466768	0.485178	0.212996	0.367930	0.433674	0.376843	0.578050	0.554428	0.432376	0.473790	0.552069	0.111888	0.183486	0.581943	0.451314	0.613900	0.458078	0.546606	0.622326	0.358011	0.470172	0.534754	0.323928	0.524668	0.416357	0.639225	0.183486	0.299943	0.152985	0.270239	0.620033	0.382817	0.303826	0.433559	0.437403	0.602794	0.492854	0.622301	0.545623	0.451314	0.130900	0.575668	0.487805	0.432376	0.445939	0.543095	0.624855	0.196721	0.581577	0.530726	0.543689	0.360022	0.486752	0.601292	0.460439	0.257042	0.564182	0.374454	0.533458	0.239478	0.414634	0.628471	0.453543	0.345993	0.629255	0.475138	0.235294	0.398710	0.474863	0.541187	0.180147	0.128544	0.489130	0.323928	0.298969	0.458547	0.352745	0.615025	0.289171	0.402778	0.073930	0.360728	0.449753	0.418776	0.252941	0.453524	0.377523	0.534829	0.567325	0.632624	0.248821	0.267211	0.611264	0.256019	0.589625	0.570172	0.232143	0.375068	0.567826	0.512943	0.400712	0.297018	0.550089	0.477387	0.529608	0.632699	0.399139	0.242905	0.408293	0.186813	0.232143	0.454126	0.637060	0.528671	0.645249	0.351636	0.089845	0.445596	0.337066	0.237389	0.288184	0.428346	0.319185	0.587060	0.630128	0.231090	0.602361	0.387446	0.552286	0.225806	0.425868	0.623900	0.524883	0.630374	0.594931	0.344098	0.258065	0.413574	0.179031	0.337808	0.314415	0.427297	0.471602	0.237389	0.612069	0.257042	0.158710	0.588679	0.256019	0.309619	0.152985	0.481258	0.599665	0.173432	0.292122	0.257042	0.559748	0.440396	0.622649	0.619837	0.335202	0.216216	0.293103	0.571238	0.200000	0.180147	0.214071	0.405983	0.589483	0.492063	0.473843	0.589368	0.519580	0.341518	0.569408	0.484429	0.390693	0.331461	0.451779	0.614551	0.092486	0.192331	0.330523	0.401288	0.484429	
0.627566	0.629501	0.555661	0.633333	0.573913	0.596728	0.513732	0.040915	0.643868	0.642857	0.637931	0.525191	0.642857	0.636612	0.633495	0.629787	0.593186	0.603648	0.644315	0.636792	0.398707	0.431672	0.633333	0.626292	0.645341	0.159296	0.545455	0.653125	0.610390	0.344316	0.505882	0.608000	0.651163	0.624049	0.437841	0.647761	0.643948	0.417470	0.597173	0.668421	0.608787	0.554992	0.467974	0.299556	0.641834	0.614583	0.450882	0.262376	0.626533	0.260442	0.646465	0.625298	0.315342	0.647925	0.614122	0.594540	0.655280	0.591837	0.641270	0.648438	0.316959	0.549645	0.600402	0.602369	0.566901	0.415584	0.562814	0.641604	0.630894	0.576814	0.630854	0.612360	0.338968	0.626832	0.645946	0.021302	0.627760	0.552832	0.336813	0.627753	0.643963	0.614379	0.624161	0.527273	0.635294	0.552251	0.611613	0.639037	0.389610	0.556565	0.104743	0.617470	0.623431	0.608985	0.568162	0.606190	0.153942	0.610169	0.581162	0.627778	0.655696	0.603390	0.650124	0.052438	0.559415	0.372807	0.619048	0.120572	0.395474	1.000000	0.486922	0.631461	0.547135	0.572451	0.636564	0.531502	0.115522	0.640205	0.446230	0.448403	0.269720	0.380318	0.386957	0.567669	0.050517	0.320104	0.633015	0.559048	0.663130	0.612313	0.316959	0.452901	0.565905	0.630380	0.620843	0.630404	0.213218	0.634088	0.548872	0.568873	0.568756	0.637002	0.610169	0.612903	0.598953	0.543831	0.573516	0.582915	0.347439	0.611570	0.643118	0.410427	0.648865	0.588652	0.431790	0.252295	0.651048	0.578571	0.577169	0.641834	0.255598	0.507983	0.379085	0.489510	0.495640	0.647849	0.634586	0.511811	0.616949	0.641420	0.474849	0.538039	0.625144	0.596929	0.471984	0.225669	0.634921	0.648126	0.601942	0.513168	0.466537	0.547579	0.244401	0.560369	0.430861	0.617257	0.626832	0.566372	0.617904	0.613734	0.557377	0.204916	0.532889	0.653367	0.522727	0.624553	0.591739	0.558543	0.592437	0.623517	0.375506	0.630098	0.607966	0.641060	0.648575	0.290297	0.619808	0.627119	0.624000	0.366337	0.633136	0.618357	0.553874	0.406852	0.624615	0.502849	0.636145	0.159091	0.497860	0.626573	0.469388	0.530303	0.646976	0.307374	0.637854	0.530218	0.430861	0.640994	0.550179	0.640884	0.438413	0.660194	0.354767	0.630854	0.656115	0.213771	0.627635	0.655612	0.643564	0.493190	0.610000	0.541596	0.542208	0.570928	0.520076	0.606645	0.607717	0.604752	0.166854	0.613527	0.620853	0.624615	0.628342	0.480836	0.107009	0.616883	0.548204	0.595528	0.289279	0.548791	0.630556	0.628889	0.640835	0.609375	0.644122	0.633229	0.658503	0.630027	0.409745	0.033713	0.309812	0.647966	0.627329	0.564991	0.628993	0.566453	0.417910	0.631937	0.599338	0.502610	0.479306	0.628319	0.636714	0.647222	0.648649	0.328829	0.631579	0.283098	0.516535	0.641161	0.614907	0.494085	0.398287	0.595156	0.310590	0.511719	0.623794	0.639535	0.615716	0.605863	0.597815	0.640000	0.591133	0.451861	0.630065	0.571936	0.596026	0.641292	0.132429	0.609375	0.188229	0.178580	0.585366	0.653165	0.609442	0.614786	0.525328	0.617978	0.626068	0.646849	0.605317	0.604697	0.617960	0.620102	0.484311	0.612642	0.633663	0.639440	0.630769	0.558394	0.656294	0.131724	0.649930	0.550725	0.571157	0.631710	0.613793	0.567742	0.383442	0.533589	0.538021	0.633615	0.295382	0.643705	0.556569	0.485930	0.632184	0.620370	0.591954	0.635258	0.615694	0.616385	0.338813	0.518234	0.593997	0.489879	0.606965	0.289844	0.609655	0.643642	0.636025	0.621455	0.490295	0.609836	0.419638	0.574163	0.611850	0.437895	0.536546	0.632402	0.619226	0.632479	0.572797	0.487406	0.555347	0.238662	0.591876	0.594852	0.642755	0.588745	0.241930	0.639053	0.620339	0.219462	0.654596	0.588465	0.568935	0.626943	0.321630	0.141711	0.099331	0.345599	0.615735	0.583480	0.637216	0.596648	0.577904	0.521236	0.422833	0.619780	0.632219	0.607595	0.628571	0.626996	0.483849	0.607717	0.625330	0.266355	0.606581	0.143659	0.631714	0.587031	0.623223	0.656467	0.587317	0.558348	0.426729	0.597938	0.610000	0.485614	0.590832	0.536197	0.562554	0.583039	0.654545	0.554806	0.586420	0.119813	0.622222	0.573975	0.605023	0.201521	0.373427	0.636242	0.066769	0.651890	0.541985	0.565371	0.637993	0.344956	0.593598	0.409492	0.635704	0.023229	0.627451	0.639881	0.595447	0.615137	0.624526	0.615620	0.546678	0.382825	0.594690	0.524200	0.640327	0.568037	0.564286	0.647208	0.308012	0.604331	0.300648	0.529002	0.624633	0.585448	0.642487	0.510638	0.655786	0.620370	0.647282	0.638695	0.598949	0.484006	0.589831	0.492986	0.530291	0.580645	0.603421	0.485830	0.158717	0.524333	0.507812	0.611200	0.610169	0.568345	0.649318	0.493863	0.336813	0.608955	0.580762	0.626198	0.218750	0.537313	0.509653	0.561020	0.641161	0.541801	0.611973	0.615561	0.517647	0.595918	0.646018	0.559233	0.611661	0.632153	0.630631	0.618182	0.481633	0.325056	0.514178	0.631579	0.610667	0.620462	
0.494279	0.409091	0.312655	0.452336	0.581818	0.317380	0.253776	0.014086	0.414594	0.492754	0.527716	0.236620	0.518681	0.484600	0.431779	0.486957	0.334661	0.575419	0.517007	0.404643	0.156425	0.172603	0.410084	0.518519	0.489451	0.057104	0.258197	0.546835	0.576819	0.131937	0.581132	0.552632	0.505643	0.529126	0.179487	0.517647	0.412541	0.166008	0.598131	0.469903	0.354430	0.268943	0.196109	0.112903	0.494481	0.580060	0.187640	0.097561	0.386503	0.096774	0.526786	0.421585	0.119545	0.466135	0.582418	0.338710	0.551378	0.571429	0.540260	0.470363	0.120229	0.557994	0.335553	0.595376	0.282828	0.165138	0.562500	0.444846	0.578378	0.308824	0.503119	0.475375	0.129630	0.392523	0.488889	0.007286	0.555270	0.268657	0.128703	0.377074	0.568579	0.453846	0.586895	0.234419	0.537931	0.270386	0.449057	0.477137	0.599078	0.260870	0.036847	0.539379	0.354430	0.589888	0.282511	0.364162	0.055082	0.591304	0.334661	0.480000	0.451376	0.591304	0.438503	0.018123	0.296820	0.568720	0.330275	0.042647	0.156425	0.486922	1.000000	0.390698	0.594595	0.630573	0.377074	0.253776	0.040790	0.458955	0.183540	0.182213	0.100559	0.147714	0.576744	0.307692	0.017448	0.121563	0.475410	0.270386	0.471513	0.573034	0.120229	0.185567	0.598765	0.440367	0.380518	0.487288	0.077898	0.417508	0.585366	0.288660	0.305825	0.403941	0.423408	0.394864	0.354930	0.255319	0.296471	0.336000	0.539216	0.465696	0.434028	0.161746	0.480159	0.614420	0.186253	0.093472	0.434629	0.609524	0.296471	0.556291	0.094808	0.222418	0.560748	0.212658	0.222812	0.464930	0.528571	0.245854	0.390625	0.416667	0.202247	0.244660	0.401929	0.316186	0.198113	0.082813	0.561039	0.426117	0.417962	0.232472	0.194745	0.264428	0.090290	0.300000	0.175000	0.379363	0.392523	0.326425	0.375559	0.363901	0.598684	0.074645	0.263598	0.445242	0.234419	0.407407	0.316583	0.277533	0.356436	0.369501	0.145581	0.497854	0.355430	0.478431	0.491870	0.109044	0.540682	0.416523	0.459406	0.141972	0.533643	0.547872	0.287016	0.612613	0.548148	0.217429	0.430769	0.057026	0.217805	0.510638	0.628571	0.628975	0.484979	0.116183	0.507042	0.253012	0.175000	0.435714	0.289323	0.488518	0.632479	0.428325	0.601942	0.474012	0.506667	0.078115	0.413793	0.456401	0.440497	0.219130	0.569014	0.270096	0.255319	0.546012	0.589928	0.366279	0.562334	0.370044	0.059971	0.428816	0.417362	0.528395	0.469185	0.211765	0.037674	0.560647	0.598592	0.338295	0.108621	0.264151	0.505263	0.384733	0.521127	0.531646	0.563830	0.554707	0.485714	0.471058	0.161435	0.011579	0.117209	0.504274	0.531328	0.277228	0.425308	0.297872	0.625000	0.394984	0.579387	0.229927	0.201117	0.531178	0.460674	0.471579	0.480808	0.542714	0.469903	0.106061	0.245854	0.463938	0.571429	0.211409	0.603604	0.594595	0.117537	0.606742	0.366279	0.514673	0.368421	0.563686	0.330709	0.548148	0.549451	0.191927	0.461538	0.616352	0.562674	0.401929	0.047032	0.531646	0.068163	0.064450	0.583587	0.444037	0.366812	0.471483	0.618056	0.488223	0.361795	0.422819	0.343793	0.324324	0.538835	0.584795	0.206388	0.553763	0.376506	0.408497	0.378947	0.607261	0.523810	0.046771	0.478814	0.271552	0.311496	0.435252	0.400000	0.300000	0.560748	0.637681	0.257669	0.426117	0.111160	0.415410	0.296122	0.207921	0.487805	0.407108	0.315394	0.527845	0.336449	0.454198	0.129563	0.615942	0.530928	0.610442	0.581006	0.108855	0.495833	0.535714	0.432143	0.434629	0.219895	0.376119	0.171896	0.315000	0.422680	0.634783	0.252000	0.387692	0.438849	0.428571	0.315394	0.205882	0.611111	0.087989	0.319392	0.313433	0.517699	0.368189	0.089298	0.416667	0.568116	0.080357	0.507400	0.323907	0.585366	0.459203	0.122211	0.050491	0.034879	0.132492	0.392405	0.617284	0.470120	0.378462	0.309582	0.600733	0.622807	0.378947	0.537530	0.573643	0.416807	0.509009	0.208264	0.572944	0.467836	0.546448	0.493392	0.051220	0.461825	0.592375	0.410684	0.493671	0.323077	0.289988	0.172485	0.623145	0.529577	0.213559	0.581395	0.249012	0.275711	0.598131	0.497872	0.267800	0.346630	0.042367	0.545455	0.287343	0.396197	0.073320	0.144661	0.464000	0.023187	0.463602	0.645161	0.604361	0.418919	0.132214	0.320611	0.160817	0.522523	0.007950	0.430823	0.524590	0.576687	0.563830	0.446886	0.519608	0.266949	0.149289	0.593750	0.229508	0.474438	0.296471	0.615873	0.449355	0.116451	0.326848	0.113360	0.240458	0.512586	0.578035	0.459203	0.580882	0.536131	0.565757	0.443223	0.401305	0.582822	0.211232	0.585507	0.582677	0.245614	0.587209	0.527638	0.618474	0.056885	0.244898	0.621723	0.563158	0.585507	0.290657	0.427046	0.221053	0.128703	0.508235	0.601307	0.556430	0.080076	0.611684	0.608059	0.585526	0.479532	0.252252	0.383562	0.397456	0.244660	0.342857	0.535797	0.279070	0.379518	0.486708	0.517815	0.424138	0.205714	0.565657	0.626761	0.523810	0.451485	0.379518	
0.580723	0.658077	0.600500	0.640086	0.511757	0.645324	0.580087	0.056774	0.644578	0.627854	0.623223	0.593964	0.620283	0.620455	0.639918	0.609613	0.635253	0.545939	0.604317	0.638554	0.493014	0.522396	0.649798	0.606061	0.608997	0.215980	0.613587	0.578680	0.562827	0.441164	0.410334	0.576973	0.607656	0.588820	0.523094	0.594132	0.664665	0.514914	0.507003	0.625551	0.644928	0.587970	0.554231	0.395429	0.614657	0.519337	0.534562	0.346774	0.644976	0.345679	0.618312	0.634888	0.408637	0.634637	0.562748	0.626209	0.580808	0.527174	0.573265	0.615721	0.410607	0.511236	0.645105	0.543978	0.630841	0.504429	0.534228	0.649049	0.563565	0.631927	0.615561	0.613953	0.438169	0.639614	0.639640	0.029674	0.580563	0.616078	0.433858	0.642045	0.586902	0.604600	0.540323	0.589918	0.606280	0.600755	0.621885	0.627232	0.298361	0.596026	0.143529	0.603448	0.641304	0.550067	0.624125	0.630415	0.208937	0.539295	0.630017	0.610599	0.635394	0.542005	0.641509	0.072598	0.628019	0.281457	0.633218	0.164710	0.484032	0.631461	0.390698	1.000000	0.473149	0.492221	0.645833	0.606061	0.157967	0.624327	0.530011	0.531532	0.358055	0.472606	0.292763	0.625413	0.069965	0.410381	0.631101	0.617358	0.645233	0.544726	0.417035	0.534552	0.513250	0.633262	0.628571	0.619653	0.286108	0.640324	0.455882	0.622433	0.624486	0.646707	0.638604	0.637795	0.632820	0.605797	0.632341	0.621172	0.261307	0.615561	0.627451	0.505382	0.635452	0.497191	0.518900	0.336031	0.633994	0.508475	0.619469	0.612293	0.340216	0.575360	0.289951	0.560203	0.572178	0.625561	0.597786	0.598025	0.640852	0.634441	0.558877	0.597330	0.630542	0.625210	0.539339	0.302095	0.578406	0.625641	0.625514	0.570074	0.551274	0.613670	0.326005	0.621249	0.512821	0.638783	0.651208	0.621459	0.642857	0.614815	0.490674	0.275405	0.609340	0.637895	0.587193	0.642351	0.624054	0.619523	0.634545	0.643721	0.469868	0.607683	0.640653	0.629014	0.632768	0.383136	0.576227	0.632444	0.623608	0.461255	0.601942	0.574772	0.613690	0.312195	0.598997	0.569588	0.644172	0.215711	0.575484	0.614137	0.369906	0.452663	0.589057	0.402030	0.603175	0.598992	0.521549	0.646380	0.606013	0.614679	0.344498	0.650206	0.267112	0.627002	0.612100	0.286820	0.646707	0.626609	0.650628	0.580687	0.540107	0.597285	0.607246	0.511822	0.435171	0.643848	0.566234	0.638734	0.225898	0.641393	0.627016	0.588972	0.647321	0.563487	0.146569	0.557592	0.457903	0.628975	0.381865	0.608760	0.626728	0.646947	0.590965	0.581218	0.582575	0.575064	0.622877	0.619687	0.499488	0.046847	0.405033	0.608595	0.583333	0.609831	0.638254	0.627926	0.317666	0.636275	0.550532	0.576226	0.554070	0.607748	0.629989	0.619816	0.617117	0.246622	0.627753	0.374865	0.602257	0.640177	0.578283	0.575394	0.312195	0.520661	0.407568	0.424242	0.645698	0.602871	0.649954	0.561680	0.632035	0.581454	0.554822	0.529894	0.619934	0.509142	0.545213	0.640394	0.180490	0.581218	0.253790	0.241227	0.520776	0.637527	0.627778	0.628945	0.464023	0.618605	0.642066	0.655207	0.634103	0.637607	0.581366	0.538776	0.566295	0.564706	0.649007	0.648756	0.642722	0.479885	0.626901	0.179554	0.628902	0.607116	0.627288	0.638567	0.634578	0.637470	0.289951	0.439462	0.608315	0.635897	0.390226	0.652525	0.596463	0.560748	0.620853	0.638340	0.627517	0.585608	0.646235	0.619411	0.434559	0.439462	0.583867	0.383178	0.537949	0.383309	0.618557	0.578344	0.629591	0.633994	0.576998	0.650988	0.501345	0.633697	0.650256	0.333868	0.597272	0.646213	0.642782	0.632885	0.615772	0.566481	0.461087	0.318698	0.646362	0.634921	0.617751	0.623134	0.322862	0.636455	0.533875	0.294134	0.637413	0.638770	0.515950	0.615217	0.420367	0.192793	0.136256	0.444444	0.640000	0.518828	0.634637	0.644295	0.628003	0.429429	0.328502	0.638941	0.588089	0.579487	0.635628	0.602151	0.567686	0.579221	0.635762	0.197917	0.602125	0.195370	0.632258	0.536785	0.633065	0.611303	0.632566	0.613312	0.509169	0.528767	0.542781	0.564526	0.521031	0.610676	0.618210	0.498599	0.604867	0.623688	0.617857	0.163697	0.578406	0.639370	0.638672	0.271018	0.473068	0.618141	0.092177	0.620765	0.449405	0.509804	0.637563	0.442801	0.629347	0.506122	0.594982	0.032346	0.634855	0.617073	0.520167	0.553966	0.630458	0.569288	0.593867	0.478616	0.510519	0.594232	0.637188	0.621078	0.502825	0.658120	0.405162	0.634021	0.396024	0.596808	0.597590	0.533153	0.641304	0.436090	0.598540	0.582915	0.630458	0.654076	0.522949	0.562421	0.542005	0.389490	0.599013	0.537313	0.579014	0.380062	0.215219	0.596343	0.418182	0.574386	0.533875	0.630159	0.634555	0.577952	0.433858	0.589242	0.497854	0.568475	0.293220	0.461988	0.438438	0.482066	0.637969	0.600575	0.645714	0.636008	0.594519	0.652482	0.607748	0.626543	0.631977	0.637188	0.589681	0.633094	0.562423	0.243655	0.454948	0.595326	0.623608	0.650899	
0.557173	0.487879	0.385882	0.531952	0.625668	0.403341	0.327869	0.018958	0.497682	0.550285	0.581818	0.306583	0.557114	0.564972	0.500803	0.571429	0.424090	0.606965	0.573196	0.482226	0.205438	0.226064	0.478873	0.584034	0.544402	0.076284	0.333333	0.564920	0.587952	0.174002	0.569579	0.613208	0.570842	0.614035	0.234807	0.545842	0.495385	0.217670	0.591781	0.504472	0.442384	0.346585	0.255831	0.149385	0.555332	0.597333	0.245133	0.129425	0.468391	0.128399	0.569106	0.502355	0.157993	0.531136	0.612745	0.421320	0.550790	0.625323	0.568765	0.539683	0.158879	0.628099	0.422642	0.610256	0.363636	0.216561	0.621212	0.505863	0.628019	0.395349	0.560000	0.563601	0.171026	0.478134	0.549165	0.009818	0.600462	0.346232	0.169830	0.463932	0.597753	0.521277	0.607595	0.303843	0.584551	0.344262	0.522648	0.552102	0.544061	0.334653	0.049397	0.587473	0.445033	0.610000	0.363248	0.451087	0.073609	0.642674	0.419072	0.551060	0.499151	0.637532	0.512397	0.024375	0.380739	0.517647	0.413879	0.057114	0.205438	0.547135	0.594595	0.473149	1.000000	0.608939	0.461103	0.327869	0.054645	0.534483	0.239944	0.238262	0.133333	0.194286	0.571429	0.393975	0.023469	0.160605	0.537594	0.348361	0.546112	0.575000	0.158879	0.242511	0.608696	0.526316	0.456491	0.558140	0.103690	0.507837	0.622356	0.370774	0.391705	0.496172	0.496000	0.485757	0.442971	0.329777	0.380313	0.423174	0.524194	0.548571	0.496774	0.212235	0.543796	0.606061	0.243379	0.124088	0.488525	0.623955	0.380313	0.555332	0.125833	0.288870	0.558140	0.276648	0.289362	0.537753	0.599138	0.318054	0.482456	0.472050	0.263566	0.316574	0.486486	0.401902	0.258359	0.110139	0.582751	0.488818	0.497592	0.301418	0.254111	0.341023	0.119929	0.384615	0.229111	0.472262	0.481050	0.414216	0.458741	0.426813	0.643678	0.099415	0.340000	0.522463	0.303843	0.489028	0.402381	0.357143	0.442077	0.454545	0.191549	0.560784	0.446215	0.548736	0.552239	0.144374	0.602353	0.512000	0.546448	0.186916	0.602105	0.604762	0.368764	0.578947	0.592428	0.282627	0.502385	0.076182	0.283097	0.556420	0.608997	0.636086	0.537255	0.153638	0.536170	0.326923	0.229111	0.509934	0.369399	0.569790	0.575540	0.491172	0.552000	0.560000	0.558704	0.103976	0.499234	0.504288	0.520593	0.284757	0.601504	0.348004	0.329777	0.556757	0.583851	0.456284	0.617577	0.455172	0.080075	0.507177	0.497667	0.596882	0.541133	0.275527	0.050498	0.607229	0.609756	0.411239	0.143824	0.340681	0.574181	0.469242	0.578723	0.610478	0.604762	0.567506	0.543071	0.546789	0.211838	0.015591	0.154968	0.542969	0.591422	0.356768	0.495922	0.379775	0.597015	0.486804	0.610422	0.298246	0.262143	0.591195	0.536332	0.543353	0.538033	0.534979	0.540250	0.140496	0.318054	0.527828	0.600451	0.275081	0.586466	0.631300	0.155393	0.610932	0.445355	0.546201	0.453297	0.629540	0.421836	0.587973	0.612745	0.250553	0.535461	0.602210	0.635236	0.483483	0.062940	0.610478	0.090885	0.085989	0.627346	0.509338	0.437756	0.536842	0.614458	0.559687	0.443537	0.490625	0.429858	0.409257	0.600877	0.611399	0.268775	0.629808	0.457627	0.481707	0.471086	0.628242	0.561265	0.062592	0.542636	0.349794	0.396249	0.520000	0.493274	0.384615	0.527132	0.618750	0.332681	0.498403	0.147122	0.489860	0.373184	0.270701	0.565657	0.494721	0.400949	0.560175	0.421185	0.524648	0.170940	0.631250	0.601852	0.593857	0.631841	0.144129	0.538168	0.582569	0.500000	0.514754	0.285714	0.459384	0.225166	0.400474	0.498403	0.583942	0.325670	0.463977	0.516667	0.501618	0.403321	0.268139	0.584337	0.116919	0.403361	0.398585	0.572581	0.442600	0.118632	0.490683	0.575835	0.106918	0.564797	0.408759	0.645161	0.525394	0.161443	0.067527	0.046774	0.174717	0.470414	0.625000	0.545788	0.463977	0.396270	0.618297	0.573529	0.456982	0.595186	0.607889	0.497653	0.581967	0.271132	0.612827	0.538600	0.475771	0.562249	0.068493	0.530120	0.644156	0.494557	0.536680	0.412621	0.372399	0.225914	0.619423	0.611529	0.277778	0.608247	0.321970	0.354906	0.608219	0.544747	0.345178	0.438392	0.056742	0.582751	0.369164	0.488889	0.097673	0.190370	0.529412	0.031158	0.530035	0.613003	0.602740	0.496855	0.174359	0.404819	0.211049	0.598361	0.010711	0.507317	0.556263	0.567568	0.619048	0.532203	0.553097	0.344130	0.196305	0.604396	0.297723	0.570356	0.375839	0.623955	0.524702	0.153986	0.404908	0.149978	0.311355	0.594595	0.635897	0.535902	0.639241	0.553911	0.608501	0.515254	0.484018	0.583784	0.274859	0.616967	0.604027	0.317757	0.639175	0.601810	0.593857	0.075995	0.316869	0.655949	0.589623	0.601542	0.373216	0.501650	0.287162	0.169830	0.579957	0.617143	0.588235	0.106550	0.662687	0.599369	0.666667	0.535009	0.325983	0.462197	0.481426	0.316574	0.428755	0.603774	0.359029	0.460452	0.562852	0.610753	0.516026	0.267928	0.512397	0.640244	0.594828	0.539162	0.468927	
0.577154	0.510324	0.414747	0.529313	0.612245	0.432243	0.354502	0.020945	0.529323	0.561468	0.592593	0.333629	0.588008	0.561020	0.530421	0.578544	0.444172	0.623810	0.584493	0.517293	0.224746	0.247043	0.517504	0.599190	0.567164	0.084022	0.362235	0.652079	0.623557	0.190669	0.654434	0.624434	0.574257	0.586498	0.256480	0.611910	0.523952	0.237975	0.663185	0.547660	0.470893	0.376376	0.279139	0.163906	0.598058	0.620865	0.267616	0.142155	0.487395	0.141035	0.600000	0.528244	0.173272	0.567376	0.638498	0.444169	0.620390	0.632099	0.626398	0.574359	0.174235	0.603675	0.450185	0.632353	0.392445	0.236776	0.632850	0.543089	0.625000	0.421412	0.593002	0.559546	0.187438	0.502841	0.592460	0.010852	0.638581	0.376000	0.186139	0.493793	0.630670	0.553265	0.673123	0.330695	0.619718	0.370221	0.543919	0.562832	0.580645	0.365759	0.054485	0.640333	0.470893	0.645933	0.394130	0.482759	0.081087	0.658477	0.441718	0.566108	0.556837	0.619165	0.542536	0.026921	0.408342	0.571429	0.448485	0.062971	0.224746	0.572451	0.630573	0.492221	0.608939	1.000000	0.493793	0.356398	0.060256	0.565217	0.262021	0.260208	0.146417	0.212670	0.527076	0.415437	0.025922	0.176112	0.574545	0.378270	0.574431	0.626794	0.174235	0.264789	0.626943	0.543657	0.495132	0.558052	0.114043	0.521341	0.613181	0.400000	0.413093	0.506706	0.516330	0.499270	0.455959	0.358437	0.407895	0.445813	0.556391	0.541436	0.539185	0.232099	0.568905	0.656168	0.265724	0.136331	0.557325	0.620690	0.410088	0.574757	0.138235	0.314644	0.543478	0.301524	0.315172	0.577540	0.614108	0.345906	0.490028	0.513595	0.287462	0.344322	0.502924	0.428405	0.281859	0.121095	0.639821	0.540373	0.511700	0.328098	0.277286	0.370443	0.131791	0.412417	0.250333	0.488211	0.514205	0.436451	0.480218	0.475300	0.628415	0.109366	0.369352	0.536349	0.330695	0.521341	0.419580	0.385567	0.457737	0.497312	0.209704	0.575758	0.461738	0.548951	0.570397	0.158449	0.623025	0.519440	0.564374	0.204682	0.616633	0.611872	0.391489	0.556338	0.616702	0.307944	0.547141	0.083910	0.308450	0.563910	0.573290	0.626087	0.579545	0.168534	0.618852	0.355388	0.250333	0.533762	0.394427	0.580407	0.560811	0.536661	0.522388	0.585635	0.593750	0.114355	0.509687	0.552413	0.550400	0.310231	0.623501	0.377889	0.358437	0.644330	0.623529	0.477333	0.601367	0.471063	0.088180	0.517829	0.523449	0.599572	0.569912	0.300319	0.055695	0.660508	0.635838	0.451935	0.157851	0.370079	0.584730	0.490934	0.602459	0.603939	0.652968	0.610989	0.583333	0.557726	0.231670	0.017227	0.169982	0.588679	0.594360	0.387230	0.526149	0.409692	0.580420	0.511429	0.627078	0.324698	0.285932	0.589899	0.546980	0.569832	0.578097	0.505747	0.540728	0.154225	0.345906	0.542609	0.611714	0.299841	0.570423	0.627848	0.170444	0.626140	0.480000	0.598020	0.477212	0.635731	0.449029	0.616702	0.600939	0.273455	0.563574	0.626316	0.608076	0.497076	0.069373	0.603939	0.100027	0.094663	0.624041	0.553542	0.467290	0.547619	0.651429	0.559546	0.470120	0.522796	0.455346	0.441001	0.594937	0.603960	0.293063	0.635945	0.498623	0.519288	0.497937	0.630137	0.603053	0.068991	0.576779	0.379798	0.424799	0.550162	0.509461	0.410200	0.565217	0.627219	0.361538	0.524845	0.161443	0.525038	0.400876	0.295133	0.573099	0.513950	0.434379	0.610526	0.456227	0.529010	0.187344	0.621302	0.600000	0.617363	0.604762	0.158183	0.564576	0.607930	0.527331	0.535032	0.311258	0.475410	0.246073	0.426914	0.521739	0.602740	0.354049	0.508427	0.530744	0.531447	0.432056	0.292379	0.674286	0.128503	0.432432	0.429561	0.591440	0.475034	0.130374	0.528701	0.663391	0.117573	0.590654	0.440476	0.615385	0.536503	0.177024	0.074411	0.051599	0.191446	0.489914	0.663212	0.563830	0.480337	0.420091	0.620896	0.613793	0.478680	0.597895	0.623608	0.535769	0.584980	0.295597	0.615034	0.566957	0.448980	0.558140	0.075472	0.554257	0.665012	0.505295	0.597015	0.432304	0.401719	0.246881	0.626566	0.613909	0.302738	0.620690	0.350093	0.383197	0.621410	0.601504	0.374875	0.448669	0.062562	0.617450	0.400426	0.484848	0.107459	0.208426	0.537367	0.034401	0.554795	0.674487	0.610966	0.516820	0.191057	0.431604	0.230816	0.561265	0.011839	0.524487	0.580777	0.628866	0.643836	0.519737	0.595745	0.373757	0.214857	0.643979	0.324138	0.573503	0.405702	0.615385	0.538843	0.168913	0.441777	0.164551	0.338739	0.609218	0.602941	0.550085	0.610778	0.606925	0.615054	0.542763	0.509630	0.639175	0.299602	0.648649	0.594937	0.345588	0.615764	0.604348	0.636656	0.083704	0.344638	0.613982	0.579186	0.624079	0.400431	0.538462	0.312812	0.186139	0.603696	0.646739	0.636569	0.117170	0.628895	0.591045	0.655738	0.570435	0.354383	0.503477	0.497829	0.344322	0.461731	0.581818	0.389637	0.476584	0.573503	0.600414	0.514019	0.292152	0.523077	0.612717	0.614108	0.546737	0.490358	
0.601415	0.644596	0.604766	0.627907	0.515520	0.640664	0.576923	0.058685	0.629191	0.615213	0.605568	0.594851	0.605081	0.603563	0.626263	0.592423	0.627148	0.535761	0.593897	0.650888	0.503462	0.529129	0.628231	0.586002	0.601130	0.222637	0.615717	0.573201	0.549872	0.448944	0.408284	0.551201	0.604215	0.568651	0.520110	0.583732	0.637168	0.517367	0.508197	0.637149	0.643494	0.620178	0.562500	0.406356	0.622685	0.512129	0.545040	0.357381	0.637817	0.354229	0.603027	0.633466	0.416038	0.606791	0.544516	0.632035	0.580247	0.522546	0.570352	0.620985	0.423614	0.504110	0.623064	0.525760	0.628264	0.504904	0.526868	0.632780	0.548015	0.642217	0.609865	0.589977	0.444161	0.641975	0.618102	0.030687	0.570000	0.613788	0.444913	0.636872	0.576355	0.605800	0.543307	0.598923	0.598109	0.594192	0.601488	0.623632	0.289809	0.615832	0.148138	0.590361	0.639929	0.537158	0.630852	0.629193	0.215403	0.531746	0.603093	0.611738	0.635983	0.521164	0.627572	0.075021	0.619048	0.273312	0.642249	0.169937	0.490603	0.636564	0.377074	0.645833	0.461103	0.493793	1.000000	0.602564	0.162999	0.631468	0.533632	0.545151	0.367501	0.484648	0.284345	0.616260	0.072304	0.424316	0.618465	0.613552	0.628261	0.542373	0.424412	0.539288	0.506122	0.623431	0.653558	0.595696	0.294569	0.622886	0.452722	0.621495	0.621862	0.641176	0.625000	0.624758	0.633363	0.612303	0.629659	0.620155	0.253659	0.576233	0.636272	0.514982	0.631694	0.493151	0.506803	0.345671	0.626407	0.493113	0.623315	0.585648	0.349951	0.582902	0.281600	0.578947	0.573281	0.630769	0.587244	0.580780	0.648906	0.638971	0.555220	0.613463	0.638916	0.624172	0.562092	0.310944	0.570352	0.638469	0.626263	0.587291	0.565396	0.615836	0.335415	0.621902	0.525122	0.628037	0.632479	0.606932	0.634011	0.646630	0.478322	0.283602	0.594001	0.636364	0.600269	0.628856	0.616404	0.618650	0.627907	0.645929	0.480859	0.606613	0.644643	0.614549	0.611296	0.391624	0.560606	0.633065	0.609170	0.466606	0.617577	0.556544	0.611327	0.303318	0.588235	0.585987	0.638554	0.222360	0.581633	0.601589	0.359756	0.446686	0.618016	0.412403	0.599761	0.589908	0.513236	0.622039	0.592824	0.595506	0.334884	0.654545	0.259319	0.609865	0.608595	0.295298	0.633333	0.635789	0.632444	0.572710	0.543081	0.602679	0.603720	0.504749	0.438316	0.626024	0.550761	0.622711	0.232820	0.627767	0.641584	0.566176	0.619256	0.564647	0.151268	0.554987	0.446043	0.645217	0.391798	0.616850	0.600451	0.651032	0.585424	0.558313	0.559085	0.564677	0.610433	0.600877	0.512170	0.048433	0.413901	0.612059	0.575309	0.616667	0.620408	0.622116	0.308661	0.648236	0.532468	0.581287	0.568510	0.590047	0.637037	0.607223	0.613687	0.239344	0.611231	0.383925	0.591922	0.627706	0.567901	0.580162	0.303318	0.518817	0.417221	0.410029	0.638763	0.599532	0.635616	0.556410	0.637681	0.573529	0.534194	0.538283	0.616541	0.499314	0.527273	0.629235	0.186167	0.558313	0.261441	0.248554	0.497297	0.654812	0.641166	0.604055	0.446352	0.580866	0.640653	0.631579	0.629371	0.639731	0.566221	0.523240	0.580882	0.551724	0.641860	0.645161	0.646840	0.470588	0.613975	0.185204	0.616082	0.610904	0.613115	0.634953	0.631274	0.626699	0.281600	0.425036	0.600432	0.628399	0.398805	0.628968	0.602219	0.569316	0.589327	0.640777	0.638017	0.584951	0.653448	0.598930	0.445671	0.425036	0.548185	0.372727	0.535761	0.393984	0.597082	0.562889	0.622039	0.636643	0.574181	0.630897	0.511454	0.614368	0.632427	0.324493	0.592488	0.654100	0.620476	0.625381	0.623140	0.567584	0.452074	0.327939	0.643333	0.646914	0.602549	0.614679	0.332199	0.642928	0.534392	0.302791	0.619910	0.639193	0.495264	0.618337	0.427820	0.198815	0.140650	0.453956	0.621285	0.503401	0.626506	0.623940	0.628571	0.421053	0.319249	0.628253	0.572816	0.558897	0.644135	0.589474	0.578655	0.545685	0.608225	0.191919	0.582659	0.201463	0.624473	0.526596	0.617822	0.614689	0.616289	0.609375	0.520299	0.513369	0.535248	0.563168	0.513907	0.602952	0.629434	0.502732	0.608400	0.612426	0.629174	0.168894	0.555276	0.616460	0.614203	0.279106	0.474686	0.599341	0.095221	0.625938	0.431884	0.497268	0.644068	0.452309	0.626566	0.510617	0.596491	0.033449	0.627291	0.572792	0.502035	0.556544	0.606061	0.573871	0.606642	0.487851	0.487004	0.599072	0.608889	0.609040	0.473829	0.628931	0.413204	0.636210	0.406986	0.596299	0.603774	0.517834	0.622601	0.415813	0.592857	0.579853	0.647858	0.644531	0.507463	0.577307	0.529101	0.384962	0.597077	0.521854	0.568603	0.372727	0.221855	0.595833	0.410029	0.551201	0.526455	0.622848	0.645427	0.577692	0.444069	0.583732	0.479777	0.563131	0.301855	0.455840	0.426901	0.481119	0.612554	0.612766	0.627341	0.619231	0.596808	0.642234	0.585308	0.630137	0.643721	0.613333	0.596154	0.611504	0.570905	0.236453	0.443165	0.582431	0.598253	0.638140	
0.500849	0.598379	0.611506	0.568966	0.380952	0.629316	0.626298	0.093071	0.583333	0.527778	0.500000	0.646733	0.501672	0.521173	0.575758	0.512906	0.627845	0.413103	0.492386	0.578869	0.597789	0.613358	0.586826	0.492754	0.523457	0.336438	0.658125	0.459507	0.429856	0.562806	0.276342	0.437110	0.494932	0.468343	0.619114	0.480274	0.587973	0.619743	0.367232	0.544586	0.614325	0.616210	0.631787	0.530777	0.512563	0.382463	0.627639	0.478339	0.597272	0.483109	0.497897	0.581709	0.533521	0.539019	0.423529	0.614141	0.457895	0.396679	0.444050	0.561709	0.530137	0.362264	0.623324	0.399264	0.629902	0.614027	0.411711	0.562597	0.424842	0.640976	0.531915	0.519868	0.557169	0.604483	0.530744	0.049083	0.449558	0.638475	0.563172	0.611111	0.458844	0.547185	0.404762	0.636564	0.493197	0.624029	0.561762	0.536977	0.189979	0.624487	0.228760	0.474138	0.612948	0.408387	0.635640	0.612701	0.326185	0.399632	0.627845	0.527961	0.555210	0.399632	0.569892	0.118394	0.632704	0.178571	0.626330	0.260752	0.588435	0.531502	0.253776	0.606061	0.327869	0.356398	0.602564	1.000000	0.250614	0.555991	0.616840	0.616761	0.499538	0.591745	0.186192	0.630769	0.114199	0.539446	0.530513	0.634788	0.544000	0.413856	0.551287	0.626965	0.371831	0.567652	0.585122	0.525969	0.429577	0.581273	0.313230	0.648079	0.637700	0.580741	0.588502	0.593842	0.623019	0.631944	0.634821	0.634474	0.165079	0.528642	0.558846	0.605481	0.533333	0.364151	0.611270	0.478906	0.560061	0.357955	0.628536	0.505863	0.487202	0.640342	0.184293	0.636552	0.631410	0.538710	0.477175	0.640997	0.602462	0.572707	0.626069	0.647092	0.591343	0.631990	0.627919	0.450317	0.442274	0.571429	0.577273	0.612603	0.632924	0.643447	0.463760	0.637571	0.592389	0.604286	0.607375	0.630535	0.609065	0.586835	0.340670	0.417294	0.634060	0.571649	0.633260	0.581273	0.629798	0.633111	0.628453	0.619817	0.586570	0.515327	0.611034	0.543565	0.533658	0.513761	0.443850	0.577912	0.542536	0.581081	0.494881	0.444047	0.631254	0.199377	0.464223	0.631579	0.585219	0.336047	0.637513	0.513625	0.241379	0.306641	0.512013	0.539519	0.483290	0.641336	0.607061	0.559570	0.646402	0.532787	0.221538	0.569697	0.168955	0.535188	0.508816	0.434585	0.588148	0.550000	0.573620	0.639873	0.410584	0.624851	0.645833	0.374883	0.298332	0.622813	0.440072	0.609001	0.350394	0.581571	0.580597	0.464223	0.543408	0.640083	0.233378	0.431655	0.308293	0.610811	0.523358	0.631268	0.527961	0.601719	0.483290	0.459507	0.433303	0.449735	0.528026	0.534622	0.601216	0.077050	0.536838	0.512821	0.454386	0.630303	0.580153	0.642722	0.203109	0.598985	0.418182	0.635819	0.628887	0.494037	0.553725	0.532895	0.527508	0.155319	0.541401	0.519089	0.646659	0.550239	0.461404	0.639421	0.199377	0.385475	0.537262	0.279762	0.607418	0.489865	0.607719	0.425225	0.621424	0.465969	0.425339	0.610516	0.548771	0.362606	0.416364	0.584006	0.284309	0.459507	0.388914	0.372823	0.377570	0.562986	0.613445	0.544594	0.314869	0.518212	0.604749	0.587883	0.628223	0.620553	0.478751	0.393352	0.640163	0.434861	0.604982	0.592757	0.604552	0.339080	0.512053	0.282917	0.516076	0.647094	0.625806	0.567463	0.600293	0.628716	0.184293	0.294985	0.645724	0.575964	0.531250	0.581465	0.610553	0.631848	0.508389	0.595588	0.627273	0.476603	0.620134	0.554941	0.559940	0.294985	0.449956	0.248485	0.416742	0.520288	0.527437	0.451898	0.574942	0.566182	0.636990	0.605245	0.587222	0.625568	0.575964	0.214212	0.626077	0.611071	0.561295	0.571863	0.632468	0.627990	0.314869	0.470458	0.632680	0.635599	0.506287	0.604225	0.470951	0.589113	0.399632	0.440547	0.525535	0.624095	0.376052	0.552050	0.547984	0.302512	0.217675	0.570564	0.594319	0.371831	0.534191	0.599569	0.630225	0.289941	0.210526	0.607397	0.471404	0.450355	0.576347	0.499578	0.638647	0.436494	0.551834	0.123377	0.503766	0.306306	0.568075	0.391867	0.589552	0.521811	0.618014	0.639752	0.606721	0.387755	0.410584	0.634045	0.398157	0.637764	0.642900	0.367232	0.513625	0.645660	0.604905	0.259232	0.444050	0.641533	0.600583	0.407851	0.587998	0.530218	0.149367	0.554236	0.300000	0.367232	0.589647	0.566679	0.624754	0.605719	0.501266	0.053454	0.576220	0.486301	0.374883	0.435094	0.559441	0.464752	0.625519	0.597777	0.365693	0.653616	0.533333	0.639849	0.357955	0.568536	0.539759	0.611111	0.537112	0.632756	0.495756	0.399264	0.555205	0.288253	0.487179	0.459790	0.559441	0.593796	0.374883	0.625646	0.397790	0.257286	0.636106	0.398157	0.460053	0.248485	0.335332	0.642938	0.279762	0.438894	0.399632	0.636816	0.570990	0.641148	0.560207	0.487136	0.343840	0.440285	0.437757	0.319767	0.289941	0.340670	0.543860	0.640230	0.609442	0.594161	0.630152	0.619241	0.488927	0.644769	0.597865	0.536585	0.476764	0.575322	0.635809	0.153355	0.308293	0.484065	0.545746	0.612100	
0.097753	0.149801	0.202020	0.126606	0.065217	0.198810	0.250614	0.485304	0.146117	0.111406	0.101929	0.268631	0.103119	0.112584	0.139277	0.104604	0.187753	0.073838	0.098948	0.146117	0.392198	0.361224	0.143843	0.096257	0.108750	0.586711	0.246305	0.085113	0.077815	0.441297	0.044904	0.080558	0.099545	0.090249	0.348704	0.094158	0.146969	0.373186	0.062430	0.120789	0.176284	0.236340	0.321453	0.476342	0.102524	0.065527	0.334847	0.509343	0.159927	0.536225	0.101035	0.143274	0.474235	0.116988	0.075676	0.185307	0.086324	0.069230	0.082079	0.123120	0.459237	0.061809	0.187210	0.070153	0.224439	0.375470	0.071997	0.131810	0.077510	0.204687	0.110816	0.106679	0.444981	0.157125	0.114935	0.298768	0.083294	0.236597	0.448757	0.162999	0.086929	0.122246	0.071690	0.271104	0.097155	0.235054	0.125155	0.117281	0.029627	0.243761	0.634078	0.092356	0.176284	0.073225	0.224699	0.171049	0.639177	0.069845	0.187753	0.109045	0.129501	0.069845	0.134114	0.547829	0.213432	0.027701	0.190462	0.639459	0.390341	0.115522	0.040790	0.157967	0.054645	0.060256	0.162999	0.250614	1.000000	0.126896	0.341691	0.343960	0.519687	0.410377	0.028986	0.205486	0.536796	0.460308	0.112878	0.235054	0.119037	0.073225	0.466717	0.338276	0.063360	0.129501	0.161325	0.108159	0.580723	0.143558	0.051827	0.219738	0.206815	0.147819	0.139849	0.151779	0.176010	0.249096	0.213695	0.186938	0.025449	0.110816	0.138419	0.380545	0.117574	0.061809	0.337134	0.543493	0.135551	0.060567	0.213695	0.102524	0.536813	0.285310	0.028664	0.297848	0.284824	0.116109	0.092657	0.258668	0.156564	0.145265	0.312326	0.259919	0.151497	0.199613	0.318422	0.537184	0.082079	0.140135	0.139277	0.273324	0.323546	0.240442	0.523116	0.211055	0.355960	0.161883	0.157125	0.192893	0.165227	0.169666	0.057143	0.586541	0.241209	0.132963	0.271104	0.143558	0.199345	0.228856	0.175185	0.168281	0.410082	0.106383	0.175735	0.119329	0.114054	0.500425	0.080863	0.139849	0.117867	0.423062	0.095957	0.079340	0.221046	0.031230	0.088138	0.291602	0.140992	0.621750	0.291120	0.107567	0.038567	0.050572	0.106383	0.475602	0.094458	0.251372	0.356774	0.133827	0.219214	0.110226	0.035065	0.139277	0.026093	0.110816	0.101631	0.563374	0.147819	0.127765	0.134689	0.289429	0.072918	0.235311	0.249096	0.063980	0.049001	0.169943	0.079645	0.168004	0.629542	0.140421	0.144981	0.088138	0.117281	0.299044	0.642093	0.077815	0.050886	0.183946	0.489449	0.240698	0.109045	0.160766	0.094458	0.085113	0.079340	0.084507	0.113466	0.116695	0.381194	0.430480	0.477712	0.106975	0.086324	0.229115	0.136413	0.212640	0.031870	0.156002	0.074145	0.276275	0.313971	0.096556	0.126316	0.109045	0.114935	0.023837	0.120789	0.505420	0.258668	0.120205	0.086324	0.299522	0.031230	0.066145	0.470136	0.045535	0.169943	0.099545	0.168835	0.077204	0.190191	0.088138	0.075676	0.327946	0.122246	0.061499	0.074145	0.151497	0.667494	0.085113	0.570716	0.593331	0.064908	0.129501	0.169666	0.123993	0.052140	0.106679	0.170772	0.144128	0.182310	0.194241	0.090249	0.068922	0.306422	0.078120	0.163278	0.148669	0.163556	0.056831	0.105197	0.641329	0.108159	0.234024	0.202821	0.132675	0.152343	0.211055	0.028664	0.048371	0.246813	0.140135	0.491883	0.144412	0.213959	0.304287	0.101929	0.150649	0.200149	0.090551	0.186667	0.123411	0.442892	0.048371	0.082990	0.039838	0.073838	0.494115	0.110521	0.084204	0.133827	0.135551	0.288462	0.164948	0.361201	0.200416	0.140135	0.033788	0.252382	0.159367	0.132675	0.137846	0.200149	0.307133	0.052140	0.545620	0.197468	0.201486	0.102226	0.167449	0.528807	0.145265	0.069845	0.564335	0.108454	0.194511	0.064599	0.124283	0.467702	0.608409	0.644818	0.438937	0.154315	0.063360	0.116988	0.159367	0.204154	0.047427	0.033149	0.163556	0.090551	0.082687	0.143843	0.099843	0.303812	0.079645	0.120205	0.018661	0.102821	0.644293	0.127186	0.068613	0.144981	0.108750	0.195049	0.218690	0.361446	0.067380	0.072918	0.296651	0.069537	0.255405	0.230409	0.062430	0.107567	0.237367	0.180670	0.648307	0.082079	0.220785	0.154034	0.592759	0.417580	0.116402	0.602001	0.122829	0.049315	0.062430	0.142989	0.442033	0.196663	0.382490	0.099843	0.321710	0.136986	0.094758	0.063980	0.079340	0.129790	0.089043	0.238137	0.407670	0.062120	0.276765	0.113172	0.213695	0.060567	0.128923	0.481088	0.192624	0.483249	0.264411	0.097753	0.070153	0.124283	0.047112	0.095358	0.087534	0.129790	0.148952	0.063980	0.299761	0.069845	0.041424	0.258918	0.069537	0.086022	0.039838	0.637505	0.259669	0.045535	0.080558	0.069845	0.218166	0.134402	0.287008	0.454338	0.094158	0.057766	0.080863	0.549983	0.053080	0.047427	0.057143	0.120205	0.252130	0.161325	0.153471	0.259919	0.182855	0.096556	0.227559	0.163278	0.113172	0.092957	0.139563	0.307370	0.023514	0.050886	0.092657	0.117867	0.163278	
0.613037	0.640000	0.579817	0.647131	0.550489	0.593692	0.555991	0.045119	0.644870	0.638853	0.636735	0.538176	0.622463	0.648508	0.630359	0.623656	0.617165	0.588785	0.615172	0.633596	0.426385	0.458716	0.639363	0.622905	0.633245	0.174580	0.568254	0.615611	0.586260	0.373747	0.491803	0.611446	0.632737	0.614943	0.462085	0.609309	0.635955	0.451720	0.565289	0.613267	0.617085	0.556921	0.494583	0.325914	0.629579	0.559350	0.485556	0.286013	0.638889	0.283934	0.639344	0.638540	0.342809	0.625954	0.608025	0.601167	0.600293	0.586922	0.606876	0.644362	0.344538	0.547264	0.622222	0.596825	0.600851	0.444199	0.588050	0.640382	0.608563	0.587273	0.635294	0.628495	0.368043	0.630670	0.634146	0.023515	0.609212	0.564648	0.365745	0.629356	0.613139	0.656716	0.588976	0.535688	0.634214	0.557566	0.628993	0.648030	0.363273	0.558400	0.115120	0.620199	0.627136	0.584375	0.598639	0.622951	0.168759	0.585056	0.609450	0.627141	0.639324	0.594595	0.622485	0.057791	0.586055	0.343434	0.609360	0.132408	0.418997	0.640205	0.458955	0.624327	0.534483	0.565217	0.631468	0.555991	0.126896	1.000000	0.467109	0.479904	0.293907	0.410050	0.356713	0.601995	0.055680	0.347900	0.637306	0.572368	0.640605	0.575000	0.344538	0.478685	0.559211	0.651387	0.616366	0.629630	0.233021	0.637813	0.521891	0.584270	0.588448	0.640538	0.626590	0.628445	0.623742	0.558615	0.597884	0.605416	0.319672	0.624837	0.641860	0.442997	0.634518	0.567164	0.459377	0.275168	0.640000	0.554257	0.599647	0.635007	0.278722	0.522230	0.353414	0.515997	0.530035	0.628352	0.625000	0.551566	0.623377	0.622172	0.503268	0.555556	0.635762	0.608696	0.494859	0.246468	0.606876	0.635104	0.618772	0.521930	0.493029	0.567502	0.266667	0.590747	0.447796	0.625663	0.632829	0.604167	0.626178	0.591143	0.540816	0.224044	0.575806	0.630202	0.543046	0.617312	0.592593	0.582215	0.619576	0.627329	0.405955	0.624000	0.622356	0.632242	0.639175	0.315992	0.604511	0.631214	0.638783	0.394366	0.646154	0.606061	0.585198	0.379447	0.624093	0.526681	0.639816	0.174357	0.528799	0.633952	0.442344	0.518519	0.634667	0.334285	0.630986	0.565625	0.457077	0.630332	0.567965	0.631717	0.405405	0.651217	0.326531	0.619608	0.623978	0.233618	0.642777	0.643985	0.630460	0.523013	0.604069	0.563681	0.549174	0.560656	0.498221	0.627572	0.593041	0.625907	0.182791	0.638985	0.631937	0.612482	0.617535	0.516961	0.117596	0.595420	0.517606	0.608016	0.314900	0.565428	0.632411	0.632588	0.633803	0.594993	0.603030	0.620384	0.645995	0.624204	0.441192	0.037192	0.336894	0.654255	0.623719	0.559933	0.640094	0.592920	0.385827	0.650759	0.581649	0.531884	0.503578	0.616457	0.635697	0.603426	0.636714	0.302277	0.623279	0.308271	0.542399	0.629862	0.614934	0.523035	0.379447	0.576985	0.337727	0.490018	0.615226	0.627235	0.630165	0.606432	0.625239	0.618287	0.601852	0.483406	0.636816	0.558140	0.590980	0.631347	0.145339	0.594993	0.205978	0.195517	0.570962	0.636912	0.607621	0.637037	0.517483	0.617843	0.615385	0.638636	0.613569	0.610745	0.623563	0.571885	0.512957	0.597561	0.618143	0.631696	0.636459	0.531516	0.659517	0.144570	0.626984	0.567657	0.592864	0.647619	0.640264	0.597865	0.353414	0.503571	0.561014	0.630485	0.321443	0.637911	0.572687	0.508021	0.631293	0.651163	0.605725	0.608321	0.615682	0.626238	0.367878	0.507143	0.595238	0.450281	0.588785	0.315506	0.638743	0.606509	0.620853	0.628235	0.517483	0.633124	0.441143	0.605166	0.632794	0.404669	0.557632	0.640257	0.645238	0.643357	0.605725	0.507958	0.517483	0.260483	0.609506	0.604779	0.627717	0.612669	0.264005	0.653846	0.588235	0.239766	0.644650	0.615819	0.571895	0.653514	0.349531	0.155450	0.109202	0.375114	0.631004	0.559211	0.633588	0.633833	0.602914	0.484740	0.398438	0.636459	0.622669	0.605067	0.623436	0.634615	0.515395	0.586989	0.647428	0.244111	0.617886	0.157571	0.638246	0.592000	0.638732	0.643799	0.601504	0.598439	0.457307	0.579710	0.604069	0.512295	0.579618	0.564815	0.577629	0.558678	0.644562	0.581224	0.619189	0.131579	0.615845	0.606374	0.629508	0.220371	0.403751	0.619898	0.073529	0.640199	0.504440	0.542149	0.639269	0.373516	0.607477	0.437601	0.612637	0.025639	0.626901	0.618847	0.563934	0.590909	0.638554	0.615607	0.552117	0.411765	0.569536	0.545586	0.620957	0.580247	0.557596	0.636034	0.334967	0.591469	0.327084	0.545045	0.626907	0.580952	0.633785	0.503597	0.614306	0.620087	0.636145	0.624303	0.560656	0.513202	0.572337	0.472119	0.548092	0.582803	0.621701	0.450281	0.173950	0.537700	0.482759	0.602410	0.591415	0.596003	0.640662	0.516854	0.365745	0.620592	0.545763	0.604511	0.238997	0.535652	0.488330	0.540816	0.637390	0.554949	0.633369	0.635268	0.550989	0.614328	0.635983	0.588037	0.630802	0.641656	0.615603	0.622685	0.504970	0.298755	0.521127	0.636364	0.613435	0.641350	
0.396662	0.518135	0.555267	0.477053	0.281185	0.577546	0.618732	0.131187	0.510441	0.438903	0.413486	0.622141	0.412437	0.442786	0.495294	0.419987	0.569904	0.313725	0.402049	0.516241	0.643485	0.639287	0.510490	0.392788	0.430094	0.431876	0.612303	0.354881	0.328418	0.617618	0.200577	0.338441	0.402813	0.373125	0.648713	0.385511	0.511870	0.635847	0.270458	0.454768	0.560044	0.584062	0.646717	0.597077	0.410419	0.282369	0.637175	0.539957	0.535815	0.565906	0.406628	0.507585	0.615670	0.444855	0.320539	0.565147	0.359211	0.296448	0.343958	0.464720	0.593099	0.268056	0.565171	0.299932	0.605368	0.644503	0.306857	0.487455	0.327297	0.587506	0.431960	0.425693	0.620555	0.526375	0.443069	0.069844	0.348344	0.600291	0.625528	0.533632	0.361367	0.460695	0.305707	0.622951	0.394602	0.595226	0.472441	0.451970	0.136024	0.607571	0.313317	0.379221	0.551310	0.311442	0.605067	0.549366	0.429073	0.298772	0.569904	0.426065	0.471789	0.298772	0.486326	0.165979	0.597970	0.127628	0.560510	0.352489	0.634700	0.446230	0.183540	0.530011	0.239944	0.262021	0.533632	0.616840	0.341691	0.467109	1.000000	0.627796	0.585608	0.633180	0.133234	0.596907	0.160242	0.586099	0.436296	0.615684	0.453988	0.311442	0.616102	0.656716	0.274048	0.480192	0.525309	0.425612	0.529844	0.500292	0.228693	0.595787	0.592288	0.513295	0.504113	0.519495	0.560350	0.609108	0.606799	0.570818	0.117736	0.436954	0.490277	0.634565	0.448000	0.268056	0.641067	0.560126	0.481328	0.263231	0.590563	0.411690	0.577401	0.629104	0.131835	0.631396	0.624334	0.445679	0.381570	0.618826	0.526973	0.497385	0.641318	0.619247	0.523236	0.575600	0.622649	0.533622	0.343958	0.495596	0.496471	0.604989	0.643478	0.619094	0.532209	0.588475	0.613042	0.532584	0.532048	0.576862	0.547991	0.530973	0.249825	0.515455	0.609533	0.489869	0.634791	0.513120	0.585290	0.599310	0.557987	0.547976	0.633941	0.422180	0.554098	0.459841	0.442653	0.592657	0.339547	0.505288	0.451415	0.638122	0.390464	0.334001	0.605303	0.142964	0.365662	0.628070	0.499414	0.437545	0.647059	0.422376	0.174231	0.223647	0.422180	0.603647	0.385262	0.620690	0.631004	0.481856	0.606426	0.430000	0.159410	0.494118	0.120573	0.438202	0.408657	0.533701	0.516763	0.471084	0.491686	0.625275	0.310298	0.607595	0.624288	0.276434	0.217298	0.550580	0.335113	0.544950	0.451625	0.501174	0.515116	0.365662	0.454433	0.639550	0.319334	0.328418	0.224911	0.554839	0.589945	0.615904	0.431078	0.533784	0.387847	0.354881	0.334001	0.352708	0.438237	0.446363	0.633110	0.108980	0.607765	0.422907	0.359211	0.609852	0.492308	0.587697	0.145725	0.521887	0.314865	0.630582	0.628475	0.395109	0.473716	0.431078	0.444307	0.110606	0.459658	0.590220	0.630009	0.456548	0.359211	0.632944	0.142964	0.284732	0.599081	0.203170	0.540630	0.404092	0.548476	0.326174	0.571429	0.364351	0.320539	0.635990	0.461913	0.266852	0.314865	0.515204	0.382466	0.354881	0.484433	0.479825	0.280000	0.476591	0.542035	0.461445	0.229950	0.423174	0.541943	0.506698	0.567422	0.573235	0.373125	0.295284	0.638770	0.329538	0.533333	0.522793	0.545353	0.248596	0.419457	0.382855	0.426868	0.598341	0.585492	0.492546	0.522337	0.595614	0.131835	0.214746	0.616484	0.495596	0.603306	0.499418	0.569980	0.637805	0.409669	0.521839	0.584375	0.374185	0.562567	0.470517	0.617743	0.214746	0.347250	0.179562	0.313725	0.599534	0.432230	0.351619	0.481856	0.495554	0.639612	0.542714	0.606107	0.584071	0.499119	0.153960	0.609147	0.537549	0.487776	0.497935	0.588542	0.626866	0.229950	0.561104	0.586387	0.576623	0.409409	0.547778	0.557444	0.518303	0.298772	0.531830	0.431619	0.570827	0.278813	0.464806	0.617656	0.404777	0.298826	0.610652	0.525956	0.274048	0.449784	0.527386	0.585013	0.210904	0.151223	0.536394	0.374185	0.346154	0.498834	0.402556	0.646933	0.335113	0.456548	0.087423	0.413968	0.407548	0.471653	0.294118	0.508140	0.425078	0.580747	0.604020	0.622773	0.289438	0.310298	0.633638	0.297611	0.630098	0.618182	0.270458	0.423633	0.611057	0.557359	0.352808	0.343958	0.605606	0.523973	0.506362	0.632204	0.455275	0.208024	0.467438	0.218571	0.270458	0.505546	0.629666	0.579969	0.639137	0.406390	0.075993	0.494090	0.388889	0.276434	0.334001	0.482304	0.367560	0.609201	0.629405	0.269257	0.635421	0.440994	0.604769	0.263231	0.475962	0.611263	0.557082	0.604067	0.622407	0.397946	0.299932	0.462379	0.209620	0.389677	0.363517	0.484703	0.516724	0.276434	0.633535	0.298772	0.186182	0.638100	0.297611	0.358130	0.179562	0.442803	0.633488	0.203170	0.338441	0.298772	0.606640	0.483660	0.641309	0.616434	0.384217	0.252278	0.339547	0.525773	0.233711	0.210904	0.249825	0.460220	0.630189	0.536558	0.521143	0.612738	0.567888	0.393822	0.606719	0.541176	0.440994	0.382620	0.503233	0.644501	0.109174	0.224911	0.381570	0.453875	0.542297	
0.396684	0.512879	0.575116	0.465786	0.279261	0.584935	0.612994	0.132170	0.514418	0.432466	0.409608	0.618397	0.411097	0.441286	0.504094	0.409805	0.562633	0.311619	0.399491	0.509804	0.633844	0.653802	0.507532	0.391555	0.428660	0.436869	0.619839	0.352556	0.326232	0.624137	0.199140	0.336201	0.401525	0.369410	0.628008	0.383033	0.511226	0.649302	0.268595	0.462940	0.558089	0.618956	0.644040	0.607791	0.411616	0.280438	0.650768	0.579429	0.530566	0.554217	0.406586	0.504640	0.579809	0.451929	0.318395	0.563200	0.356863	0.294437	0.341689	0.469166	0.609235	0.266207	0.563231	0.297901	0.606330	0.635303	0.304788	0.484561	0.325117	0.597843	0.431762	0.421777	0.617886	0.524535	0.441574	0.070385	0.346053	0.615756	0.620265	0.535117	0.359008	0.462750	0.303644	0.619220	0.393359	0.602036	0.458760	0.447980	0.135015	0.618026	0.315433	0.378065	0.561346	0.309348	0.612951	0.550741	0.428672	0.296748	0.562633	0.427148	0.480907	0.296748	0.488180	0.167199	0.587879	0.126677	0.581837	0.354545	0.628009	0.448403	0.182213	0.531532	0.238262	0.260208	0.545151	0.616761	0.343960	0.479904	0.627796	1.000000	0.575199	0.622489	0.132244	0.574359	0.161423	0.619226	0.438542	0.608822	0.457317	0.309348	0.609854	0.625954	0.272165	0.477327	0.540268	0.422957	0.521759	0.503188	0.227080	0.593812	0.584143	0.511494	0.488318	0.522235	0.544269	0.635505	0.588592	0.563530	0.116854	0.425558	0.496778	0.650056	0.457492	0.266207	0.609501	0.561275	0.496170	0.261411	0.598688	0.410354	0.563209	0.628975	0.130855	0.628670	0.621574	0.447853	0.377821	0.617811	0.525127	0.512998	0.611695	0.629338	0.514546	0.582988	0.649189	0.541926	0.341689	0.504378	0.487719	0.624831	0.645773	0.607486	0.556349	0.580416	0.637884	0.529609	0.524535	0.559117	0.543840	0.552255	0.248084	0.513867	0.607571	0.483412	0.620127	0.500870	0.571873	0.607160	0.554951	0.551572	0.633124	0.420789	0.546739	0.448507	0.441158	0.588611	0.337302	0.501168	0.452323	0.617343	0.390525	0.331785	0.586361	0.141907	0.363281	0.641921	0.503497	0.440000	0.630245	0.427233	0.172965	0.222065	0.424546	0.602424	0.385356	0.607428	0.619214	0.490834	0.559441	0.429814	0.158242	0.504094	0.119671	0.433002	0.409867	0.533395	0.510345	0.481437	0.486423	0.621657	0.308210	0.613372	0.606232	0.274537	0.215756	0.544255	0.332891	0.535320	0.449653	0.497083	0.515607	0.363281	0.452876	0.621284	0.321483	0.326232	0.223322	0.577540	0.591713	0.613909	0.425903	0.538634	0.385356	0.352556	0.331785	0.350394	0.445404	0.446078	0.647103	0.109806	0.604084	0.425266	0.356863	0.600980	0.492941	0.594841	0.144649	0.531374	0.312752	0.615177	0.653523	0.391304	0.466066	0.429639	0.447724	0.109774	0.453220	0.589107	0.606679	0.452555	0.356863	0.630220	0.141907	0.282787	0.611298	0.201717	0.554151	0.401525	0.549862	0.324000	0.582145	0.363281	0.318395	0.624386	0.462750	0.265010	0.312752	0.525956	0.383418	0.352556	0.494615	0.478873	0.278082	0.479714	0.544554	0.459867	0.228330	0.418023	0.554336	0.507238	0.562232	0.575472	0.370706	0.293279	0.641156	0.327345	0.540390	0.523236	0.534521	0.246862	0.418079	0.385335	0.427948	0.602234	0.575258	0.484884	0.521640	0.582445	0.130855	0.213220	0.608819	0.503211	0.595644	0.512731	0.594349	0.626547	0.407080	0.515429	0.586528	0.371762	0.568085	0.455589	0.623537	0.213220	0.344964	0.178261	0.311619	0.601857	0.432030	0.349311	0.480189	0.491456	0.617479	0.530816	0.643050	0.576903	0.502043	0.152829	0.599718	0.540146	0.480142	0.491496	0.586528	0.657325	0.228330	0.553692	0.579167	0.589147	0.411876	0.517127	0.555527	0.508377	0.296748	0.535739	0.428928	0.586695	0.276902	0.465621	0.607579	0.408690	0.300862	0.631718	0.521838	0.272165	0.449479	0.516564	0.583033	0.209402	0.150110	0.535635	0.371762	0.343874	0.516802	0.400000	0.635626	0.332891	0.454988	0.086758	0.408833	0.409850	0.470024	0.292120	0.504046	0.431153	0.554683	0.593000	0.635031	0.287466	0.308210	0.623972	0.295593	0.616892	0.602445	0.268595	0.423485	0.599421	0.571582	0.355135	0.341689	0.602590	0.515323	0.498687	0.632788	0.445126	0.209517	0.469449	0.217021	0.268595	0.501451	0.614422	0.584246	0.634544	0.402540	0.076579	0.493537	0.385109	0.274537	0.331785	0.467501	0.366472	0.616867	0.630011	0.267402	0.635262	0.439506	0.589601	0.261411	0.475508	0.603945	0.582545	0.615385	0.615879	0.395408	0.297901	0.468034	0.208125	0.388462	0.361147	0.475850	0.505734	0.274537	0.624785	0.296748	0.184838	0.619379	0.295593	0.355788	0.178261	0.439489	0.614815	0.201717	0.336201	0.296748	0.599600	0.494979	0.627037	0.619618	0.384319	0.250522	0.337302	0.537634	0.232068	0.209402	0.248084	0.452555	0.617840	0.536913	0.514773	0.630264	0.559486	0.392583	0.606686	0.533705	0.437037	0.380155	0.489772	0.629032	0.108352	0.223322	0.377821	0.449878	0.539276	
0.231141	0.341463	0.430719	0.293295	0.157895	0.427165	0.504466	0.236299	0.333917	0.260870	0.240296	0.521241	0.242894	0.263408	0.319802	0.246131	0.415032	0.177642	0.233766	0.333917	0.612160	0.589661	0.329238	0.227848	0.255132	0.559772	0.494737	0.203096	0.186667	0.619116	0.110361	0.192863	0.235076	0.214554	0.588300	0.223218	0.335664	0.595440	0.151456	0.280968	0.391906	0.470699	0.567957	0.620597	0.241596	0.158607	0.577704	0.606574	0.362010	0.643475	0.238342	0.328065	0.653370	0.272859	0.181818	0.410274	0.205805	0.167116	0.196286	0.285920	0.610575	0.150019	0.412646	0.169231	0.468680	0.604233	0.173446	0.304239	0.185976	0.440391	0.259598	0.250643	0.635064	0.356354	0.268461	0.129204	0.199016	0.481203	0.633428	0.368186	0.207156	0.284066	0.172745	0.517873	0.229825	0.474576	0.290230	0.273486	0.073654	0.486957	0.488728	0.219229	0.391906	0.176245	0.469167	0.383571	0.580466	0.168526	0.415032	0.255771	0.299393	0.168526	0.309059	0.294573	0.453754	0.068966	0.414982	0.518192	0.590427	0.269720	0.100559	0.358055	0.133333	0.146417	0.367501	0.499538	0.519687	0.293907	0.585608	0.575199	1.000000	0.624747	0.072094	0.441263	0.285081	0.614282	0.264041	0.482737	0.277235	0.176245	0.637241	0.589147	0.153607	0.299393	0.364823	0.253852	0.639461	0.328652	0.126722	0.461145	0.446394	0.337408	0.320988	0.345499	0.394062	0.488738	0.450387	0.413449	0.063466	0.259598	0.318021	0.588143	0.274112	0.150019	0.580538	0.646465	0.312057	0.147139	0.449098	0.241596	0.653909	0.534396	0.071313	0.540273	0.540620	0.270977	0.219895	0.509912	0.355218	0.332165	0.569143	0.506699	0.344924	0.433956	0.554169	0.612800	0.196286	0.321580	0.319802	0.512882	0.568771	0.485812	0.606541	0.451842	0.571738	0.365946	0.356354	0.424983	0.372650	0.379463	0.139171	0.631972	0.491589	0.306652	0.515470	0.328652	0.432787	0.470588	0.391084	0.378747	0.604768	0.250000	0.392170	0.277858	0.266570	0.647974	0.193548	0.320988	0.274737	0.630429	0.227188	0.190114	0.465517	0.077544	0.209853	0.539701	0.323353	0.580548	0.545881	0.252570	0.095238	0.123768	0.250000	0.631246	0.223881	0.504615	0.596643	0.308458	0.464640	0.258324	0.086817	0.319802	0.065041	0.259598	0.239645	0.644161	0.337408	0.295739	0.310259	0.543478	0.175546	0.484468	0.506017	0.155039	0.120063	0.381373	0.190802	0.378194	0.588910	0.322171	0.331581	0.209853	0.273486	0.552846	0.499385	0.186667	0.124507	0.401604	0.632269	0.488155	0.255771	0.363011	0.223881	0.203096	0.190114	0.201738	0.265306	0.272232	0.602883	0.198185	0.639873	0.251286	0.205805	0.470439	0.313851	0.452258	0.079096	0.354080	0.178339	0.534925	0.556031	0.228508	0.292683	0.255771	0.268461	0.059519	0.280968	0.644060	0.512351	0.279725	0.205805	0.540337	0.077544	0.160031	0.614825	0.111860	0.380014	0.235076	0.379850	0.185284	0.417772	0.209853	0.181818	0.576395	0.284066	0.149300	0.178339	0.344924	0.545980	0.203096	0.597211	0.610318	0.157182	0.299393	0.381503	0.287770	0.127459	0.250643	0.382343	0.329825	0.405089	0.420323	0.214554	0.166410	0.559424	0.187357	0.367375	0.339149	0.369305	0.138443	0.247423	0.561110	0.253852	0.479573	0.439438	0.306050	0.346648	0.451842	0.071313	0.118577	0.503094	0.321580	0.656050	0.330410	0.440580	0.557992	0.240296	0.343195	0.432362	0.215223	0.412254	0.286537	0.617290	0.118577	0.198335	0.098282	0.177642	0.641716	0.258961	0.201058	0.308458	0.312057	0.545882	0.371409	0.572581	0.432220	0.321580	0.083736	0.502766	0.360882	0.306050	0.316832	0.435637	0.540541	0.127459	0.645174	0.429182	0.432309	0.240946	0.377088	0.626872	0.332165	0.168526	0.636735	0.254492	0.418206	0.156468	0.288385	0.640408	0.552933	0.483806	0.618864	0.350658	0.153607	0.272859	0.360882	0.441330	0.116343	0.082192	0.368619	0.215223	0.197652	0.329238	0.235730	0.558891	0.190802	0.279725	0.046779	0.242245	0.563702	0.294518	0.165703	0.331581	0.255132	0.427818	0.462376	0.597039	0.162871	0.175546	0.553873	0.167821	0.510104	0.477273	0.151456	0.252570	0.484507	0.401879	0.527432	0.196286	0.464388	0.350087	0.626603	0.622122	0.271605	0.362750	0.285303	0.120805	0.151456	0.327477	0.635577	0.426974	0.602460	0.235730	0.140198	0.315044	0.224543	0.155039	0.190114	0.300000	0.211871	0.483427	0.621005	0.150738	0.529236	0.264674	0.456830	0.147139	0.298177	0.640561	0.417851	0.630333	0.511811	0.231141	0.169231	0.288385	0.115598	0.225867	0.208506	0.300000	0.339728	0.155039	0.551204	0.168526	0.102073	0.512195	0.167821	0.205128	0.098282	0.596349	0.510509	0.111860	0.192863	0.168526	0.461391	0.309659	0.540955	0.629630	0.223218	0.140625	0.193548	0.617663	0.129666	0.116343	0.139171	0.279725	0.505994	0.364823	0.348942	0.510353	0.404149	0.228508	0.475135	0.368746	0.264674	0.220561	0.320395	0.561656	0.058728	0.124507	0.219895	0.274737	0.368746	
0.328926	0.457005	0.537168	0.408245	0.228700	0.536477	0.577033	0.163358	0.450170	0.368611	0.341207	0.604208	0.344683	0.371973	0.439744	0.349007	0.520163	0.256071	0.332454	0.449198	0.636868	0.619767	0.444119	0.324496	0.360996	0.489518	0.579424	0.290968	0.268493	0.641498	0.161722	0.276990	0.334212	0.306538	0.631910	0.318254	0.457282	0.635935	0.219718	0.392077	0.500693	0.559598	0.626506	0.618557	0.342947	0.229692	0.636396	0.589547	0.480532	0.601774	0.338591	0.448461	0.645143	0.383436	0.261826	0.519563	0.294657	0.241514	0.281675	0.397572	0.607324	0.217710	0.530612	0.244444	0.564606	0.646309	0.250277	0.419532	0.267544	0.539207	0.366925	0.355023	0.643320	0.476145	0.378656	0.087678	0.285404	0.566890	0.631301	0.484648	0.296496	0.398176	0.249307	0.593911	0.327157	0.583403	0.406250	0.385284	0.108917	0.576033	0.380080	0.312867	0.503464	0.254144	0.563512	0.502330	0.483662	0.243469	0.523788	0.361846	0.417209	0.243469	0.428784	0.205743	0.564481	0.102102	0.518719	0.416135	0.627732	0.380318	0.147714	0.472606	0.194286	0.212670	0.484648	0.591745	0.410377	0.410050	0.633180	0.622489	0.624747	1.000000	0.106651	0.547294	0.198780	0.621491	0.372812	0.573345	0.390219	0.254144	0.649014	0.639403	0.222722	0.414207	0.477499	0.359294	0.580081	0.445312	0.184951	0.564676	0.559263	0.455647	0.441278	0.464131	0.509242	0.575174	0.553819	0.518149	0.094089	0.366925	0.432512	0.634130	0.384065	0.217710	0.627004	0.607711	0.429703	0.213680	0.551215	0.342947	0.619163	0.616931	0.105516	0.615385	0.619729	0.381976	0.313767	0.600242	0.469914	0.446933	0.647407	0.587762	0.462428	0.539316	0.614820	0.577274	0.281675	0.441061	0.441712	0.593381	0.632460	0.577482	0.583746	0.555362	0.624050	0.483673	0.475191	0.534591	0.482824	0.493227	0.202503	0.570600	0.583402	0.422675	0.595492	0.450195	0.539556	0.569009	0.505322	0.490637	0.635479	0.354167	0.503005	0.391039	0.376156	0.625764	0.277929	0.439312	0.386932	0.640446	0.323607	0.273224	0.570326	0.114558	0.300161	0.618446	0.441393	0.498893	0.615090	0.357588	0.140082	0.180771	0.354167	0.632625	0.319149	0.591020	0.648238	0.426018	0.569462	0.365235	0.127962	0.436793	0.096386	0.366925	0.340336	0.590598	0.457586	0.409433	0.429351	0.615975	0.253179	0.558860	0.587464	0.224719	0.175520	0.496732	0.274167	0.494614	0.505304	0.442808	0.448125	0.300161	0.384262	0.624811	0.387081	0.268493	0.181818	0.507068	0.622682	0.568937	0.361846	0.478900	0.319149	0.290968	0.273224	0.289117	0.373457	0.383632	0.638806	0.136101	0.636515	0.355879	0.294657	0.563690	0.431043	0.557391	0.116806	0.473231	0.257033	0.609412	0.617658	0.325384	0.409457	0.361846	0.377630	0.088324	0.395124	0.630287	0.605889	0.393493	0.294657	0.613001	0.114558	0.231673	0.627571	0.163858	0.492997	0.334212	0.493920	0.266594	0.526173	0.300161	0.261826	0.617275	0.399189	0.216704	0.257033	0.465318	0.445978	0.290968	0.541254	0.536913	0.227706	0.414207	0.497898	0.403030	0.185993	0.355023	0.497902	0.450732	0.521262	0.531600	0.306538	0.240535	0.624299	0.269441	0.478754	0.458858	0.480415	0.201480	0.350731	0.454838	0.359294	0.577666	0.542643	0.421891	0.466570	0.557977	0.105516	0.173410	0.595395	0.442043	0.638538	0.447587	0.538829	0.629407	0.341207	0.461167	0.533511	0.307445	0.522015	0.402427	0.624301	0.173410	0.284473	0.144451	0.256071	0.620324	0.366081	0.288191	0.428004	0.431683	0.627692	0.488701	0.602055	0.542147	0.434185	0.123515	0.594132	0.479087	0.425871	0.437870	0.537062	0.602689	0.185993	0.604910	0.531431	0.542073	0.342078	0.494140	0.606174	0.449854	0.243469	0.586057	0.360145	0.525090	0.226712	0.400808	0.640501	0.468270	0.364097	0.627533	0.471716	0.222722	0.383436	0.480989	0.545855	0.170237	0.121284	0.479471	0.307445	0.283542	0.442167	0.335090	0.623123	0.274167	0.392476	0.069640	0.343816	0.471290	0.410849	0.239554	0.448125	0.360996	0.541629	0.556177	0.637393	0.235623	0.253179	0.621868	0.242492	0.595296	0.576014	0.219718	0.357588	0.576200	0.506190	0.420697	0.281675	0.563707	0.470024	0.561439	0.642053	0.381781	0.256452	0.398785	0.176572	0.219718	0.444770	0.651786	0.533036	0.648792	0.335090	0.095319	0.431605	0.320043	0.224719	0.273224	0.417000	0.302900	0.567139	0.640993	0.218715	0.605016	0.373649	0.550347	0.213680	0.414622	0.636263	0.524944	0.628230	0.588329	0.328926	0.244444	0.401817	0.169177	0.321827	0.298331	0.416000	0.459603	0.224719	0.616547	0.243469	0.149883	0.595161	0.242492	0.293737	0.144451	0.503739	0.590415	0.163858	0.276990	0.243469	0.564412	0.424603	0.618350	0.639508	0.318254	0.204545	0.277929	0.580309	0.189112	0.170237	0.202503	0.391459	0.593559	0.483183	0.463754	0.582126	0.513476	0.325384	0.577005	0.487252	0.372620	0.314667	0.439528	0.630086	0.087167	0.181818	0.313767	0.386932	0.485364	
0.430000	0.307427	0.231469	0.357430	0.511945	0.235139	0.186192	0.009970	0.314488	0.399103	0.425121	0.173152	0.421053	0.386667	0.328413	0.416076	0.248603	0.504673	0.430693	0.314488	0.113088	0.125088	0.318996	0.435443	0.407323	0.040676	0.189563	0.469274	0.497006	0.095035	0.543860	0.483965	0.428571	0.464000	0.130212	0.443299	0.312830	0.120189	0.528169	0.355649	0.264095	0.197778	0.142628	0.081093	0.418269	0.510204	0.136294	0.069914	0.289431	0.069342	0.423358	0.320144	0.085949	0.378495	0.525994	0.251768	0.425414	0.509804	0.471264	0.366255	0.086450	0.574468	0.249300	0.504854	0.208431	0.119543	0.514286	0.344961	0.504505	0.228498	0.400901	0.409302	0.093340	0.294215	0.388646	0.005152	0.477273	0.197558	0.092660	0.284345	0.461538	0.368530	0.496815	0.171484	0.437186	0.198883	0.361055	0.381974	0.611111	0.191604	0.026169	0.455497	0.264095	0.495298	0.208187	0.271756	0.039224	0.532468	0.248603	0.392694	0.350394	0.545455	0.339695	0.012835	0.219212	0.563218	0.245179	0.030313	0.113088	0.386957	0.576744	0.292763	0.571429	0.527076	0.284345	0.186192	0.028986	0.356713	0.133234	0.132244	0.072094	0.106651	1.000000	0.227621	0.012356	0.087426	0.390244	0.198883	0.377119	0.476489	0.086450	0.134746	0.564460	0.350394	0.287097	0.404598	0.055660	0.319569	0.544000	0.212919	0.226175	0.311189	0.327206	0.303754	0.264487	0.187368	0.218942	0.249649	0.586826	0.400901	0.330241	0.117028	0.376874	0.539007	0.135258	0.066942	0.336484	0.561151	0.218942	0.413462	0.067913	0.162409	0.598870	0.155052	0.162706	0.380952	0.449086	0.180162	0.295191	0.316163	0.147229	0.179255	0.304274	0.234211	0.144130	0.059215	0.465517	0.326606	0.328413	0.170010	0.141607	0.194323	0.064633	0.221669	0.126871	0.286174	0.294215	0.242177	0.280757	0.273846	0.576779	0.053309	0.193689	0.342308	0.171484	0.319569	0.234519	0.204363	0.265672	0.275969	0.105077	0.400932	0.264881	0.376321	0.391209	0.078276	0.482558	0.327206	0.376068	0.102417	0.436548	0.483776	0.211653	0.605405	0.472826	0.158645	0.324818	0.040621	0.158929	0.406467	0.625000	0.560976	0.400932	0.083490	0.431877	0.185610	0.126871	0.340344	0.213429	0.398190	0.598985	0.328413	0.603550	0.396396	0.416465	0.055817	0.311189	0.354582	0.338403	0.159928	0.496855	0.198661	0.187368	0.498270	0.531120	0.273425	0.494118	0.276398	0.042737	0.326007	0.316726	0.461957	0.381974	0.154380	0.026759	0.479042	0.599190	0.253561	0.077968	0.194111	0.406393	0.288026	0.447301	0.480447	0.501475	0.432584	0.392936	0.379310	0.116798	0.008193	0.084240	0.412993	0.469613	0.204128	0.334586	0.220025	0.545455	0.296173	0.515528	0.168083	0.146382	0.449495	0.358149	0.401826	0.388646	0.604938	0.372385	0.076101	0.180162	0.373950	0.469613	0.154113	0.670270	0.560811	0.084480	0.600000	0.273425	0.413793	0.275116	0.500000	0.245517	0.456522	0.501529	0.139498	0.368530	0.548043	0.527950	0.304274	0.033452	0.480447	0.048634	0.045959	0.527397	0.350394	0.273846	0.364008	0.557769	0.413953	0.272171	0.318426	0.255747	0.240541	0.448000	0.524590	0.150338	0.501493	0.283892	0.309565	0.283439	0.548872	0.418824	0.033265	0.400000	0.199776	0.230570	0.342967	0.302721	0.221669	0.564972	0.535565	0.189160	0.326606	0.079821	0.317857	0.218673	0.151489	0.429952	0.305842	0.233596	0.430851	0.250000	0.365503	0.093291	0.602510	0.472934	0.650943	0.517134	0.078139	0.397291	0.467606	0.340344	0.336484	0.160505	0.281201	0.124563	0.233290	0.326606	0.590674	0.184839	0.290375	0.342967	0.331471	0.233596	0.149958	0.541833	0.062964	0.236702	0.232073	0.409639	0.277259	0.063914	0.316163	0.467532	0.057438	0.403670	0.240216	0.570447	0.363265	0.087901	0.035931	0.024763	0.095442	0.299160	0.529617	0.378495	0.290375	0.229086	0.559322	0.586387	0.283439	0.452128	0.485714	0.318996	0.427518	0.151748	0.494118	0.373950	0.589041	0.417266	0.036453	0.356000	0.526316	0.316726	0.393593	0.239569	0.213942	0.125000	0.540000	0.522013	0.155731	0.482085	0.182564	0.202965	0.514085	0.401848	0.196903	0.257971	0.030113	0.488506	0.211905	0.299663	0.052353	0.104399	0.362851	0.016434	0.362887	0.553719	0.549296	0.320721	0.095238	0.237650	0.116340	0.427518	0.005622	0.333333	0.435897	0.498270	0.489676	0.349705	0.447439	0.196251	0.107813	0.508834	0.167766	0.393805	0.218942	0.546763	0.351779	0.083686	0.242507	0.081427	0.176063	0.445000	0.543689	0.363265	0.595745	0.428571	0.464481	0.349705	0.309028	0.512111	0.153979	0.519481	0.589862	0.179980	0.521173	0.476454	0.537736	0.040519	0.179435	0.608696	0.478134	0.512987	0.214458	0.339048	0.161378	0.092660	0.432990	0.572491	0.482558	0.057235	0.574803	0.567797	0.569288	0.373950	0.185031	0.287097	0.300676	0.179255	0.255014	0.444444	0.205543	0.283892	0.393805	0.453125	0.327808	0.149832	0.596273	0.566802	0.454308	0.380342	0.283892	
0.529880	0.632291	0.598689	0.622505	0.439242	0.631888	0.633333	0.075093	0.617094	0.565714	0.559921	0.621324	0.553816	0.569260	0.600349	0.574489	0.631818	0.480000	0.549603	0.623932	0.561065	0.569314	0.617900	0.546547	0.568684	0.278313	0.637719	0.494802	0.488273	0.517562	0.334135	0.500528	0.546535	0.535240	0.593607	0.528226	0.624041	0.575540	0.430180	0.560074	0.632238	0.599734	0.609071	0.475884	0.547059	0.445434	0.595812	0.422222	0.626743	0.428256	0.557635	0.622414	0.485234	0.561272	0.481203	0.640732	0.507246	0.461538	0.504202	0.583486	0.477657	0.428894	0.637329	0.457831	0.648834	0.576206	0.465724	0.596429	0.497332	0.637744	0.578244	0.566731	0.513740	0.626964	0.578154	0.039427	0.506276	0.616611	0.507723	0.630894	0.512397	0.596136	0.470588	0.619976	0.548902	0.616411	0.597995	0.579439	0.232143	0.619700	0.187146	0.527383	0.629108	0.470206	0.636052	0.622716	0.269545	0.464912	0.639394	0.550864	0.589928	0.462719	0.599291	0.095771	0.648305	0.218509	0.616541	0.214021	0.543618	0.567669	0.307692	0.625413	0.393975	0.415437	0.616260	0.630769	0.205486	0.601995	0.596907	0.574359	0.441263	0.547294	0.227621	1.000000	0.092338	0.478788	0.572512	0.643095	0.583643	0.465872	0.495682	0.599481	0.437710	0.597122	0.611111	0.567854	0.364545	0.609819	0.377049	0.641667	0.645579	0.625850	0.608014	0.638655	0.634299	0.619048	0.647848	0.649962	0.202335	0.576336	0.584427	0.560000	0.563959	0.422122	0.584375	0.418633	0.589585	0.426304	0.633733	0.556863	0.426047	0.608235	0.225352	0.610731	0.632509	0.577861	0.532928	0.631910	0.629660	0.606684	0.606729	0.624922	0.615643	0.653959	0.587276	0.383380	0.491597	0.595300	0.617801	0.591157	0.601827	0.650000	0.405599	0.643923	0.552068	0.629690	0.635236	0.636296	0.630048	0.594896	0.404133	0.351509	0.640840	0.608541	0.623630	0.621878	0.651504	0.633220	0.626374	0.630905	0.542211	0.549855	0.631661	0.601671	0.581681	0.464211	0.506329	0.613240	0.576493	0.540564	0.533066	0.498409	0.635294	0.243346	0.522634	0.606025	0.611111	0.277978	0.627610	0.565092	0.293103	0.367059	0.555663	0.481725	0.527694	0.642354	0.585949	0.589175	0.653686	0.564054	0.269663	0.595113	0.206986	0.570611	0.542773	0.365410	0.624150	0.585895	0.610619	0.611532	0.479393	0.626667	0.634492	0.432251	0.359763	0.640637	0.491525	0.633013	0.290627	0.624348	0.622642	0.520576	0.586916	0.623791	0.191014	0.479744	0.371328	0.606432	0.462764	0.614070	0.577735	0.633388	0.545821	0.511435	0.496288	0.508333	0.571429	0.580524	0.562030	0.062066	0.484358	0.570048	0.511387	0.619241	0.614437	0.644020	0.247788	0.630705	0.481641	0.626578	0.596703	0.544000	0.601272	0.560461	0.576271	0.190601	0.597043	0.461434	0.641960	0.585185	0.513458	0.612848	0.243346	0.446667	0.480266	0.338129	0.621514	0.530693	0.639488	0.485043	0.633559	0.524691	0.485499	0.587234	0.579577	0.424859	0.488121	0.610597	0.233924	0.511435	0.325047	0.309582	0.441964	0.591727	0.629984	0.600183	0.378947	0.570600	0.613672	0.610490	0.656923	0.648810	0.531154	0.462046	0.610738	0.489883	0.602762	0.614080	0.631494	0.406897	0.565598	0.232746	0.548604	0.636789	0.642442	0.603740	0.639262	0.651031	0.225352	0.355872	0.635599	0.600522	0.472124	0.606529	0.606488	0.619449	0.561886	0.637437	0.635432	0.514286	0.632219	0.593951	0.507166	0.355872	0.508901	0.301471	0.480000	0.466343	0.590258	0.517205	0.605146	0.609003	0.623468	0.646726	0.541072	0.652524	0.604003	0.260979	0.629228	0.632703	0.612645	0.617003	0.635432	0.601898	0.378947	0.403964	0.647493	0.644785	0.557409	0.637239	0.407200	0.620394	0.460526	0.374291	0.578846	0.630483	0.442458	0.592322	0.497528	0.249370	0.177875	0.520859	0.627189	0.435466	0.583723	0.626130	0.632875	0.350000	0.256604	0.631494	0.530612	0.515723	0.600688	0.553907	0.617895	0.497881	0.596296	0.152000	0.562194	0.252597	0.610507	0.458150	0.631218	0.549472	0.648849	0.644847	0.570020	0.449115	0.477223	0.615913	0.458836	0.643445	0.645510	0.425676	0.553520	0.644562	0.630603	0.212740	0.504202	0.642659	0.637730	0.346154	0.546557	0.577320	0.121207	0.585859	0.361702	0.427928	0.617774	0.523251	0.640059	0.567948	0.553907	0.042957	0.611599	0.547284	0.432251	0.492047	0.612758	0.514872	0.608868	0.544568	0.419391	0.634234	0.579545	0.640790	0.421769	0.607207	0.484804	0.615845	0.480287	0.610526	0.545817	0.466594	0.590494	0.348033	0.534137	0.527835	0.589398	0.623729	0.441209	0.611364	0.469298	0.311815	0.636535	0.463227	0.526425	0.301471	0.277366	0.621554	0.338129	0.500528	0.462719	0.647141	0.602303	0.623316	0.511683	0.534274	0.410080	0.495781	0.372106	0.384615	0.350000	0.406429	0.592593	0.639847	0.633987	0.625418	0.622417	0.645161	0.542000	0.648980	0.636881	0.577652	0.546559	0.624237	0.621652	0.188235	0.371328	0.543060	0.585821	0.638505	
0.042521	0.066185	0.090685	0.055548	0.028097	0.089156	0.114199	0.633023	0.064486	0.048657	0.044393	0.123099	0.044927	0.049189	0.061341	0.045594	0.083913	0.031892	0.043056	0.064486	0.187951	0.170468	0.063438	0.041852	0.047460	0.438938	0.112085	0.036885	0.033649	0.221601	0.019231	0.034864	0.043324	0.039170	0.163899	0.040914	0.064878	0.177223	0.026874	0.052904	0.078513	0.107218	0.149780	0.256470	0.044660	0.028233	0.156689	0.292953	0.070875	0.295088	0.043992	0.063176	0.243205	0.051181	0.032704	0.082759	0.037423	0.029861	0.035538	0.053962	0.241911	0.026602	0.083657	0.030268	0.101445	0.178151	0.031080	0.057922	0.033514	0.091957	0.048391	0.046527	0.225349	0.069575	0.050252	0.534052	0.036077	0.107344	0.226887	0.072304	0.037692	0.053565	0.030945	0.124329	0.042254	0.106593	0.054888	0.051313	0.012632	0.110840	0.551022	0.040110	0.078513	0.031622	0.101571	0.076060	0.459661	0.030132	0.083913	0.047593	0.056868	0.030132	0.058975	0.641017	0.096144	0.011804	0.085195	0.517214	0.187951	0.050517	0.017448	0.069965	0.023469	0.025922	0.072304	0.114199	0.536796	0.055680	0.160242	0.161423	0.285081	0.198780	0.012356	0.092338	1.000000	0.239424	0.049322	0.106593	0.052109	0.031622	0.241911	0.158467	0.027282	0.056868	0.071525	0.047194	0.356823	0.063307	0.022241	0.099177	0.092974	0.065270	0.061603	0.067099	0.078384	0.113454	0.096270	0.083529	0.010837	0.048391	0.060947	0.181853	0.051446	0.026602	0.157874	0.304376	0.059633	0.026058	0.096270	0.044660	0.300552	0.131428	0.012218	0.137747	0.131184	0.050783	0.040244	0.118165	0.069314	0.064093	0.145106	0.118783	0.066968	0.089538	0.148225	0.338285	0.035538	0.061734	0.061341	0.125434	0.150856	0.109218	0.313862	0.095004	0.168127	0.071785	0.069575	0.086346	0.073341	0.075413	0.024560	0.369898	0.109593	0.058449	0.124329	0.063307	0.089411	0.103583	0.077997	0.074766	0.201608	0.046394	0.078255	0.052241	0.049854	0.264816	0.034999	0.061603	0.051579	0.206564	0.041718	0.034324	0.099808	0.013321	0.038230	0.134593	0.062128	0.447286	0.134350	0.046927	0.016487	0.021694	0.046394	0.249756	0.041048	0.114572	0.168127	0.058843	0.098924	0.048125	0.014974	0.061341	0.011113	0.048391	0.044259	0.355515	0.065270	0.056076	0.059238	0.133498	0.031486	0.106718	0.113454	0.027554	0.021010	0.075543	0.034459	0.074637	0.433426	0.061865	0.063962	0.038230	0.051313	0.138353	0.551533	0.033649	0.021831	0.082117	0.265762	0.109343	0.047593	0.071265	0.041048	0.036885	0.034324	0.036615	0.049588	0.051048	0.182199	0.620776	0.247720	0.046661	0.037423	0.103709	0.060027	0.095764	0.013597	0.069054	0.032027	0.126905	0.145947	0.041986	0.055416	0.047593	0.050252	0.010146	0.052904	0.271624	0.118165	0.052639	0.037423	0.138595	0.013321	0.028505	0.247077	0.019505	0.075543	0.043324	0.075025	0.033379	0.085067	0.038230	0.032704	0.153122	0.053565	0.026466	0.032027	0.066968	0.504374	0.036885	0.391771	0.410585	0.027961	0.056868	0.075413	0.054359	0.022377	0.046527	0.075931	0.063569	0.081345	0.086986	0.039170	0.029725	0.142097	0.033784	0.072434	0.065662	0.072563	0.024424	0.045861	0.500638	0.047194	0.106092	0.091067	0.058317	0.067360	0.095004	0.012218	0.020737	0.112334	0.061734	0.260177	0.063700	0.096397	0.141011	0.044393	0.066577	0.089793	0.039304	0.083400	0.054094	0.225459	0.020737	0.035942	0.017036	0.031892	0.265237	0.048258	0.036481	0.058843	0.059633	0.133012	0.073212	0.171169	0.089921	0.061734	0.014423	0.115068	0.070615	0.058317	0.060684	0.089793	0.142459	0.022377	0.321079	0.088518	0.090430	0.044526	0.074378	0.316934	0.064093	0.030132	0.347435	0.047327	0.087113	0.027826	0.054491	0.238233	0.472422	0.567239	0.220717	0.068272	0.027282	0.051181	0.070615	0.091703	0.020326	0.014148	0.072563	0.039304	0.035807	0.063438	0.043457	0.140770	0.034459	0.052639	0.007931	0.044793	0.479828	0.055812	0.029590	0.063962	0.047460	0.087369	0.098672	0.170585	0.029047	0.031486	0.137141	0.029997	0.116556	0.104336	0.026874	0.046927	0.107719	0.080574	0.528030	0.035538	0.099681	0.068142	0.375312	0.202849	0.050916	0.633864	0.053830	0.021147	0.026874	0.063045	0.221159	0.088135	0.182891	0.043457	0.555253	0.060290	0.041182	0.027554	0.034324	0.056999	0.038633	0.108094	0.196738	0.026738	0.127150	0.049455	0.096270	0.026058	0.056604	0.249220	0.086218	0.255514	0.121005	0.042521	0.030268	0.054491	0.020189	0.041450	0.037961	0.056999	0.065793	0.027554	0.138716	0.030132	0.017722	0.118289	0.029997	0.037288	0.017036	0.449600	0.118660	0.019505	0.034864	0.030132	0.098419	0.059107	0.132281	0.226887	0.040914	0.024833	0.034999	0.348137	0.022787	0.020326	0.024560	0.052639	0.114944	0.071525	0.067881	0.118783	0.081603	0.041986	0.102955	0.072434	0.049455	0.040378	0.061472	0.142579	0.010008	0.021831	0.040244	0.051579	0.072434	
0.275465	0.394748	0.493338	0.347199	0.189679	0.481836	0.527363	0.197555	0.391089	0.309896	0.286092	0.551629	0.289104	0.312825	0.374167	0.292854	0.459207	0.212942	0.278515	0.390264	0.607226	0.621762	0.383278	0.271638	0.303268	0.546679	0.537004	0.242780	0.223540	0.638435	0.133269	0.230804	0.280035	0.256158	0.589147	0.266251	0.393902	0.618149	0.182073	0.333048	0.444708	0.536621	0.599485	0.645941	0.287599	0.190520	0.599874	0.670754	0.418116	0.601130	0.283825	0.381939	0.617460	0.323719	0.217849	0.455361	0.245946	0.200555	0.234814	0.338737	0.640286	0.180374	0.464230	0.203046	0.514012	0.606513	0.208007	0.358888	0.222729	0.488434	0.308427	0.298077	0.636919	0.409257	0.318653	0.106955	0.238009	0.532077	0.624504	0.421900	0.247525	0.336608	0.207182	0.565608	0.273936	0.525972	0.342833	0.324441	0.089303	0.545389	0.438337	0.261607	0.446288	0.211300	0.518245	0.436132	0.523452	0.202216	0.452991	0.304007	0.354184	0.202216	0.362720	0.247615	0.493633	0.083661	0.472910	0.465201	0.631702	0.320104	0.121563	0.410381	0.160605	0.176112	0.424316	0.539446	0.460308	0.347900	0.586099	0.619226	0.614282	0.621491	0.087426	0.478788	0.239424	1.000000	0.313556	0.524519	0.328755	0.211300	0.635180	0.588235	0.184615	0.353339	0.423729	0.301788	0.594146	0.383437	0.152751	0.501856	0.476371	0.393416	0.373855	0.398527	0.441723	0.549145	0.497192	0.455076	0.077037	0.308427	0.375469	0.637467	0.325161	0.180374	0.580970	0.611911	0.368664	0.176966	0.501685	0.287599	0.614869	0.570074	0.086486	0.589488	0.570461	0.321552	0.262383	0.535488	0.407152	0.390748	0.571242	0.557699	0.400327	0.483575	0.741028	0.636513	0.234814	0.377861	0.374167	0.574182	0.598395	0.529200	0.640503	0.489290	0.623122	0.417742	0.406821	0.459699	0.425361	0.441786	0.167529	0.591880	0.529348	0.361648	0.554558	0.384265	0.467711	0.521070	0.437500	0.430683	0.643581	0.297333	0.443478	0.329472	0.316472	0.615198	0.231608	0.375520	0.325881	0.619021	0.270870	0.227583	0.503890	0.093979	0.250674	0.586577	0.379884	0.541026	0.570853	0.300306	0.115198	0.149240	0.297333	0.640602	0.267023	0.531771	0.597363	0.363713	0.491828	0.306957	0.105109	0.376667	0.078934	0.308427	0.285337	0.622548	0.387654	0.350000	0.364933	0.579603	0.210478	0.530864	0.530627	0.186306	0.144831	0.432842	0.228389	0.429257	0.538602	0.373544	0.387603	0.250674	0.324441	0.567918	0.439953	0.223540	0.150119	0.467187	0.635595	0.539820	0.304007	0.415186	0.267023	0.242780	0.227583	0.241192	0.315015	0.322997	0.630988	0.165105	0.636112	0.298820	0.245946	0.518681	0.369874	0.496438	0.095844	0.412363	0.213761	0.553994	0.601171	0.272405	0.345648	0.304007	0.318653	0.072277	0.332192	0.628544	0.541813	0.331620	0.245946	0.587454	0.093979	0.192201	0.656747	0.135057	0.435233	0.280035	0.432735	0.221918	0.469222	0.250674	0.217849	0.589024	0.336608	0.179523	0.213761	0.401146	0.478618	0.242780	0.597680	0.583144	0.188837	0.353339	0.431419	0.340861	0.153627	0.298077	0.439490	0.385602	0.447142	0.472671	0.256158	0.199723	0.589744	0.224350	0.428169	0.395397	0.423170	0.166667	0.294350	0.503260	0.301788	0.519462	0.485171	0.360959	0.394113	0.490041	0.086486	0.143062	0.530189	0.377861	0.624266	0.385443	0.507485	0.581602	0.286092	0.396721	0.483206	0.256938	0.465370	0.339446	0.651089	0.143062	0.237211	0.118841	0.212942	0.643617	0.307692	0.240398	0.363713	0.366988	0.558140	0.420715	0.618193	0.475391	0.376196	0.101414	0.541652	0.416835	0.360959	0.371608	0.479389	0.598358	0.153627	0.620704	0.480460	0.489905	0.286846	0.421600	0.637950	0.385791	0.202216	0.612064	0.302528	0.476337	0.187994	0.340716	0.631471	0.525543	0.425602	0.646253	0.403587	0.184615	0.323719	0.416026	0.491082	0.140401	0.099561	0.419952	0.256938	0.236413	0.387417	0.280795	0.578027	0.228389	0.330763	0.056886	0.288352	0.512980	0.347752	0.198890	0.383471	0.303268	0.464437	0.498885	0.613041	0.195551	0.210478	0.569144	0.201386	0.544299	0.516271	0.182073	0.300306	0.519189	0.451334	0.467499	0.234814	0.508525	0.401305	0.575124	0.622509	0.322275	0.306880	0.338028	0.145714	0.182073	0.383755	0.621411	0.479478	0.628689	0.280795	0.116173	0.368729	0.267794	0.186306	0.227583	0.352345	0.253028	0.535986	0.617270	0.181224	0.559096	0.314286	0.495694	0.176966	0.351100	0.633375	0.476080	0.650346	0.554897	0.275465	0.203046	0.341567	0.139513	0.269333	0.249101	0.354035	0.395234	0.186306	0.576642	0.202216	0.123373	0.538110	0.201386	0.245155	0.118841	0.533355	0.545263	0.135057	0.230804	0.202216	0.502976	0.365925	0.557244	0.642498	0.266251	0.169252	0.231608	0.627617	0.156250	0.140401	0.167529	0.331620	0.541135	0.418886	0.399184	0.553490	0.449139	0.272405	0.514684	0.416901	0.314286	0.263158	0.374011	0.577150	0.071322	0.150119	0.262383	0.325881	0.420121	
0.606241	0.626761	0.570058	0.614786	0.579505	0.586408	0.522376	0.039943	0.617402	0.639777	0.643377	0.513451	0.642547	0.625173	0.630675	0.629310	0.590495	0.599327	0.620384	0.612634	0.390904	0.422170	0.606498	0.628743	0.639437	0.155732	0.549505	0.621236	0.609555	0.337372	0.495010	0.600649	0.639175	0.620370	0.432927	0.641452	0.634204	0.409350	0.585278	0.620506	0.604013	0.535379	0.464168	0.293355	0.632801	0.578483	0.448385	0.256829	0.632883	0.254930	0.628655	0.624849	0.308874	0.634146	0.593333	0.581633	0.617323	0.587219	0.618357	0.635046	0.310463	0.580180	0.599797	0.594502	0.567879	0.408627	0.602041	0.631179	0.613861	0.570342	0.663877	0.637269	0.332110	0.633257	0.629275	0.020791	0.624000	0.548552	0.329991	0.622914	0.609105	0.642857	0.596252	0.512586	0.649776	0.527397	0.637076	0.630582	0.397351	0.535774	0.102332	0.635115	0.610348	0.611486	0.558511	0.612069	0.150488	0.595525	0.586451	0.624473	0.640205	0.595525	0.644918	0.051199	0.564055	0.380313	0.582583	0.117819	0.386573	0.633015	0.475410	0.631101	0.537594	0.574545	0.618465	0.530513	0.112878	0.637306	0.436296	0.438542	0.264041	0.372812	0.390244	0.572512	0.049322	0.313556	1.000000	0.553082	0.628188	0.574324	0.310463	0.444166	0.578571	0.637644	0.597984	0.632768	0.208585	0.616867	0.554493	0.571686	0.562264	0.634320	0.626683	0.619325	0.600423	0.533115	0.576427	0.590264	0.354545	0.635983	0.618227	0.402453	0.637838	0.580180	0.429201	0.246930	0.633416	0.573503	0.561694	0.612482	0.250173	0.492330	0.391111	0.481351	0.500366	0.631293	0.634146	0.524980	0.607306	0.610048	0.472335	0.522907	0.627040	0.584705	0.462865	0.220799	0.618357	0.623472	0.618405	0.503030	0.461438	0.541632	0.239181	0.572491	0.422434	0.612291	0.621868	0.577381	0.613010	0.593716	0.559259	0.200443	0.536913	0.635561	0.509535	0.624096	0.577519	0.554196	0.604454	0.625272	0.368073	0.618234	0.605291	0.635389	0.659341	0.284256	0.628849	0.624235	0.631579	0.360020	0.617691	0.617647	0.560144	0.410480	0.627145	0.494624	0.638246	0.155532	0.498205	0.626062	0.453222	0.527938	0.618234	0.301040	0.622356	0.534091	0.427208	0.623116	0.560072	0.620979	0.455319	0.633129	0.361991	0.655509	0.623907	0.209128	0.627219	0.609032	0.645807	0.489177	0.598985	0.545766	0.528209	0.562278	0.513619	0.610390	0.616639	0.619411	0.163137	0.622711	0.634731	0.639626	0.622463	0.485273	0.104549	0.599671	0.538462	0.576410	0.283255	0.546218	0.646976	0.608305	0.622356	0.643423	0.607843	0.607313	0.641873	0.635007	0.401781	0.032909	0.303437	0.630682	0.607874	0.553712	0.636025	0.567468	0.408696	0.627002	0.615126	0.504505	0.467428	0.639761	0.631169	0.632911	0.629275	0.335632	0.615180	0.277182	0.520222	0.630174	0.620472	0.485994	0.414847	0.583480	0.304202	0.500994	0.599567	0.618557	0.604348	0.595041	0.593186	0.614665	0.600000	0.454487	0.637566	0.584838	0.588235	0.615385	0.129424	0.643423	0.184083	0.174626	0.598230	0.627401	0.615385	0.624672	0.545802	0.637269	0.604099	0.622596	0.606811	0.586377	0.617284	0.602076	0.481812	0.615132	0.615556	0.629717	0.608213	0.564007	0.638968	0.128734	0.621469	0.551546	0.593301	0.623737	0.620209	0.576208	0.391111	0.523438	0.542010	0.618582	0.289253	0.626651	0.539098	0.479282	0.637555	0.619883	0.591304	0.613251	0.611168	0.621053	0.331958	0.531250	0.625000	0.482474	0.612795	0.283810	0.636872	0.621019	0.623116	0.630923	0.497829	0.618102	0.417156	0.588803	0.628362	0.442060	0.529126	0.625282	0.643939	0.639506	0.577778	0.476712	0.541985	0.233548	0.593171	0.584615	0.639535	0.609836	0.236756	0.626794	0.592083	0.214709	0.640339	0.589744	0.592199	0.634338	0.315057	0.138512	0.097038	0.338634	0.594470	0.589286	0.642276	0.604966	0.580952	0.506876	0.431034	0.612653	0.640986	0.622793	0.625752	0.632353	0.484094	0.606852	0.638184	0.272076	0.626087	0.140419	0.654592	0.599653	0.625150	0.622535	0.594488	0.564706	0.420742	0.600349	0.602369	0.481638	0.575862	0.535256	0.554783	0.578097	0.640227	0.553951	0.585670	0.117076	0.615137	0.573226	0.618224	0.197114	0.366026	0.616848	0.065202	0.638522	0.535922	0.578097	0.625604	0.338002	0.596869	0.401553	0.620588	0.022672	0.634449	0.621418	0.562278	0.617647	0.624041	0.602484	0.535593	0.376299	0.589928	0.518741	0.653793	0.561694	0.562613	0.649551	0.301667	0.577954	0.294429	0.510903	0.641902	0.587629	0.642202	0.527559	0.613534	0.641628	0.634271	0.638398	0.587189	0.484255	0.602410	0.485714	0.522979	0.575862	0.621451	0.474227	0.155165	0.524901	0.512922	0.620130	0.598967	0.574796	0.624060	0.497093	0.329991	0.620272	0.560886	0.632091	0.214011	0.554080	0.534381	0.566667	0.648865	0.536032	0.615901	0.610405	0.518167	0.597322	0.636771	0.570676	0.611111	0.631724	0.654490	0.627451	0.479124	0.331797	0.538462	0.646341	0.623482	0.615556	
0.504924	0.608025	0.611036	0.572840	0.400000	0.635007	0.622833	0.086807	0.606391	0.541702	0.528736	0.636103	0.530396	0.555270	0.587768	0.531579	0.643405	0.435453	0.512043	0.593920	0.584024	0.600935	0.602353	0.510791	0.549393	0.316513	0.642512	0.478140	0.456708	0.549807	0.294180	0.467925	0.523598	0.489011	0.619962	0.497738	0.608087	0.602366	0.387612	0.550628	0.628325	0.614719	0.621883	0.517170	0.520741	0.403561	0.620860	0.462151	0.609610	0.466504	0.519504	0.598586	0.521521	0.548223	0.442529	0.617978	0.483781	0.420332	0.463850	0.558603	0.518732	0.386386	0.642907	0.421053	0.650541	0.599275	0.426357	0.582320	0.451429	0.631016	0.544358	0.537053	0.548018	0.618759	0.553191	0.045708	0.477081	0.640297	0.546626	0.612063	0.490287	0.560000	0.426770	0.631339	0.518386	0.629032	0.576860	0.556213	0.202899	0.630620	0.214390	0.502275	0.616822	0.438224	0.639949	0.618076	0.306755	0.423415	0.625262	0.543723	0.577959	0.421463	0.597905	0.110525	0.640942	0.190797	0.630631	0.244650	0.572676	0.559048	0.270386	0.617358	0.348361	0.378270	0.613552	0.634788	0.235054	0.572368	0.615684	0.608822	0.482737	0.573345	0.198883	0.643095	0.106593	0.524519	0.553082	1.000000	0.558452	0.438224	0.537464	0.617272	0.392430	0.579592	0.607330	0.548611	0.410217	0.591837	0.332989	0.638764	0.628989	0.595811	0.590008	0.609363	0.621583	0.621476	0.639216	0.632168	0.176471	0.546081	0.574841	0.593387	0.552365	0.384384	0.599115	0.461493	0.582665	0.379899	0.636601	0.527802	0.469143	0.644236	0.196868	0.629491	0.643843	0.553011	0.498182	0.635777	0.613636	0.593750	0.629283	0.630409	0.605223	0.636425	0.609631	0.428687	0.465728	0.591125	0.595711	0.621315	0.628166	0.646663	0.448286	0.650000	0.589623	0.618372	0.618759	0.630854	0.618801	0.594001	0.361789	0.395957	0.644254	0.573969	0.637037	0.590267	0.632791	0.637280	0.617159	0.628488	0.570718	0.535777	0.630670	0.564706	0.556314	0.501505	0.467484	0.593180	0.556962	0.569450	0.504050	0.460227	0.646983	0.212860	0.484793	0.638390	0.596047	0.316140	0.637997	0.540870	0.257297	0.326064	0.521815	0.519481	0.508137	0.637232	0.604717	0.579032	0.638298	0.541846	0.236324	0.583002	0.180587	0.547804	0.532743	0.412698	0.600465	0.557834	0.595334	0.627322	0.436715	0.623683	0.646671	0.397614	0.317328	0.616959	0.461684	0.620132	0.330193	0.593824	0.587959	0.486636	0.559594	0.639572	0.218754	0.452902	0.327801	0.608879	0.502000	0.629131	0.543723	0.614232	0.506329	0.483721	0.467803	0.475303	0.547009	0.557155	0.592593	0.071823	0.518021	0.529617	0.481928	0.625551	0.573259	0.638270	0.216814	0.611533	0.442733	0.632883	0.623901	0.510332	0.573311	0.538528	0.542979	0.166098	0.572385	0.500000	0.641642	0.568315	0.481928	0.619658	0.212860	0.406713	0.521955	0.297782	0.618421	0.511131	0.615836	0.448046	0.632455	0.479263	0.450192	0.608128	0.565000	0.384770	0.442733	0.603687	0.266976	0.483721	0.367832	0.351198	0.402379	0.581224	0.617410	0.568823	0.334711	0.540541	0.609774	0.598746	0.619958	0.632807	0.494505	0.418787	0.627038	0.452471	0.613095	0.605263	0.618587	0.360122	0.532399	0.265656	0.527778	0.629353	0.631296	0.576052	0.611494	0.642105	0.196868	0.313808	0.645356	0.584786	0.512385	0.599843	0.611365	0.622622	0.525199	0.600462	0.640974	0.492223	0.643807	0.566445	0.545524	0.313808	0.466292	0.264801	0.441233	0.503506	0.539655	0.473881	0.591935	0.584270	0.639650	0.619259	0.573159	0.654054	0.592710	0.228571	0.636905	0.616541	0.593851	0.593301	0.636917	0.614496	0.334711	0.448081	0.639891	0.636119	0.517668	0.612215	0.450600	0.603125	0.425366	0.419811	0.535993	0.629630	0.398810	0.560066	0.540481	0.284253	0.203922	0.549961	0.611280	0.394422	0.558376	0.622556	0.629183	0.308499	0.224670	0.606691	0.495883	0.470478	0.588235	0.521352	0.631746	0.457900	0.559933	0.132097	0.525573	0.287857	0.576828	0.419197	0.597342	0.532062	0.647945	0.637831	0.606259	0.411013	0.434783	0.633333	0.421875	0.650118	0.644918	0.389610	0.537391	0.648982	0.615494	0.243211	0.461972	0.657675	0.616323	0.389604	0.577209	0.559322	0.139591	0.562396	0.319082	0.389610	0.597484	0.557618	0.619372	0.592790	0.521352	0.049787	0.593125	0.511292	0.393638	0.458333	0.585644	0.483456	0.628079	0.589527	0.388000	0.641170	0.559453	0.639216	0.379899	0.590352	0.526020	0.621640	0.518085	0.641204	0.519248	0.423002	0.576636	0.306723	0.508566	0.483841	0.577488	0.601701	0.395626	0.624666	0.423415	0.274090	0.641266	0.419922	0.482375	0.264801	0.315460	0.629608	0.297782	0.466038	0.421463	0.645120	0.578100	0.631868	0.551175	0.497738	0.365112	0.463713	0.416514	0.339856	0.308499	0.361789	0.561609	0.638475	0.610322	0.605042	0.630409	0.631802	0.504942	0.643083	0.616071	0.549187	0.506812	0.596825	0.632021	0.164009	0.327801	0.507273	0.553586	0.614583	
0.608069	0.641466	0.566322	0.633838	0.575809	0.595623	0.532800	0.042211	0.641860	0.656757	0.652542	0.529501	0.643258	0.645161	0.643541	0.627615	0.600000	0.604878	0.653295	0.630233	0.408994	0.439138	0.626761	0.644412	0.664843	0.164026	0.564477	0.619632	0.624204	0.353484	0.517241	0.605965	0.631429	0.612855	0.445515	0.633431	0.646582	0.429296	0.581315	0.639896	0.615702	0.554439	0.482490	0.307754	0.636620	0.581633	0.466250	0.269718	0.624862	0.267739	0.643972	0.649412	0.323890	0.648221	0.615137	0.597403	0.628049	0.600000	0.616822	0.641026	0.325542	0.562500	0.607143	0.603648	0.574913	0.420639	0.577997	0.634568	0.612440	0.589003	0.650407	0.618785	0.348024	0.649611	0.662234	0.021984	0.616099	0.574059	0.345824	0.626087	0.638298	0.638353	0.615132	0.524024	0.638728	0.546678	0.617535	0.655263	0.383966	0.560916	0.107948	0.639053	0.636364	0.619902	0.574413	0.617492	0.158526	0.607973	0.578218	0.642077	0.650873	0.591362	0.650367	0.054088	0.584087	0.363248	0.611765	0.124230	0.401499	0.663130	0.471513	0.645233	0.546112	0.574431	0.628261	0.544000	0.119037	0.640605	0.453988	0.457317	0.277235	0.390219	0.377119	0.583643	0.052109	0.328755	0.628188	0.558452	1.000000	0.593801	0.325542	0.466873	0.578313	0.620948	0.630197	0.628258	0.219359	0.629847	0.544118	0.575221	0.579093	0.639723	0.625298	0.631818	0.612203	0.543408	0.578139	0.587885	0.338395	0.612466	0.665066	0.422039	0.654402	0.590278	0.440994	0.259397	0.648846	0.573427	0.579946	0.639437	0.262779	0.513669	0.373673	0.504854	0.507205	0.642857	0.620384	0.527301	0.613155	0.637106	0.491018	0.537685	0.621160	0.597723	0.480052	0.232121	0.632399	0.648391	0.626794	0.519016	0.474533	0.555372	0.251312	0.572470	0.438421	0.617904	0.631813	0.585034	0.627155	0.605932	0.549020	0.210845	0.535862	0.643735	0.528529	0.634548	0.583096	0.568240	0.601660	0.617678	0.385312	0.655602	0.606625	0.641460	0.648865	0.298287	0.605016	0.634845	0.640420	0.376969	0.665698	0.600316	0.570925	0.396660	0.625378	0.516949	0.641330	0.163815	0.513437	0.632737	0.458167	0.533333	0.644537	0.315746	0.644217	0.541101	0.439599	0.660955	0.558511	0.638587	0.431772	0.653110	0.345572	0.623306	0.642150	0.219925	0.630485	0.660804	0.646341	0.504620	0.591503	0.551261	0.548232	0.566038	0.527103	0.605291	0.615142	0.618337	0.171787	0.623810	0.623832	0.643505	0.636842	0.500346	0.110279	0.617834	0.528651	0.598394	0.297245	0.561519	0.636612	0.629386	0.632504	0.625767	0.628752	0.618462	0.637216	0.614776	0.419142	0.034785	0.318238	0.648276	0.615854	0.569468	0.622276	0.569356	0.407484	0.632402	0.610390	0.517369	0.488742	0.643478	0.647282	0.653005	0.654255	0.320175	0.632124	0.290923	0.530421	0.649351	0.637195	0.499655	0.400835	0.586441	0.319034	0.515267	0.626455	0.645714	0.635494	0.619808	0.606477	0.622356	0.602254	0.468790	0.643501	0.573913	0.613636	0.637088	0.136420	0.625767	0.193728	0.183825	0.583618	0.643392	0.616525	0.615581	0.532110	0.607735	0.630802	0.658851	0.608081	0.611219	0.633782	0.604341	0.492558	0.613672	0.631922	0.632911	0.648590	0.557143	0.650904	0.135695	0.644719	0.550211	0.579737	0.642066	0.630385	0.588879	0.373673	0.532833	0.552227	0.636472	0.303487	0.637002	0.561372	0.492852	0.629944	0.632420	0.600379	0.626866	0.618290	0.627401	0.347866	0.529081	0.626357	0.470356	0.595122	0.297823	0.640434	0.604006	0.646267	0.631835	0.506058	0.612729	0.427162	0.586566	0.619785	0.422998	0.550517	0.641676	0.642066	0.630566	0.585227	0.494261	0.550459	0.245434	0.611855	0.599434	0.654443	0.606838	0.248782	0.646441	0.591362	0.225759	0.643836	0.595169	0.570940	0.640306	0.330315	0.145960	0.102379	0.354794	0.627672	0.581756	0.645586	0.617420	0.582633	0.513208	0.420619	0.613883	0.626866	0.621118	0.624413	0.619116	0.494888	0.602524	0.628571	0.259091	0.624473	0.147962	0.642317	0.588629	0.623832	0.634747	0.599807	0.568384	0.437718	0.606061	0.607843	0.494085	0.579035	0.545311	0.572161	0.595156	0.629986	0.562604	0.605691	0.123449	0.610592	0.576720	0.612613	0.207363	0.382191	0.626156	0.068854	0.662388	0.537313	0.581315	0.640754	0.354138	0.594439	0.416667	0.630528	0.023971	0.623188	0.614035	0.596913	0.622433	0.625156	0.616541	0.552873	0.391774	0.585789	0.529889	0.648794	0.576332	0.552448	0.647500	0.316398	0.599222	0.308871	0.531801	0.628242	0.597015	0.637755	0.514178	0.650146	0.633333	0.645081	0.643678	0.579760	0.491034	0.598007	0.481409	0.536243	0.599002	0.607634	0.478261	0.163431	0.539658	0.511450	0.621664	0.601329	0.583630	0.652015	0.503937	0.345824	0.615836	0.568384	0.598746	0.225029	0.547445	0.509434	0.559715	0.631169	0.542994	0.612691	0.613995	0.540793	0.606855	0.631884	0.575862	0.618893	0.638070	0.631268	0.621266	0.495277	0.316484	0.528651	0.646972	0.640420	0.629750	
0.598891	0.541667	0.463736	0.557121	0.599078	0.485523	0.402917	0.025564	0.557284	0.623509	0.616216	0.390077	0.618962	0.578680	0.582723	0.585106	0.494749	0.588745	0.609174	0.554455	0.268222	0.294118	0.566524	0.604478	0.602076	0.101838	0.424074	0.637275	0.614737	0.228401	0.585366	0.599174	0.592322	0.573643	0.305040	0.631380	0.571831	0.283600	0.630588	0.623586	0.517791	0.436119	0.331174	0.196918	0.617594	0.620690	0.317899	0.171195	0.547619	0.169867	0.634058	0.548063	0.207957	0.603960	0.602564	0.495283	0.652087	0.604027	0.629857	0.596491	0.209091	0.576832	0.495906	0.617778	0.456281	0.282209	0.557018	0.593607	0.607595	0.473913	0.605128	0.553415	0.224609	0.538874	0.601002	0.013260	0.608519	0.441459	0.223084	0.526728	0.641584	0.557692	0.628571	0.390161	0.619666	0.432432	0.545741	0.599671	0.517134	0.429907	0.066254	0.604207	0.517791	0.643478	0.455823	0.512563	0.098312	0.628062	0.471412	0.597582	0.588598	0.605791	0.571429	0.032836	0.453305	0.495238	0.507497	0.076501	0.268222	0.612313	0.573034	0.544726	0.575000	0.626794	0.542373	0.413856	0.073225	0.575000	0.311442	0.309348	0.176245	0.254144	0.476489	0.465872	0.031622	0.211300	0.574324	0.438224	0.593801	1.000000	0.209091	0.314637	0.579439	0.542373	0.557162	0.590278	0.137766	0.530086	0.598465	0.450358	0.467672	0.530154	0.525547	0.517194	0.508600	0.416132	0.465409	0.477752	0.467532	0.529915	0.602941	0.276775	0.618421	0.614657	0.312972	0.164286	0.579104	0.587112	0.465409	0.606822	0.166546	0.371867	0.503145	0.356866	0.370850	0.580431	0.610687	0.396811	0.532258	0.579545	0.340741	0.405644	0.537190	0.475028	0.334302	0.146171	0.638037	0.603499	0.521230	0.385522	0.329041	0.423841	0.158895	0.455508	0.297927	0.516383	0.546917	0.468037	0.523871	0.530973	0.588235	0.132184	0.416981	0.571861	0.390161	0.535817	0.473333	0.446640	0.498150	0.534351	0.250681	0.596491	0.514145	0.589577	0.597315	0.190476	0.589691	0.560584	0.551724	0.244811	0.613084	0.608333	0.448065	0.490798	0.605108	0.364212	0.571843	0.101702	0.364790	0.602787	0.555874	0.578811	0.596491	0.202376	0.615094	0.410909	0.297927	0.557229	0.441026	0.586621	0.514793	0.588580	0.451613	0.574359	0.631769	0.138138	0.546985	0.603421	0.581709	0.366826	0.605664	0.435873	0.416132	0.604651	0.581152	0.512626	0.590437	0.507006	0.106828	0.535662	0.537696	0.597250	0.560132	0.355487	0.067717	0.597895	0.561856	0.495848	0.189769	0.432892	0.590674	0.537549	0.603774	0.585170	0.641667	0.663984	0.626263	0.578512	0.276276	0.021035	0.204082	0.615385	0.624254	0.450148	0.543834	0.461053	0.542683	0.544474	0.622030	0.376667	0.338983	0.610801	0.573668	0.587219	0.607679	0.448845	0.562197	0.185484	0.403897	0.573744	0.608350	0.354938	0.509202	0.576659	0.204626	0.571429	0.540404	0.632541	0.520305	0.621564	0.498845	0.628684	0.589744	0.324629	0.573718	0.606635	0.587473	0.553719	0.084218	0.585170	0.121021	0.114599	0.591224	0.591680	0.520860	0.565079	0.581633	0.577933	0.535849	0.571429	0.494624	0.494892	0.608527	0.596413	0.347170	0.609244	0.554688	0.564246	0.533160	0.599509	0.628975	0.083758	0.621528	0.434109	0.464403	0.569697	0.521262	0.468220	0.496855	0.626316	0.417745	0.568513	0.194011	0.567760	0.454450	0.349544	0.594595	0.533887	0.485050	0.638298	0.513482	0.570064	0.224500	0.557895	0.581301	0.549575	0.614719	0.190161	0.571918	0.600806	0.560241	0.552239	0.364800	0.524548	0.292994	0.471239	0.536443	0.556886	0.411232	0.549072	0.551515	0.542773	0.473976	0.346386	0.602041	0.154987	0.479283	0.480176	0.622302	0.485313	0.157211	0.571023	0.645880	0.141975	0.613518	0.492063	0.583333	0.557845	0.212373	0.090285	0.062764	0.229312	0.524457	0.649533	0.574257	0.496021	0.474946	0.572944	0.518072	0.527958	0.591876	0.627291	0.557940	0.569343	0.350076	0.602911	0.557536	0.390244	0.569892	0.091561	0.577223	0.602247	0.520626	0.626298	0.479638	0.446043	0.293930	0.594104	0.596950	0.358255	0.602679	0.408602	0.445972	0.621176	0.620209	0.430622	0.503008	0.076008	0.638037	0.456677	0.503401	0.129907	0.249187	0.582781	0.041925	0.575080	0.621410	0.588235	0.563218	0.228856	0.480899	0.275284	0.587591	0.014464	0.565926	0.613936	0.646512	0.629167	0.547692	0.597656	0.431298	0.256696	0.655660	0.382696	0.586847	0.446541	0.615752	0.571870	0.202822	0.500571	0.197679	0.399306	0.598891	0.600000	0.564184	0.526596	0.630394	0.607495	0.566154	0.560669	0.660465	0.354665	0.596882	0.558659	0.401770	0.584821	0.605578	0.560907	0.101456	0.400706	0.544474	0.628099	0.641425	0.459320	0.588589	0.369775	0.223084	0.597353	0.619512	0.614433	0.141495	0.582278	0.546419	0.573529	0.557536	0.411605	0.530880	0.515689	0.403880	0.495828	0.592179	0.444886	0.507812	0.576728	0.571429	0.546784	0.346125	0.450331	0.541237	0.591603	0.541872	0.531250	
0.272687	0.397561	0.488302	0.343842	0.187672	0.484458	0.543532	0.199655	0.389865	0.306833	0.283224	0.565830	0.286211	0.309738	0.373917	0.289931	0.468233	0.210718	0.275711	0.389865	0.635601	0.618039	0.384584	0.268893	0.300259	0.539875	0.546099	0.240286	0.221219	0.643580	0.131816	0.228417	0.277219	0.253546	0.615148	0.263552	0.391837	0.629982	0.180139	0.329801	0.451663	0.531464	0.606584	0.642296	0.284719	0.188506	0.613743	0.624351	0.419071	0.620953	0.280977	0.383258	0.639170	0.320546	0.215580	0.467543	0.243424	0.198445	0.232391	0.335446	0.627411	0.178456	0.470906	0.200913	0.519196	0.635608	0.205829	0.356279	0.220416	0.496241	0.305376	0.295110	0.651003	0.412711	0.315519	0.108150	0.235558	0.539180	0.650710	0.425209	0.244989	0.333333	0.205011	0.561836	0.271172	0.536023	0.340354	0.321261	0.088307	0.540925	0.442013	0.258948	0.448532	0.209091	0.519737	0.441640	0.529989	0.200091	0.469773	0.300992	0.350774	0.200091	0.361746	0.250175	0.506498	0.082725	0.468738	0.465110	0.622287	0.316959	0.120229	0.417035	0.158879	0.174235	0.424412	0.551287	0.466717	0.344538	0.616102	0.609854	0.637241	0.649014	0.086450	0.495682	0.241911	0.635180	0.310463	0.537464	0.325542	0.209091	1.000000	0.618988	0.182657	0.350774	0.423031	0.298791	0.608387	0.383921	0.151103	0.516746	0.498501	0.393804	0.375258	0.401297	0.450274	0.539739	0.505568	0.468003	0.076172	0.305376	0.371901	0.633157	0.321976	0.178456	0.606819	0.621586	0.365145	0.175081	0.504083	0.284719	0.638827	0.586496	0.085520	0.593595	0.579496	0.318395	0.259717	0.559080	0.412238	0.387889	0.605825	0.552540	0.402271	0.486937	0.601412	0.620012	0.232391	0.375103	0.373917	0.558743	0.602932	0.543439	0.617476	0.507452	0.616931	0.422693	0.413516	0.480887	0.427833	0.436191	0.165736	0.608429	0.540000	0.359017	0.570058	0.383921	0.490152	0.527616	0.445316	0.436263	0.635524	0.294372	0.451234	0.326253	0.313356	0.640674	0.229213	0.375258	0.322691	0.643272	0.268132	0.225225	0.514328	0.092933	0.248110	0.581419	0.377933	0.542871	0.585805	0.297321	0.113930	0.147626	0.294372	0.648393	0.264317	0.554930	0.619367	0.361065	0.517864	0.303917	0.103946	0.373917	0.078049	0.305376	0.282476	0.631953	0.393804	0.346622	0.363108	0.586506	0.208276	0.528628	0.550336	0.184332	0.143261	0.439179	0.226024	0.435644	0.551439	0.376597	0.387229	0.248110	0.321261	0.592617	0.446267	0.221219	0.148496	0.459156	0.643612	0.539671	0.300992	0.420968	0.264317	0.240286	0.225225	0.238713	0.311911	0.319829	0.639060	0.166893	0.646470	0.295848	0.243424	0.528878	0.367178	0.510037	0.094778	0.410959	0.211530	0.577551	0.594769	0.269653	0.343146	0.300992	0.315519	0.071464	0.329801	0.637915	0.562565	0.328384	0.243424	0.588274	0.092933	0.190170	0.644433	0.133586	0.436809	0.277219	0.435918	0.219611	0.474290	0.248110	0.215580	0.601837	0.333333	0.177613	0.211530	0.400649	0.496806	0.240286	0.585093	0.585332	0.186838	0.350774	0.440932	0.337553	0.151970	0.295110	0.436292	0.385246	0.460225	0.476917	0.253546	0.197621	0.595106	0.222022	0.420255	0.395765	0.425668	0.164881	0.291414	0.512721	0.298791	0.531746	0.487750	0.358333	0.403402	0.505961	0.085520	0.141509	0.547838	0.375927	0.647531	0.385907	0.502412	0.592277	0.283224	0.399513	0.487325	0.254320	0.468184	0.336149	0.643442	0.141509	0.234767	0.117535	0.210718	0.647271	0.304647	0.237925	0.361065	0.365145	0.587960	0.428799	0.603021	0.487897	0.375103	0.100289	0.554149	0.417803	0.358333	0.370554	0.488838	0.588005	0.151970	0.628717	0.484618	0.488671	0.283972	0.434403	0.630947	0.387889	0.200091	0.617671	0.299525	0.473684	0.186004	0.338254	0.648233	0.524945	0.427831	0.641217	0.406300	0.182657	0.320546	0.417001	0.491347	0.138876	0.098456	0.424073	0.254320	0.233976	0.384584	0.277972	0.596595	0.226024	0.328384	0.056241	0.285466	0.519811	0.345233	0.196796	0.387229	0.300259	0.483232	0.512348	0.623903	0.193489	0.208276	0.589286	0.199269	0.556723	0.527194	0.180139	0.297321	0.538600	0.456632	0.477413	0.232391	0.516722	0.407273	0.593827	0.634133	0.319113	0.309943	0.334742	0.144136	0.180139	0.382594	0.649600	0.485171	0.633832	0.277972	0.117465	0.368530	0.265081	0.184332	0.225225	0.351464	0.250444	0.534433	0.633635	0.179298	0.574439	0.311187	0.507795	0.175081	0.349393	0.644212	0.474952	0.646177	0.561549	0.272687	0.200913	0.338254	0.137996	0.266608	0.246551	0.351464	0.396418	0.184332	0.588080	0.200091	0.122021	0.554007	0.199269	0.242640	0.117535	0.545744	0.560390	0.133586	0.228417	0.200091	0.518628	0.362427	0.589812	0.643346	0.263552	0.167442	0.229213	0.619916	0.154567	0.138876	0.165736	0.328384	0.552937	0.421431	0.405985	0.558803	0.460644	0.269653	0.524208	0.426635	0.311187	0.260486	0.374587	0.596285	0.070519	0.148496	0.259717	0.322691	0.428230	
0.403111	0.528455	0.566946	0.476539	0.284123	0.580000	0.628871	0.129712	0.517262	0.444305	0.414900	0.632888	0.418962	0.443189	0.504451	0.424010	0.584185	0.316940	0.405947	0.523113	0.638940	0.626656	0.507937	0.397919	0.436709	0.427976	0.623439	0.358428	0.331754	0.620690	0.202772	0.341857	0.408005	0.376812	0.650996	0.390594	0.523364	0.646341	0.273301	0.456508	0.563566	0.585414	0.650774	0.589575	0.416934	0.285317	0.645161	0.546490	0.541524	0.571429	0.411840	0.520306	0.612321	0.458955	0.323810	0.576216	0.362791	0.299517	0.347418	0.475138	0.584010	0.270877	0.580506	0.303030	0.603906	0.652736	0.310014	0.488246	0.330623	0.593132	0.442344	0.429752	0.621639	0.542334	0.453467	0.069033	0.351839	0.602740	0.618146	0.546071	0.364964	0.469865	0.308854	0.623567	0.399740	0.604514	0.477995	0.458670	0.137566	0.606178	0.310132	0.382951	0.565768	0.314637	0.605606	0.560623	0.428798	0.301861	0.583109	0.436433	0.488189	0.301861	0.495501	0.164146	0.605627	0.129081	0.572499	0.350392	0.617593	0.452901	0.185567	0.534552	0.242511	0.264789	0.539288	0.626965	0.338276	0.478685	0.656716	0.625954	0.589147	0.639403	0.134746	0.599481	0.158467	0.588235	0.444166	0.617272	0.466873	0.314637	0.618988	1.000000	0.276923	0.485766	0.532048	0.435995	0.526607	0.514118	0.231156	0.616473	0.602073	0.522449	0.514523	0.529786	0.570485	0.608696	0.606339	0.579741	0.119084	0.443604	0.487515	0.635135	0.452174	0.270877	0.643351	0.564440	0.491627	0.266010	0.606339	0.418217	0.576514	0.644931	0.133333	0.641641	0.646401	0.452336	0.384010	0.636321	0.544101	0.512309	0.650510	0.620787	0.530093	0.590646	0.627418	0.525428	0.347418	0.503555	0.517507	0.600913	0.641667	0.614862	0.533231	0.611511	0.624509	0.552975	0.538902	0.596379	0.552617	0.532069	0.252482	0.516734	0.629486	0.490679	0.628152	0.523529	0.601472	0.608739	0.567016	0.548098	0.629538	0.428753	0.570799	0.465347	0.451815	0.596430	0.342972	0.502667	0.459342	0.639361	0.395576	0.337382	0.609879	0.144578	0.369292	0.640177	0.507392	0.434751	0.648696	0.432741	0.176166	0.226062	0.424936	0.600916	0.389034	0.629876	0.640220	0.493397	0.615073	0.437855	0.161194	0.502077	0.121951	0.441084	0.413882	0.532318	0.520117	0.474164	0.499700	0.642730	0.313484	0.609122	0.628763	0.279330	0.219653	0.562988	0.338503	0.556240	0.447249	0.516282	0.514956	0.369292	0.457427	0.643728	0.316100	0.331754	0.227338	0.551762	0.589025	0.606796	0.436433	0.549688	0.391645	0.358428	0.337382	0.356237	0.446115	0.457996	0.633671	0.107739	0.611179	0.428208	0.362791	0.591563	0.500299	0.604508	0.147368	0.535550	0.318089	0.638510	0.632471	0.398960	0.480488	0.435168	0.453467	0.111877	0.468846	0.596783	0.641952	0.465720	0.362791	0.640557	0.144578	0.287700	0.593231	0.205390	0.547380	0.406714	0.548603	0.329492	0.581370	0.369292	0.323810	0.640761	0.469865	0.269663	0.318089	0.527778	0.380260	0.358428	0.484281	0.472488	0.282927	0.483343	0.553263	0.474265	0.232425	0.432295	0.558709	0.514689	0.582926	0.573553	0.376812	0.298343	0.647185	0.332882	0.533333	0.523865	0.555618	0.251242	0.422194	0.379427	0.427123	0.609636	0.594256	0.498195	0.537262	0.613566	0.133333	0.217077	0.628599	0.503555	0.608953	0.515561	0.568217	0.639344	0.416185	0.533333	0.580577	0.376564	0.577898	0.480982	0.608981	0.217077	0.350736	0.181550	0.316940	0.592809	0.442623	0.355140	0.492197	0.501196	0.654529	0.549550	0.597201	0.586569	0.509479	0.155689	0.627730	0.537585	0.498195	0.502381	0.587927	0.624034	0.232425	0.558186	0.594195	0.586387	0.414634	0.559104	0.553462	0.514654	0.301861	0.532768	0.431919	0.567941	0.281729	0.475199	0.625631	0.400525	0.295763	0.617686	0.543153	0.276923	0.456468	0.544419	0.602083	0.213198	0.152924	0.546584	0.377880	0.349632	0.503233	0.409032	0.648532	0.338503	0.465720	0.088441	0.420513	0.405908	0.484480	0.297167	0.516129	0.432911	0.595970	0.612658	0.649007	0.292446	0.313484	0.647419	0.300690	0.639282	0.619802	0.273301	0.431472	0.624328	0.573923	0.349305	0.347418	0.614221	0.536557	0.507594	0.639747	0.460772	0.205779	0.471744	0.220939	0.273301	0.520612	0.627490	0.584567	0.638234	0.410323	0.075113	0.505665	0.392694	0.279330	0.337382	0.491525	0.372523	0.612683	0.634932	0.272090	0.641561	0.445141	0.604294	0.266010	0.489994	0.612844	0.565796	0.601382	0.619313	0.403111	0.303030	0.477648	0.211901	0.394788	0.367131	0.485472	0.523560	0.279330	0.637669	0.301861	0.188235	0.629456	0.300690	0.361702	0.181550	0.438945	0.632319	0.205390	0.341857	0.301861	0.611252	0.494005	0.642030	0.624674	0.390594	0.254958	0.342972	0.526217	0.236220	0.213198	0.252482	0.464484	0.625178	0.538854	0.534870	0.625468	0.569256	0.397661	0.615231	0.553672	0.443887	0.386379	0.514828	0.652081	0.110429	0.227338	0.385321	0.460583	0.550282	
0.554028	0.523256	0.423690	0.543657	0.606965	0.448037	0.369953	0.022047	0.524444	0.580180	0.619503	0.348285	0.592030	0.583184	0.534562	0.590226	0.463030	0.665116	0.596491	0.521481	0.235294	0.258486	0.521739	0.619048	0.600733	0.088294	0.377863	0.573876	0.618510	0.199798	0.569733	0.610619	0.609709	0.615702	0.268293	0.583501	0.542773	0.249057	0.605598	0.521295	0.485313	0.382557	0.291820	0.171875	0.579048	0.610422	0.279859	0.149153	0.513812	0.147982	0.588462	0.538346	0.181651	0.540070	0.642202	0.463235	0.573248	0.631325	0.595186	0.564706	0.182657	0.644501	0.466586	0.631579	0.411215	0.247810	0.627358	0.550400	0.615385	0.436937	0.582278	0.601113	0.196429	0.526611	0.582011	0.011426	0.598698	0.388119	0.195074	0.511565	0.613108	0.564189	0.609929	0.345248	0.603550	0.384462	0.571429	0.584348	0.532872	0.379576	0.057300	0.602851	0.480204	0.593458	0.406639	0.489529	0.085216	0.618705	0.467879	0.570384	0.534846	0.633094	0.556082	0.028332	0.423453	0.501767	0.452695	0.066210	0.235294	0.565905	0.598765	0.513250	0.608696	0.626943	0.506122	0.371831	0.063360	0.559211	0.274048	0.272165	0.153607	0.222722	0.564460	0.437710	0.027282	0.184615	0.578571	0.392430	0.578313	0.579439	0.182657	0.276923	1.000000	0.560778	0.477366	0.595588	0.119746	0.543544	0.618384	0.416931	0.437500	0.540382	0.545176	0.532374	0.483376	0.370161	0.429501	0.467153	0.478261	0.603978	0.500000	0.242945	0.555556	0.603581	0.277895	0.143064	0.536050	0.640827	0.425163	0.601905	0.145055	0.328631	0.531469	0.315036	0.329177	0.570928	0.621951	0.359161	0.519663	0.514881	0.300455	0.359347	0.533141	0.446490	0.294643	0.127127	0.595186	0.532110	0.546851	0.342561	0.289898	0.384390	0.138316	0.432018	0.261905	0.514364	0.515406	0.457346	0.511440	0.471673	0.632979	0.114849	0.385214	0.543720	0.345248	0.540541	0.449309	0.402041	0.490372	0.506631	0.219634	0.568773	0.486556	0.591065	0.581560	0.166177	0.644592	0.539051	0.578856	0.214402	0.588469	0.616071	0.412632	0.571429	0.620545	0.321690	0.550989	0.088176	0.322213	0.594096	0.599369	0.625352	0.550186	0.176707	0.582329	0.370787	0.261905	0.541139	0.417815	0.580762	0.581699	0.531490	0.532374	0.607595	0.593870	0.120073	0.537445	0.536825	0.557480	0.324059	0.622951	0.394030	0.373938	0.577889	0.594286	0.494737	0.619154	0.496680	0.092653	0.552672	0.530551	0.607966	0.584348	0.313788	0.058571	0.623025	0.646067	0.443896	0.165552	0.380117	0.606947	0.506190	0.606426	0.625268	0.625000	0.580645	0.565836	0.572426	0.242498	0.018135	0.178218	0.577778	0.615711	0.395515	0.530421	0.427015	0.527027	0.518310	0.631090	0.339041	0.298868	0.605941	0.564356	0.588665	0.557319	0.501845	0.579216	0.161765	0.360985	0.564103	0.641189	0.313291	0.571429	0.617284	0.178700	0.589971	0.478947	0.570874	0.502646	0.621315	0.458034	0.607966	0.637615	0.285921	0.577703	0.651282	0.631090	0.512968	0.072928	0.625268	0.105068	0.099448	0.633416	0.538088	0.482213	0.555184	0.611111	0.601113	0.474443	0.535928	0.479503	0.452297	0.619835	0.632850	0.306265	0.626126	0.489130	0.538012	0.507463	0.634667	0.614232	0.072527	0.555147	0.396000	0.442679	0.563694	0.536585	0.429825	0.503497	0.568966	0.377143	0.532110	0.169303	0.538117	0.403034	0.308411	0.596558	0.529667	0.440873	0.589691	0.465286	0.583893	0.196331	0.603448	0.626087	0.610592	0.613953	0.165899	0.605072	0.616379	0.547468	0.551724	0.325123	0.498652	0.257477	0.442661	0.538226	0.556291	0.369403	0.509695	0.570064	0.544892	0.447761	0.305556	0.600000	0.134877	0.450639	0.440639	0.583969	0.503329	0.136835	0.544643	0.599520	0.123441	0.579817	0.451765	0.640000	0.567613	0.185567	0.078214	0.054269	0.200608	0.519886	0.621212	0.581882	0.512465	0.440181	0.597101	0.566667	0.488467	0.614433	0.640523	0.506747	0.596899	0.308892	0.632517	0.577778	0.447059	0.608365	0.079327	0.568144	0.629540	0.527571	0.556777	0.457746	0.416578	0.258317	0.635697	0.627635	0.316294	0.620192	0.365314	0.401623	0.615776	0.586716	0.388944	0.463079	0.065781	0.638950	0.417281	0.520626	0.112853	0.218302	0.545455	0.036197	0.545455	0.626781	0.615776	0.542169	0.200202	0.447552	0.241611	0.608527	0.012465	0.553655	0.601202	0.567839	0.611607	0.559871	0.537500	0.383858	0.225000	0.602041	0.338462	0.577540	0.422993	0.625323	0.559350	0.177102	0.448399	0.172549	0.353571	0.605108	0.650718	0.557596	0.610465	0.594810	0.635789	0.537217	0.531387	0.603015	0.313043	0.633094	0.588957	0.360656	0.629808	0.634043	0.560748	0.087961	0.359673	0.643068	0.619469	0.613909	0.419595	0.539432	0.326733	0.195074	0.571429	0.619048	0.609272	0.123020	0.595041	0.608696	0.659574	0.581197	0.369748	0.504801	0.522111	0.357532	0.470880	0.617822	0.404103	0.505435	0.595365	0.608519	0.546012	0.305320	0.488889	0.617978	0.626016	0.592721	0.510870	
0.619178	0.642464	0.575068	0.623188	0.568218	0.597976	0.556765	0.046087	0.640625	0.623711	0.620968	0.547865	0.617647	0.625641	0.628440	0.618858	0.627151	0.571429	0.596730	0.613839	0.435924	0.463206	0.635135	0.609655	0.628422	0.178071	0.568952	0.619186	0.581325	0.378575	0.455197	0.609212	0.627717	0.621277	0.476134	0.596100	0.640712	0.456102	0.530945	0.599010	0.627490	0.551220	0.503169	0.331881	0.624665	0.567308	0.486553	0.291377	0.632804	0.289265	0.634278	0.632054	0.348188	0.626415	0.590563	0.597878	0.592486	0.581761	0.575221	0.627451	0.349937	0.545752	0.622605	0.575900	0.587838	0.451897	0.604651	0.633570	0.606335	0.611362	0.643411	0.642105	0.373715	0.637433	0.624365	0.024025	0.607038	0.573517	0.372279	0.635983	0.605187	0.639606	0.574534	0.527778	0.631868	0.530612	0.619684	0.618090	0.356863	0.548054	0.117499	0.643258	0.621514	0.591680	0.599156	0.625381	0.172145	0.561129	0.617591	0.635417	0.627685	0.564263	0.658080	0.059022	0.586690	0.337302	0.592803	0.135118	0.424370	0.630380	0.440367	0.633262	0.526316	0.543657	0.623431	0.567652	0.129501	0.651387	0.480192	0.477327	0.299393	0.414207	0.350394	0.597122	0.056868	0.353339	0.637644	0.579592	0.620948	0.542373	0.350774	0.485766	0.560778	1.000000	0.602105	0.609150	0.237528	0.642616	0.503448	0.590051	0.596240	0.636364	0.636156	0.637555	0.610169	0.557813	0.586177	0.621285	0.313883	0.633075	0.612198	0.446245	0.617315	0.545752	0.465371	0.280361	0.614668	0.555921	0.601925	0.608579	0.283972	0.513324	0.347140	0.511502	0.528090	0.608586	0.647966	0.569044	0.636656	0.602464	0.510721	0.554800	0.642623	0.609174	0.499681	0.251199	0.566372	0.612571	0.635321	0.519971	0.497795	0.561798	0.271725	0.596646	0.448932	0.632353	0.641711	0.599061	0.626556	0.579592	0.536013	0.228400	0.579664	0.630588	0.538012	0.640361	0.598714	0.582848	0.628000	0.637949	0.411067	0.629776	0.614770	0.620174	0.654777	0.321813	0.599407	0.654462	0.634085	0.402321	0.616022	0.582960	0.580700	0.372816	0.595989	0.520661	0.656036	0.177844	0.533793	0.629096	0.427509	0.510417	0.603426	0.340374	0.586926	0.555469	0.460473	0.626026	0.572165	0.629534	0.402277	0.621560	0.320641	0.643411	0.621803	0.238136	0.647450	0.605769	0.640187	0.526681	0.580247	0.575856	0.554688	0.533118	0.490368	0.638124	0.602985	0.626283	0.186429	0.648402	0.634529	0.601719	0.648241	0.521915	0.120023	0.596386	0.509532	0.589147	0.320704	0.558140	0.627604	0.632911	0.609179	0.613372	0.582960	0.565598	0.633461	0.624685	0.443366	0.037992	0.343021	0.612352	0.606936	0.565724	0.640371	0.598771	0.375242	0.638024	0.588957	0.538517	0.504528	0.628099	0.628779	0.625000	0.601523	0.296748	0.638614	0.313975	0.544765	0.627792	0.598266	0.515825	0.372816	0.575080	0.343865	0.475000	0.591233	0.586957	0.616172	0.592145	0.636967	0.595989	0.593607	0.484433	0.646986	0.553191	0.598160	0.625137	0.148292	0.613372	0.210025	0.199381	0.562701	0.613365	0.616327	0.620269	0.512909	0.592105	0.611789	0.623172	0.617934	0.600000	0.612766	0.570079	0.519155	0.595489	0.606061	0.625414	0.634656	0.536913	0.630464	0.147509	0.616993	0.578215	0.591652	0.628975	0.636166	0.596646	0.347140	0.492091	0.568057	0.621714	0.327344	0.617978	0.555944	0.518272	0.629032	0.653509	0.613553	0.592068	0.614203	0.614443	0.373548	0.495606	0.584435	0.446494	0.589862	0.321319	0.636481	0.610219	0.623681	0.642608	0.530924	0.620976	0.444571	0.602013	0.649143	0.393881	0.555298	0.621421	0.645465	0.634371	0.609890	0.511536	0.512909	0.265442	0.602588	0.599818	0.609396	0.609053	0.269021	0.633819	0.551724	0.244386	0.626632	0.614379	0.560386	0.629268	0.355839	0.158592	0.111466	0.380866	0.627027	0.551053	0.638994	0.636267	0.599819	0.477032	0.391555	0.630480	0.600567	0.600000	0.639640	0.643148	0.524285	0.600000	0.640199	0.239496	0.618474	0.160752	0.645783	0.574132	0.632287	0.607562	0.602050	0.592083	0.459521	0.568254	0.577160	0.518669	0.587127	0.560920	0.584921	0.530945	0.623853	0.583468	0.629412	0.134273	0.592920	0.606838	0.640693	0.224665	0.409828	0.607818	0.075083	0.620859	0.493007	0.547231	0.632768	0.380173	0.619092	0.443011	0.621438	0.026195	0.638889	0.605556	0.523425	0.597907	0.629321	0.610556	0.557801	0.419990	0.544861	0.547807	0.647059	0.587927	0.546053	0.641148	0.341066	0.578947	0.333068	0.532438	0.638356	0.575900	0.646341	0.484956	0.587258	0.620690	0.626937	0.602649	0.529887	0.515478	0.557994	0.446069	0.553450	0.577708	0.619392	0.431734	0.177430	0.546142	0.489286	0.585438	0.573668	0.603448	0.615205	0.527565	0.372279	0.607242	0.534224	0.611276	0.243605	0.527397	0.484099	0.536013	0.637717	0.566563	0.629474	0.629067	0.560847	0.626459	0.628099	0.591973	0.629049	0.626598	0.635854	0.630011	0.523057	0.293279	0.509532	0.625526	0.624060	0.637409	
0.584323	0.613124	0.602808	0.600000	0.487075	0.618849	0.557940	0.058049	0.638889	0.619369	0.605140	0.589116	0.590698	0.607623	0.646341	0.584971	0.618307	0.537353	0.600473	0.619048	0.487103	0.520107	0.614000	0.583035	0.602958	0.220423	0.602462	0.575000	0.543814	0.447516	0.411940	0.537580	0.584906	0.541004	0.509674	0.614458	0.633037	0.511700	0.515152	0.639130	0.616487	0.636364	0.556213	0.402730	0.589744	0.516304	0.538902	0.355422	0.626301	0.349618	0.597890	0.615230	0.408277	0.628445	0.527958	0.623151	0.589552	0.516043	0.551899	0.620690	0.419032	0.480663	0.612457	0.516644	0.631173	0.499223	0.480845	0.630480	0.544516	0.624079	0.591422	0.561927	0.445296	0.624642	0.620000	0.030350	0.564232	0.631422	0.439272	0.636704	0.583127	0.583784	0.547619	0.608108	0.585714	0.623785	0.594652	0.607930	0.292605	0.624362	0.146604	0.577670	0.629032	0.546649	0.629144	0.608933	0.213253	0.525333	0.578584	0.602273	0.648421	0.514667	0.631470	0.074214	0.615630	0.275974	0.652397	0.168198	0.480159	0.620843	0.380518	0.628571	0.456491	0.495132	0.653558	0.585122	0.161325	0.616366	0.525309	0.540268	0.364823	0.477499	0.287097	0.611111	0.071525	0.423729	0.597984	0.607330	0.630197	0.557162	0.423031	0.532048	0.477366	0.602105	1.000000	0.597491	0.291758	0.608609	0.453757	0.604069	0.600488	0.633136	0.588235	0.603113	0.624215	0.597701	0.616733	0.590476	0.256158	0.553047	0.648318	0.516556	0.618262	0.502762	0.497156	0.341825	0.640577	0.477778	0.613546	0.585082	0.346719	0.589077	0.284330	0.569811	0.566406	0.617257	0.562424	0.563636	0.610526	0.658706	0.553604	0.599303	0.629017	0.613977	0.561717	0.308005	0.579747	0.658561	0.589431	0.597717	0.555621	0.599411	0.332290	0.604016	0.533333	0.605263	0.630372	0.594732	0.617100	0.657509	0.465444	0.280878	0.586334	0.629938	0.591892	0.598599	0.606162	0.613861	0.591727	0.618215	0.480337	0.587830	0.630162	0.607650	0.602007	0.387334	0.547074	0.610548	0.602198	0.456881	0.578947	0.537772	0.604832	0.306220	0.562963	0.590793	0.622222	0.220149	0.569782	0.603429	0.363077	0.438953	0.599311	0.408702	0.611312	0.578158	0.512737	0.638342	0.587774	0.604072	0.338028	0.644309	0.261866	0.598194	0.619883	0.292481	0.609467	0.646186	0.609504	0.565916	0.539474	0.590433	0.591954	0.506156	0.439239	0.611162	0.526854	0.611418	0.230519	0.591093	0.617530	0.562963	0.592511	0.549216	0.149704	0.543814	0.444122	0.639860	0.389725	0.631347	0.590909	0.635849	0.575211	0.540000	0.558259	0.581454	0.625698	0.593819	0.514751	0.047905	0.408611	0.616266	0.567164	0.627093	0.622177	0.613909	0.311606	0.634708	0.528796	0.570286	0.572979	0.575179	0.613419	0.600000	0.620000	0.241722	0.586957	0.381877	0.574825	0.627451	0.554726	0.572323	0.306220	0.512195	0.415065	0.419643	0.649588	0.610849	0.644628	0.521964	0.611825	0.567901	0.525358	0.519208	0.598919	0.489627	0.515707	0.646543	0.184279	0.540000	0.258898	0.246118	0.498638	0.635789	0.646520	0.590763	0.432900	0.575688	0.642336	0.635365	0.613357	0.646362	0.560588	0.503347	0.570726	0.543115	0.656688	0.637168	0.626168	0.474576	0.608997	0.183325	0.633979	0.601650	0.584843	0.603538	0.607767	0.621687	0.284330	0.434655	0.579899	0.626140	0.395958	0.646707	0.622611	0.551639	0.570093	0.605469	0.627907	0.586797	0.642981	0.587729	0.445106	0.417034	0.539723	0.373089	0.521625	0.388971	0.571751	0.562108	0.634197	0.601442	0.564797	0.623256	0.506681	0.602490	0.593718	0.327559	0.602135	0.636967	0.609781	0.604699	0.593023	0.568447	0.453102	0.324870	0.608040	0.628619	0.609102	0.590406	0.329098	0.646766	0.536000	0.299915	0.603645	0.632291	0.477490	0.590129	0.423186	0.196812	0.139187	0.450802	0.624879	0.513032	0.595369	0.618009	0.608696	0.415929	0.322275	0.611215	0.569682	0.540404	0.636000	0.593640	0.559752	0.534527	0.575163	0.193878	0.575087	0.199437	0.605096	0.517426	0.583665	0.646189	0.616034	0.577708	0.521972	0.514825	0.526316	0.556467	0.499332	0.585745	0.601971	0.495868	0.619429	0.604755	0.595406	0.167165	0.551899	0.613105	0.584942	0.276419	0.464835	0.609945	0.094207	0.638619	0.441520	0.471074	0.613842	0.449156	0.616289	0.512170	0.567727	0.033081	0.598361	0.567308	0.525308	0.555698	0.590957	0.558426	0.612305	0.476828	0.499310	0.585496	0.608501	0.588048	0.483333	0.613924	0.409498	0.651361	0.403349	0.607020	0.574822	0.505992	0.598712	0.407681	0.604317	0.554455	0.609884	0.638507	0.514364	0.563204	0.509333	0.388467	0.564640	0.502003	0.550436	0.376147	0.219648	0.577406	0.410714	0.542675	0.528000	0.608491	0.628749	0.574757	0.435887	0.563855	0.481013	0.557252	0.298986	0.454023	0.418879	0.473907	0.588235	0.589744	0.634652	0.589942	0.583972	0.600000	0.558473	0.614679	0.602432	0.592841	0.569007	0.592893	0.552147	0.238806	0.432511	0.557576	0.573626	0.634238	
0.593607	0.619617	0.534113	0.627815	0.581818	0.573964	0.519373	0.038211	0.619684	0.642959	0.637854	0.502724	0.625185	0.650636	0.613267	0.650000	0.594039	0.602076	0.632375	0.614824	0.377936	0.408333	0.608589	0.656442	0.636888	0.149363	0.528428	0.582114	0.622673	0.324883	0.523711	0.620000	0.654600	0.639241	0.424877	0.620155	0.644068	0.398159	0.580407	0.598639	0.590763	0.508211	0.454485	0.282219	0.600297	0.595281	0.437620	0.246878	0.623853	0.245042	0.622754	0.634686	0.297251	0.628809	0.602740	0.578838	0.575121	0.586146	0.588430	0.637954	0.298791	0.582560	0.607621	0.604240	0.558056	0.396334	0.573427	0.620957	0.603390	0.557915	0.650499	0.628821	0.319778	0.640371	0.657343	0.019881	0.630542	0.528497	0.317723	0.611552	0.618357	0.643243	0.591944	0.497297	0.647328	0.536458	0.653333	0.636238	0.407323	0.529511	0.098031	0.604069	0.612245	0.590278	0.544964	0.609649	0.144317	0.594690	0.587873	0.630216	0.640523	0.612389	0.635083	0.048991	0.563143	0.385151	0.579858	0.112906	0.373566	0.630404	0.487288	0.619653	0.558140	0.558052	0.595696	0.525969	0.108159	0.629630	0.425612	0.422957	0.253852	0.359294	0.404598	0.567854	0.047194	0.301788	0.632768	0.548611	0.628258	0.590278	0.298791	0.435995	0.595588	0.609150	0.597491	1.000000	0.200289	0.626536	0.571992	0.567246	0.570881	0.644150	0.634207	0.616845	0.597849	0.515327	0.566355	0.589691	0.358491	0.647646	0.608040	0.388076	0.629834	0.564007	0.427209	0.237311	0.623410	0.583178	0.557009	0.641902	0.240445	0.493718	0.405530	0.476868	0.494449	0.611961	0.621875	0.518876	0.616279	0.629268	0.466576	0.513600	0.634204	0.578171	0.447721	0.212075	0.608264	0.620948	0.633292	0.480061	0.446499	0.535379	0.229824	0.571698	0.406024	0.605233	0.640371	0.584677	0.617284	0.560088	0.564885	0.192436	0.537415	0.628057	0.501931	0.619165	0.574803	0.542553	0.599784	0.616408	0.354690	0.635569	0.611410	0.649315	0.629213	0.273410	0.622296	0.621723	0.626207	0.346867	0.626728	0.624161	0.555556	0.420814	0.620800	0.484409	0.633540	0.149170	0.485113	0.634783	0.477419	0.540755	0.606414	0.289661	0.597523	0.527961	0.415663	0.620513	0.562786	0.632332	0.453744	0.605757	0.370892	0.644793	0.614925	0.200813	0.634499	0.608696	0.641124	0.483212	0.615652	0.523851	0.526926	0.564103	0.510040	0.605727	0.606365	0.617092	0.156490	0.627646	0.620269	0.646400	0.627939	0.480851	0.100159	0.578680	0.539683	0.552659	0.272441	0.529813	0.656115	0.610286	0.619195	0.647154	0.620805	0.610114	0.633803	0.640777	0.388546	0.031477	0.291983	0.616279	0.630048	0.527901	0.608365	0.562852	0.423423	0.622378	0.614853	0.501520	0.452138	0.609495	0.628647	0.612950	0.629371	0.348449	0.666667	0.266564	0.514056	0.624829	0.626817	0.475921	0.425339	0.571429	0.292724	0.496920	0.601322	0.615385	0.606195	0.604414	0.578411	0.614400	0.606164	0.440965	0.632432	0.591078	0.618307	0.627078	0.124059	0.647154	0.176666	0.167554	0.604736	0.603922	0.604190	0.640751	0.547244	0.666667	0.590560	0.629902	0.608604	0.573721	0.623418	0.587189	0.466343	0.621622	0.585973	0.639423	0.614689	0.562141	0.642229	0.123395	0.604046	0.536585	0.565598	0.634021	0.627219	0.575472	0.391705	0.524194	0.540902	0.628429	0.278247	0.629131	0.530345	0.470670	0.625931	0.626937	0.577036	0.609795	0.594427	0.647849	0.319630	0.524194	0.861842	0.481876	0.598616	0.272978	0.642857	0.617647	0.638462	0.646310	0.490483	0.602247	0.395018	0.584314	0.615960	0.440000	0.527869	0.604598	0.644330	0.624685	0.580962	0.465374	0.531496	0.224384	0.584737	0.570312	0.636905	0.620690	0.227482	0.641463	0.594690	0.206198	0.629149	0.563126	0.583942	0.615797	0.303243	0.132796	0.092948	0.326107	0.610329	0.573529	0.637119	0.625287	0.578337	0.515213	0.441964	0.601130	0.631912	0.622735	0.596319	0.632530	0.469930	0.603015	0.630286	0.282878	0.640950	0.134630	0.634082	0.609626	0.617827	0.616715	0.596000	0.558310	0.409280	0.606822	0.608696	0.471429	0.570922	0.529221	0.559083	0.569316	0.626087	0.551249	0.578669	0.112192	0.624793	0.559708	0.627497	0.189226	0.352701	0.627778	0.062410	0.633423	0.529058	0.565619	0.630542	0.325494	0.576541	0.387241	0.647590	0.021681	0.627054	0.646059	0.560440	0.593960	0.652742	0.573248	0.525773	0.362683	0.585185	0.500759	0.648801	0.562617	0.586916	0.642202	0.290268	0.575177	0.283258	0.507886	0.621005	0.614841	0.637216	0.532520	0.625578	0.629213	0.621410	0.650660	0.567766	0.469922	0.605310	0.493671	0.510433	0.588652	0.614887	0.481876	0.148817	0.501201	0.525667	0.626667	0.584071	0.557498	0.611253	0.488235	0.317723	0.586047	0.566540	0.612313	0.205524	0.555773	0.531440	0.549618	0.641201	0.518458	0.599772	0.619552	0.512000	0.588482	0.633997	0.555654	0.613122	0.634697	0.611544	0.635000	0.462284	0.344498	0.547619	0.643750	0.631724	0.617647	
0.181871	0.272298	0.358934	0.232518	0.123151	0.353720	0.432596	0.297897	0.266035	0.206001	0.189284	0.455040	0.191390	0.208069	0.254351	0.194017	0.335653	0.138881	0.183995	0.266035	0.565085	0.542426	0.262158	0.179209	0.201331	0.591942	0.423844	0.159266	0.146094	0.592683	0.085591	0.151056	0.185055	0.168483	0.535218	0.175469	0.267484	0.555432	0.118039	0.222413	0.316730	0.407143	0.507029	0.596740	0.190338	0.123718	0.519186	0.608696	0.289409	0.644711	0.187700	0.261186	0.621489	0.215782	0.142217	0.331634	0.161443	0.130487	0.153800	0.226469	0.582004	0.116899	0.334762	0.132172	0.393908	0.557995	0.135532	0.241516	0.145541	0.363253	0.204965	0.197681	0.596712	0.284690	0.212191	0.165504	0.155991	0.409589	0.597450	0.294569	0.162530	0.224950	0.134973	0.448004	0.180807	0.405619	0.230003	0.216294	0.056875	0.418840	0.549583	0.172252	0.316730	0.137766	0.394323	0.308027	0.622651	0.131611	0.335653	0.201851	0.237528	0.131611	0.245485	0.368190	0.377349	0.053225	0.340096	0.581197	0.545929	0.213218	0.077898	0.286108	0.103690	0.114043	0.294569	0.429577	0.580723	0.233021	0.529844	0.521759	0.639461	0.580081	0.055660	0.364545	0.356823	0.594146	0.208585	0.410217	0.219359	0.137766	0.608387	0.526607	0.119746	0.237528	0.291758	0.200289	1.000000	0.261672	0.098471	0.386411	0.366693	0.268931	0.255331	0.275652	0.316274	0.425693	0.377250	0.334316	0.048949	0.204965	0.252880	0.546135	0.216805	0.116899	0.527675	0.648354	0.247957	0.114615	0.377772	0.190338	0.648112	0.470845	0.055052	0.479367	0.474964	0.214245	0.172789	0.442615	0.283743	0.264583	0.504611	0.440070	0.275173	0.355026	0.496827	0.616993	0.153800	0.255820	0.254351	0.450947	0.511574	0.416159	0.608937	0.373529	0.520009	0.292696	0.284690	0.344075	0.298303	0.305722	0.108305	0.651360	0.418380	0.243503	0.453425	0.261672	0.354591	0.400411	0.314905	0.303411	0.571065	0.197159	0.315818	0.219868	0.210647	0.635814	0.151605	0.255331	0.217317	0.588062	0.178676	0.148854	0.389536	0.059906	0.164699	0.477064	0.257287	0.618211	0.479710	0.199247	0.073730	0.096142	0.197159	0.612578	0.176005	0.432269	0.544879	0.244990	0.386092	0.203928	0.067143	0.254351	0.050172	0.204965	0.188756	0.644548	0.268931	0.234526	0.246475	0.475200	0.137208	0.410112	0.429219	0.120882	0.093223	0.306184	0.149405	0.302948	0.627697	0.256310	0.264098	0.164699	0.216294	0.491253	0.561621	0.146094	0.096725	0.329393	0.612483	0.414021	0.201851	0.290819	0.176005	0.159266	0.148854	0.158175	0.209617	0.215270	0.547095	0.251263	0.619910	0.198203	0.161443	0.398253	0.249437	0.376077	0.061116	0.282795	0.139437	0.463349	0.495751	0.179742	0.232016	0.201851	0.212191	0.045883	0.222413	0.635566	0.443114	0.221396	0.161443	0.482874	0.059906	0.124849	0.598011	0.086769	0.306184	0.185055	0.304336	0.144988	0.339653	0.164699	0.142217	0.517225	0.224950	0.116328	0.139437	0.275173	0.600168	0.159266	0.610180	0.633396	0.122585	0.237528	0.305722	0.227985	0.099052	0.197681	0.307567	0.262643	0.326695	0.346277	0.168483	0.129925	0.493340	0.146647	0.295037	0.270376	0.295504	0.107730	0.195065	0.613547	0.200289	0.408080	0.360232	0.243006	0.276608	0.373529	0.055052	0.092053	0.428175	0.255820	0.625905	0.263128	0.376630	0.495828	0.189284	0.273737	0.355896	0.169022	0.333869	0.226975	0.587256	0.092053	0.155443	0.076114	0.138881	0.625142	0.204447	0.157630	0.244990	0.247957	0.477597	0.297837	0.523264	0.356331	0.255820	0.064737	0.431333	0.288467	0.243006	0.251898	0.355896	0.486332	0.099052	0.648196	0.351538	0.358067	0.189811	0.302021	0.621189	0.264583	0.131611	0.649126	0.200810	0.346716	0.122018	0.228490	0.610902	0.595184	0.550549	0.589560	0.279945	0.119746	0.215782	0.288467	0.362391	0.090295	0.063532	0.295504	0.169022	0.154896	0.262158	0.185585	0.496065	0.149405	0.221396	0.036008	0.190864	0.614450	0.233523	0.129362	0.264098	0.201331	0.347595	0.385254	0.545005	0.127108	0.137208	0.487629	0.131049	0.437547	0.402874	0.118039	0.199247	0.413354	0.323989	0.586049	0.153800	0.388083	0.279469	0.653271	0.584974	0.214757	0.440979	0.225963	0.093807	0.118039	0.260699	0.598486	0.350226	0.555165	0.185585	0.179291	0.250422	0.176540	0.120882	0.148854	0.238028	0.166323	0.411001	0.578891	0.117469	0.462632	0.209101	0.377772	0.114615	0.236529	0.615893	0.343633	0.615060	0.444555	0.181871	0.132172	0.228490	0.089708	0.177608	0.163615	0.238028	0.270857	0.120882	0.485632	0.131611	0.079086	0.443502	0.131049	0.160899	0.076114	0.632942	0.445165	0.086769	0.151056	0.131611	0.384416	0.245980	0.471986	0.604736	0.175469	0.109456	0.151605	0.625449	0.100794	0.090295	0.108305	0.221396	0.432948	0.291758	0.278516	0.442063	0.327595	0.179742	0.398868	0.295037	0.209101	0.173325	0.254841	0.495722	0.045269	0.096725	0.172789	0.217317	0.295037	
0.587933	0.645094	0.587108	0.636260	0.523810	0.617958	0.576779	0.051338	0.628571	0.613333	0.610340	0.568586	0.612296	0.648975	0.610206	0.615960	0.615525	0.571429	0.615581	0.632804	0.464926	0.491676	0.623266	0.620155	0.622549	0.196845	0.591806	0.575305	0.577840	0.411190	0.441516	0.587258	0.606369	0.607427	0.501718	0.597132	0.649789	0.487097	0.518854	0.590432	0.626781	0.573886	0.528580	0.363636	0.618868	0.531947	0.513947	0.320000	0.629779	0.317719	0.602532	0.643850	0.379592	0.623223	0.572238	0.611418	0.558704	0.545985	0.563961	0.628902	0.379820	0.532526	0.629460	0.558140	0.608273	0.481799	0.564841	0.616760	0.575843	0.614853	0.626974	0.618047	0.406824	0.642276	0.637993	0.026797	0.588235	0.579688	0.403478	0.630846	0.597577	0.635731	0.556999	0.550459	0.617761	0.557300	0.639908	0.648521	0.325581	0.581040	0.130344	0.609724	0.636277	0.550143	0.611021	0.630561	0.190360	0.547307	0.631963	0.592411	0.615558	0.558952	0.640089	0.065698	0.612930	0.307414	0.617195	0.149736	0.457757	0.634088	0.417508	0.640324	0.507837	0.521341	0.622886	0.581273	0.143558	0.637813	0.500292	0.503188	0.328652	0.445312	0.319569	0.609819	0.063307	0.383437	0.616867	0.591837	0.629847	0.530086	0.383921	0.514118	0.543544	0.642616	0.608609	0.626536	0.261672	1.000000	0.480127	0.609053	0.617496	0.651945	0.637053	0.636269	0.634981	0.585403	0.620805	0.626374	0.285714	0.609964	0.636166	0.474737	0.628842	0.526475	0.497935	0.308097	0.643172	0.517504	0.614094	0.608805	0.312000	0.549153	0.316547	0.540930	0.562118	0.620690	0.601050	0.574982	0.639511	0.619958	0.530227	0.572886	0.636929	0.626866	0.522924	0.276514	0.585970	0.621212	0.649294	0.544180	0.525672	0.580695	0.298755	0.610829	0.479237	0.637363	0.644309	0.626571	0.629812	0.585034	0.513932	0.251748	0.597843	0.634038	0.567396	0.647436	0.622144	0.588800	0.619638	0.646484	0.443801	0.618812	0.635585	0.643192	0.625899	0.352808	0.597510	0.630553	0.632822	0.438356	0.618370	0.579387	0.601639	0.340426	0.610442	0.548967	0.642934	0.196597	0.559039	0.610837	0.402044	0.473600	0.626238	0.372760	0.588542	0.587444	0.491582	0.627494	0.603462	0.626066	0.375000	0.634093	0.291971	0.626974	0.608586	0.262332	0.658254	0.617480	0.638674	0.556300	0.556671	0.591373	0.576373	0.526946	0.464516	0.636893	0.573018	0.645161	0.205986	0.642162	0.633369	0.602410	0.636686	0.546997	0.133125	0.577840	0.482428	0.612396	0.351615	0.583333	0.619339	0.629890	0.617188	0.597015	0.576602	0.576871	0.625000	0.614472	0.477141	0.042341	0.375602	0.614815	0.582996	0.577138	0.636663	0.599327	0.346290	0.648980	0.564907	0.564673	0.529154	0.611613	0.621005	0.604651	0.604540	0.269871	0.625438	0.344371	0.573519	0.633918	0.585695	0.552803	0.340426	0.539259	0.376508	0.446634	0.605825	0.601274	0.645224	0.573840	0.626812	0.602410	0.575071	0.513595	0.628770	0.527273	0.570613	0.626556	0.164211	0.597015	0.231741	0.220132	0.545455	0.622322	0.629738	0.624424	0.482540	0.618047	0.617619	0.635394	0.632558	0.621984	0.594164	0.564327	0.539987	0.582633	0.626243	0.624738	0.653426	0.493023	0.614428	0.163351	0.601966	0.585827	0.622068	0.639198	0.643226	0.605753	0.316547	0.456311	0.590909	0.638528	0.358758	0.632588	0.576697	0.548263	0.612863	0.655567	0.609991	0.574834	0.617782	0.628176	0.406646	0.456311	0.600000	0.412860	0.568571	0.352277	0.630170	0.577657	0.629712	0.638767	0.557796	0.634387	0.466814	0.616462	0.638528	0.363636	0.570790	0.639113	0.643653	0.648472	0.613497	0.538953	0.485714	0.291953	0.631300	0.628272	0.612091	0.640548	0.295828	0.636943	0.532751	0.269120	0.625767	0.616071	0.540299	0.646720	0.389351	0.175511	0.123695	0.414439	0.628337	0.528529	0.644550	0.635081	0.614187	0.452033	0.357895	0.627607	0.609272	0.587106	0.625400	0.597964	0.545103	0.589708	0.638596	0.217143	0.610553	0.177879	0.630262	0.553441	0.646121	0.602941	0.620321	0.606111	0.490294	0.547865	0.559541	0.549277	0.551020	0.598227	0.605096	0.512821	0.613300	0.595479	0.632367	0.148808	0.596974	0.616899	0.637205	0.247685	0.441459	0.605701	0.083497	0.622685	0.473430	0.527903	0.627409	0.411922	0.627660	0.474594	0.610687	0.029213	0.637459	0.616385	0.526946	0.568245	0.632883	0.576000	0.569207	0.450246	0.525680	0.584722	0.623345	0.620805	0.505327	0.630508	0.373504	0.594789	0.364912	0.562590	0.608472	0.555233	0.621404	0.465798	0.596628	0.606711	0.644144	0.626178	0.526946	0.549837	0.558952	0.422819	0.578947	0.559767	0.600000	0.409475	0.196144	0.568928	0.453202	0.592798	0.556041	0.623656	0.637168	0.547908	0.405217	0.591917	0.509259	0.580913	0.268272	0.496051	0.465041	0.520124	0.640936	0.596570	0.648649	0.634398	0.571429	0.636955	0.616774	0.607229	0.638171	0.632972	0.602883	0.646421	0.542438	0.266667	0.482428	0.614173	0.635183	0.632207	
0.538136	0.485407	0.373365	0.512281	0.591781	0.388420	0.313230	0.017964	0.485893	0.536680	0.580247	0.292727	0.583673	0.559387	0.501629	0.561616	0.408629	0.610687	0.575630	0.489028	0.195626	0.215385	0.492063	0.591006	0.561886	0.072392	0.318497	0.590698	0.605911	0.165553	0.586667	0.607229	0.569038	0.590604	0.223767	0.569565	0.489860	0.207341	0.634831	0.512727	0.428954	0.331276	0.243939	0.142038	0.549180	0.622951	0.233672	0.122995	0.457060	0.122016	0.559006	0.480892	0.150257	0.532588	0.636591	0.408216	0.562212	0.603175	0.576190	0.526882	0.151103	0.604520	0.409669	0.635171	0.347732	0.206278	0.583979	0.517007	0.627160	0.378378	0.554264	0.553785	0.162708	0.460857	0.607547	0.009300	0.599057	0.330935	0.161565	0.452722	0.587156	0.518919	0.606218	0.290090	0.591489	0.332989	0.516814	0.535316	0.579365	0.321678	0.046843	0.599119	0.426273	0.593350	0.347357	0.437414	0.069848	0.642105	0.403553	0.549020	0.506897	0.610526	0.503356	0.023099	0.364253	0.560976	0.401003	0.054172	0.195626	0.548872	0.585366	0.455882	0.622356	0.613181	0.452722	0.313230	0.051827	0.521891	0.228693	0.227080	0.126722	0.184951	0.544000	0.377049	0.022241	0.152751	0.554493	0.332989	0.544118	0.598465	0.151103	0.231156	0.618384	0.503448	0.453757	0.571992	0.098471	0.480127	1.000000	0.354626	0.374854	0.472050	0.480519	0.465046	0.426846	0.315068	0.363842	0.402548	0.569038	0.546512	0.477905	0.202134	0.538033	0.621469	0.231988	0.117906	0.505824	0.634286	0.363842	0.569672	0.119569	0.275685	0.602410	0.263934	0.276158	0.531835	0.571429	0.303774	0.459259	0.481890	0.251366	0.302347	0.480974	0.384615	0.246366	0.104613	0.600000	0.486224	0.482085	0.287757	0.242287	0.325911	0.113942	0.368000	0.218305	0.440922	0.472674	0.394052	0.447592	0.429363	0.648968	0.094400	0.324924	0.516892	0.290090	0.473768	0.387485	0.341463	0.420485	0.443515	0.182333	0.546906	0.424731	0.543119	0.542694	0.137255	0.629808	0.490260	0.525926	0.177901	0.566524	0.618005	0.352683	0.568093	0.577273	0.269682	0.496774	0.072295	0.270134	0.538614	0.607143	0.647799	0.534930	0.146098	0.533623	0.312318	0.218305	0.497479	0.355408	0.544747	0.617100	0.498371	0.539419	0.558140	0.548454	0.098743	0.478261	0.505226	0.528428	0.271730	0.605128	0.332645	0.315068	0.576177	0.626198	0.439834	0.597087	0.438547	0.075997	0.488673	0.479495	0.622727	0.539033	0.262857	0.047888	0.576355	0.645768	0.405685	0.136730	0.325581	0.564706	0.452174	0.590022	0.595349	0.622871	0.588785	0.540952	0.511194	0.201754	0.014771	0.147368	0.552684	0.576037	0.341102	0.500000	0.365494	0.594595	0.463596	0.624365	0.284704	0.250000	0.589744	0.516696	0.552941	0.543396	0.547009	0.509091	0.133555	0.303774	0.532847	0.603687	0.262429	0.622568	0.635870	0.147774	0.629139	0.439834	0.556485	0.439499	0.603960	0.401506	0.572727	0.601504	0.238872	0.522523	0.640227	0.624365	0.474886	0.059707	0.595349	0.086281	0.081622	0.637363	0.520690	0.432133	0.531194	0.637771	0.557769	0.432507	0.494453	0.416667	0.394089	0.590604	0.610080	0.256369	0.624079	0.452074	0.485317	0.442857	0.627219	0.555332	0.059377	0.552268	0.334372	0.381517	0.507614	0.478788	0.368000	0.562249	0.630225	0.317868	0.482982	0.139878	0.481013	0.361174	0.258220	0.584362	0.470948	0.386091	0.575893	0.410714	0.529517	0.162626	0.610932	0.609929	0.619718	0.625954	0.137021	0.547573	0.604215	0.504202	0.502496	0.272650	0.442553	0.214524	0.383234	0.492707	0.633962	0.311111	0.464234	0.507614	0.502463	0.386091	0.255759	0.637771	0.111073	0.390777	0.383790	0.587269	0.439776	0.112706	0.488189	0.615789	0.101545	0.566929	0.393604	0.639118	0.505338	0.153553	0.064067	0.044353	0.166236	0.449775	0.635097	0.528864	0.443796	0.379270	0.636364	0.585551	0.445714	0.593750	0.620853	0.479365	0.576200	0.258635	0.606796	0.525547	0.495413	0.548057	0.064985	0.517483	0.617021	0.482650	0.538310	0.392638	0.356195	0.215241	0.650538	0.641026	0.265021	0.559367	0.307545	0.339305	0.612360	0.558416	0.329918	0.412073	0.053819	0.619048	0.353070	0.471471	0.092742	0.181204	0.538318	0.029533	0.535009	0.643312	0.634831	0.494418	0.165894	0.392205	0.200999	0.559499	0.010147	0.511551	0.593074	0.614958	0.603406	0.523236	0.550790	0.328907	0.186883	0.619718	0.284201	0.557252	0.361582	0.605714	0.529412	0.146430	0.392060	0.142604	0.297322	0.572034	0.629921	0.533808	0.592834	0.581897	0.607306	0.495697	0.475309	0.626039	0.262215	0.615789	0.608997	0.303487	0.585752	0.591224	0.598592	0.072116	0.302632	0.642384	0.621687	0.600000	0.356984	0.489112	0.274043	0.161565	0.552174	0.645161	0.610577	0.101194	0.638037	0.616883	0.637168	0.529197	0.311412	0.447977	0.469880	0.302347	0.412987	0.606838	0.343284	0.446352	0.545802	0.583333	0.491057	0.255556	0.549356	0.601881	0.597802	0.533333	0.454936	
0.533081	0.614390	0.629292	0.584775	0.420610	0.637456	0.631970	0.080709	0.614379	0.565217	0.552239	0.634638	0.537175	0.559567	0.603333	0.558742	0.646288	0.457610	0.534840	0.606209	0.573477	0.591062	0.605263	0.528015	0.553425	0.296782	0.643707	0.490157	0.477823	0.534966	0.313770	0.483516	0.543233	0.515005	0.596543	0.514340	0.614507	0.600281	0.405520	0.561620	0.645646	0.613607	0.623295	0.492815	0.536313	0.424370	0.606925	0.443820	0.630008	0.450853	0.542563	0.614498	0.506413	0.566340	0.471066	0.622711	0.498039	0.439834	0.485089	0.580420	0.494663	0.408511	0.645773	0.448811	0.641534	0.590592	0.452210	0.587734	0.474268	0.648573	0.553539	0.553309	0.532554	0.628662	0.566308	0.042434	0.499010	0.626042	0.529663	0.641745	0.502935	0.588957	0.452675	0.628538	0.528409	0.625885	0.587315	0.574733	0.217184	0.625079	0.200268	0.525000	0.630631	0.456499	0.638467	0.623001	0.287529	0.449275	0.641921	0.552920	0.588336	0.447205	0.602369	0.102850	0.639456	0.204327	0.622832	0.228790	0.561828	0.568873	0.288660	0.622433	0.370774	0.400000	0.621495	0.648079	0.219738	0.584270	0.595787	0.593812	0.461145	0.564676	0.212919	0.641667	0.099177	0.501856	0.571686	0.638764	0.575221	0.450358	0.516746	0.616473	0.416931	0.590051	0.604069	0.567246	0.386411	0.609053	0.354626	1.000000	0.644983	0.617886	0.610649	0.620579	0.640120	0.628109	0.640381	0.640408	0.189091	0.568058	0.586466	0.583754	0.561778	0.406383	0.583587	0.441966	0.593092	0.399573	0.645819	0.538175	0.447088	0.631699	0.210778	0.627907	0.633562	0.567857	0.522574	0.636695	0.623315	0.601147	0.625603	0.637190	0.625905	0.653032	0.606445	0.405022	0.489066	0.601829	0.618333	0.600587	0.617232	0.645489	0.427902	0.646133	0.574478	0.625000	0.630245	0.643216	0.622291	0.597859	0.384865	0.373280	0.646798	0.592530	0.633255	0.604115	0.642202	0.638326	0.634036	0.627782	0.558673	0.548298	0.637594	0.574713	0.575022	0.483629	0.481038	0.607321	0.570160	0.552588	0.515209	0.481444	0.639093	0.227758	0.512671	0.629213	0.606965	0.296429	0.642295	0.557287	0.274827	0.347345	0.540938	0.498208	0.529131	0.633271	0.590005	0.591025	0.644772	0.567273	0.252632	0.600000	0.193470	0.557169	0.535948	0.388355	0.621138	0.582759	0.597973	0.622247	0.456967	0.635779	0.643035	0.418163	0.338154	0.640183	0.482966	0.634409	0.309766	0.609635	0.609836	0.512671	0.576512	0.629486	0.204378	0.473790	0.349171	0.623529	0.484189	0.631111	0.572993	0.622257	0.531041	0.503937	0.477432	0.500986	0.558056	0.572193	0.578368	0.066741	0.501624	0.545455	0.501961	0.615686	0.601681	0.635310	0.231953	0.629071	0.459184	0.629004	0.611526	0.529412	0.597403	0.554745	0.555556	0.178049	0.593310	0.485152	0.642770	0.574956	0.501961	0.623276	0.227758	0.429769	0.501266	0.317568	0.624905	0.531955	0.632950	0.468687	0.640636	0.506823	0.467005	0.601861	0.595968	0.406816	0.463265	0.600161	0.249875	0.503937	0.345994	0.329729	0.421053	0.581475	0.625382	0.587620	0.356436	0.547794	0.615854	0.608053	0.633678	0.642346	0.509197	0.442368	0.619978	0.473313	0.614786	0.618005	0.623639	0.383117	0.546630	0.248627	0.550778	0.644287	0.641958	0.594732	0.635634	0.637919	0.210778	0.334448	0.634146	0.600166	0.491690	0.610837	0.616848	0.619749	0.541045	0.622581	0.639437	0.506770	0.636496	0.585153	0.529228	0.334448	0.495540	0.282759	0.457610	0.485695	0.575840	0.491609	0.597798	0.599832	0.630447	0.625871	0.552947	0.643209	0.596841	0.244418	0.631709	0.615264	0.589635	0.609205	0.646479	0.615718	0.356436	0.425825	0.655319	0.635789	0.540541	0.632308	0.428696	0.620803	0.445135	0.397125	0.552102	0.643317	0.419389	0.585366	0.518822	0.266215	0.190415	0.534285	0.619314	0.414815	0.582369	0.627852	0.648084	0.328859	0.240283	0.617418	0.518375	0.496032	0.590461	0.540845	0.623703	0.484970	0.578483	0.141791	0.543256	0.269626	0.585492	0.444906	0.606557	0.547945	0.635261	0.644295	0.597502	0.432150	0.454918	0.625208	0.443523	0.649112	0.638436	0.407643	0.555454	0.641485	0.627596	0.227432	0.487078	0.650200	0.624601	0.368162	0.551841	0.569135	0.130037	0.566929	0.340000	0.409766	0.606760	0.536605	0.642502	0.585009	0.552113	0.046227	0.604027	0.517176	0.418163	0.481444	0.601542	0.497570	0.624920	0.563880	0.412327	0.637580	0.567568	0.648538	0.399573	0.601375	0.507002	0.616379	0.500703	0.626723	0.534972	0.448811	0.594077	0.326988	0.521905	0.509766	0.594687	0.615883	0.416051	0.619625	0.449275	0.292571	0.631451	0.441451	0.494603	0.282759	0.295783	0.629091	0.317568	0.483516	0.438923	0.649194	0.593407	0.631459	0.534316	0.516252	0.386192	0.489022	0.394374	0.361842	0.328859	0.382703	0.585538	0.644444	0.618153	0.624000	0.637190	0.641593	0.531309	0.654856	0.633463	0.563964	0.518234	0.612823	0.632719	0.175824	0.349171	0.528338	0.582593	0.636576	
0.525273	0.621212	0.611030	0.588979	0.436807	0.633968	0.622364	0.075615	0.609362	0.578199	0.559140	0.634087	0.551120	0.564684	0.609904	0.565891	0.636981	0.479570	0.550839	0.602553	0.560696	0.571850	0.616967	0.537849	0.562141	0.280040	0.633075	0.494312	0.487805	0.516519	0.332139	0.495798	0.553695	0.532520	0.591093	0.513541	0.624788	0.580861	0.423292	0.548298	0.629774	0.599072	0.603123	0.474322	0.542439	0.440753	0.596345	0.418384	0.637255	0.430101	0.554902	0.623176	0.491791	0.567970	0.480769	0.629179	0.504634	0.456831	0.489028	0.593607	0.474513	0.428732	0.660620	0.459695	0.641148	0.582459	0.474026	0.590222	0.484076	0.644092	0.566002	0.573628	0.511924	0.627677	0.579194	0.039705	0.495317	0.615894	0.514625	0.628340	0.517986	0.602564	0.459372	0.598664	0.536246	0.611702	0.597096	0.591628	0.230672	0.607282	0.188369	0.528759	0.637568	0.461207	0.628415	0.642405	0.271226	0.453653	0.647547	0.563515	0.592659	0.455834	0.605472	0.096429	0.643209	0.217114	0.611236	0.215399	0.544205	0.568756	0.305825	0.624486	0.391705	0.413093	0.621862	0.637700	0.206815	0.588448	0.592288	0.584143	0.446394	0.559263	0.226175	0.645579	0.092974	0.476371	0.562264	0.628989	0.579093	0.467672	0.498501	0.602073	0.437500	0.596240	0.600488	0.570881	0.366693	0.617496	0.374854	0.644983	1.000000	0.626588	0.633131	0.629289	0.633385	0.613214	0.631505	0.644478	0.201031	0.581197	0.588850	0.561502	0.576208	0.421998	0.581818	0.424725	0.585237	0.421646	0.631505	0.565854	0.427864	0.626393	0.223919	0.606716	0.625954	0.562092	0.532258	0.641202	0.648515	0.595563	0.619362	0.624220	0.629816	0.639883	0.590022	0.386169	0.495298	0.584055	0.620330	0.591787	0.614148	0.626885	0.406185	0.650142	0.556660	0.636881	0.619440	0.653274	0.627514	0.587768	0.401826	0.353597	0.641361	0.588131	0.620522	0.631218	0.649123	0.625676	0.648944	0.629984	0.541033	0.566474	0.638564	0.595194	0.580827	0.471731	0.507870	0.617520	0.579387	0.540264	0.542373	0.497890	0.638621	0.241814	0.524053	0.619295	0.618842	0.279703	0.622325	0.566219	0.291310	0.364912	0.545279	0.482306	0.525050	0.654337	0.582505	0.595406	0.643105	0.568982	0.267990	0.601216	0.205656	0.567901	0.536204	0.367562	0.619814	0.568857	0.595595	0.617886	0.463862	0.632558	0.633740	0.420935	0.357647	0.653968	0.499473	0.636872	0.292417	0.625108	0.611443	0.522006	0.582326	0.628831	0.192260	0.483563	0.369159	0.602593	0.461964	0.613368	0.574976	0.629177	0.539078	0.525336	0.491561	0.495337	0.561205	0.587139	0.562588	0.062500	0.491550	0.557692	0.523172	0.606347	0.608238	0.641749	0.246231	0.621488	0.481203	0.639089	0.601644	0.541294	0.603978	0.548233	0.560450	0.189364	0.599816	0.463365	0.644959	0.575115	0.521112	0.607710	0.241814	0.446409	0.485272	0.336114	0.612698	0.526108	0.633758	0.486716	0.649175	0.511771	0.478632	0.597347	0.591575	0.424719	0.470462	0.606365	0.235413	0.525336	0.327009	0.311468	0.439512	0.583706	0.630659	0.602914	0.376744	0.571704	0.612827	0.604452	0.646743	0.640474	0.534553	0.450766	0.617959	0.495763	0.592233	0.604730	0.633791	0.400000	0.560928	0.234228	0.544061	0.636000	0.647357	0.609929	0.643275	0.648725	0.223919	0.351415	0.650323	0.604853	0.478337	0.603935	0.586086	0.619955	0.545455	0.633081	0.637491	0.501523	0.632854	0.616788	0.508542	0.353774	0.512500	0.299635	0.466667	0.467613	0.581749	0.502075	0.602473	0.609842	0.630966	0.645733	0.535819	0.641399	0.603120	0.259352	0.624682	0.636661	0.611702	0.628272	0.641867	0.590200	0.376744	0.405704	0.653931	0.639535	0.552734	0.641087	0.407778	0.619454	0.455834	0.376483	0.562679	0.628148	0.437778	0.607825	0.501139	0.250944	0.179043	0.514956	0.636213	0.424107	0.579143	0.626841	0.633478	0.347929	0.255000	0.625707	0.529949	0.502607	0.584404	0.541339	0.621773	0.486828	0.600922	0.150993	0.565302	0.254188	0.600541	0.451260	0.623399	0.537285	0.655325	0.641221	0.578455	0.453245	0.466019	0.624429	0.449782	0.643939	0.647376	0.423292	0.558541	0.649042	0.626636	0.214110	0.501567	0.644582	0.638404	0.348217	0.541919	0.587687	0.122028	0.575868	0.359577	0.430011	0.615120	0.519774	0.633284	0.563815	0.561024	0.043260	0.617673	0.542543	0.427617	0.485232	0.610018	0.497959	0.608179	0.562832	0.421525	0.641916	0.582469	0.642757	0.421646	0.599103	0.487573	0.600149	0.479428	0.612346	0.537166	0.466231	0.595086	0.345972	0.527473	0.521026	0.595707	0.619409	0.436526	0.613031	0.455834	0.309927	0.637046	0.458515	0.513402	0.299635	0.279088	0.630856	0.336114	0.502101	0.455834	0.646282	0.587302	0.629673	0.514625	0.533601	0.407745	0.493179	0.375370	0.382387	0.347929	0.406393	0.586175	0.636537	0.629780	0.639467	0.625468	0.651875	0.553234	0.657627	0.644013	0.574929	0.535750	0.612847	0.627713	0.187013	0.366822	0.540323	0.594243	0.640777	
0.602015	0.645427	0.596733	0.634529	0.544396	0.618593	0.585185	0.052940	0.639583	0.616667	0.618812	0.572433	0.618227	0.654028	0.628205	0.619339	0.627027	0.567832	0.611529	0.633333	0.466463	0.503027	0.619748	0.605830	0.616125	0.202516	0.610653	0.595745	0.574176	0.416409	0.437299	0.578019	0.622500	0.603381	0.507666	0.598465	0.645898	0.494933	0.522124	0.598624	0.636704	0.587326	0.537150	0.373117	0.619753	0.537791	0.522353	0.328571	0.638256	0.326241	0.618634	0.654737	0.389452	0.640279	0.574202	0.615804	0.563492	0.557143	0.557951	0.634091	0.390542	0.523669	0.642599	0.540541	0.613782	0.491768	0.558533	0.626374	0.569464	0.618926	0.642005	0.621359	0.415472	0.656657	0.629108	0.027644	0.581769	0.580695	0.414687	0.649020	0.588391	0.633979	0.559322	0.565642	0.613636	0.577192	0.642616	0.632558	0.317073	0.591081	0.134241	0.608247	0.657303	0.552595	0.616493	0.640610	0.195864	0.541311	0.619820	0.603365	0.643016	0.558405	0.636166	0.067732	0.613599	0.299296	0.616071	0.154165	0.462398	0.637002	0.403941	0.646707	0.496172	0.506706	0.641176	0.580741	0.147819	0.640538	0.513295	0.511494	0.337408	0.455647	0.311189	0.625850	0.065270	0.393416	0.634320	0.595811	0.639723	0.530154	0.393804	0.522449	0.540382	0.636364	0.633136	0.644150	0.268931	0.651945	0.472050	0.617886	0.626588	1.000000	0.643923	0.648980	0.652296	0.592262	0.618061	0.628726	0.278075	0.630072	0.638800	0.480418	0.617886	0.523669	0.502924	0.316410	0.634886	0.523810	0.628003	0.612346	0.320398	0.554362	0.308231	0.555123	0.561828	0.637850	0.604891	0.584660	0.641926	0.633229	0.542732	0.578226	0.641471	0.632582	0.531614	0.284118	0.574124	0.621938	0.649573	0.551006	0.530588	0.592366	0.306861	0.619883	0.486366	0.651575	0.652653	0.621789	0.630350	0.603448	0.505295	0.258773	0.604722	0.647702	0.579609	0.660358	0.624458	0.602372	0.639098	0.635226	0.452107	0.626974	0.630394	0.636678	0.628975	0.361319	0.601626	0.648188	0.635731	0.445591	0.609137	0.575716	0.612146	0.331606	0.611549	0.562005	0.647558	0.202261	0.566711	0.631197	0.395349	0.475000	0.602673	0.382423	0.592593	0.583888	0.501948	0.632497	0.605863	0.636364	0.365482	0.636752	0.284192	0.620525	0.607187	0.269606	0.654244	0.622768	0.632609	0.565362	0.544944	0.592248	0.593750	0.512445	0.453543	0.646890	0.594005	0.645472	0.211889	0.648936	0.642259	0.603675	0.623256	0.550743	0.137099	0.582418	0.474259	0.616788	0.360105	0.598017	0.629808	0.632411	0.610473	0.603723	0.578445	0.589333	0.623377	0.620047	0.486966	0.043669	0.382130	0.615758	0.589947	0.584518	0.637149	0.618454	0.337349	0.661307	0.558659	0.562973	0.544099	0.607595	0.617284	0.622596	0.624413	0.262590	0.642202	0.353458	0.577424	0.641379	0.600529	0.562944	0.331606	0.544928	0.384646	0.442308	0.623923	0.585000	0.643612	0.578512	0.636282	0.608924	0.588072	0.522156	0.640821	0.515556	0.572626	0.637385	0.169029	0.603723	0.238283	0.226389	0.536443	0.636364	0.636015	0.620612	0.480620	0.606796	0.631679	0.637985	0.633028	0.619048	0.595579	0.557940	0.544994	0.581619	0.626836	0.643963	0.647750	0.496970	0.620269	0.168146	0.615199	0.585214	0.610635	0.644031	0.641548	0.623225	0.308231	0.448657	0.590262	0.645367	0.368140	0.637317	0.586093	0.549395	0.618812	0.653689	0.628028	0.574026	0.641953	0.612940	0.413553	0.461295	0.598658	0.405941	0.567832	0.361527	0.626045	0.571429	0.639040	0.632719	0.566866	0.638754	0.480527	0.615385	0.651757	0.354344	0.588062	0.655412	0.648412	0.640172	0.622837	0.545225	0.471318	0.299907	0.636998	0.625323	0.610630	0.637066	0.303869	0.654127	0.527066	0.276553	0.616867	0.618502	0.537226	0.638009	0.397685	0.180628	0.127407	0.423196	0.639029	0.516887	0.630966	0.647468	0.621691	0.453968	0.348718	0.630137	0.600000	0.586022	0.626050	0.624220	0.553925	0.574932	0.629885	0.211111	0.614057	0.183059	0.639821	0.547278	0.638075	0.613718	0.629727	0.601958	0.496150	0.550432	0.550562	0.550423	0.556348	0.601899	0.607396	0.522124	0.626360	0.607088	0.627306	0.153212	0.574124	0.625608	0.649798	0.254613	0.448785	0.625438	0.086058	0.634812	0.455975	0.522124	0.636459	0.422448	0.629921	0.481289	0.616729	0.030136	0.635776	0.596939	0.506589	0.575716	0.626800	0.588235	0.591852	0.455746	0.516987	0.581443	0.628842	0.611433	0.514881	0.642222	0.382388	0.609929	0.374419	0.567972	0.612091	0.557610	0.633484	0.457870	0.597964	0.610526	0.631229	0.645361	0.509517	0.549677	0.561254	0.415712	0.578453	0.550642	0.580132	0.405941	0.201797	0.571429	0.445513	0.591588	0.544160	0.627451	0.624592	0.557114	0.415551	0.590793	0.506787	0.566396	0.275685	0.475309	0.447619	0.502269	0.641379	0.592920	0.639053	0.640974	0.582552	0.635531	0.617722	0.614286	0.642507	0.626478	0.616967	0.644610	0.547408	0.259459	0.468019	0.607465	0.642691	0.640548	
0.600522	0.639153	0.590308	0.636574	0.525038	0.617988	0.571861	0.049948	0.630901	0.633005	0.605128	0.569584	0.622449	0.617647	0.629956	0.626109	0.628466	0.561863	0.618182	0.615880	0.460825	0.484069	0.621212	0.620237	0.625156	0.191902	0.582375	0.577348	0.585714	0.403752	0.437710	0.583921	0.621762	0.618084	0.498557	0.599469	0.645989	0.477531	0.510769	0.575829	0.625000	0.552923	0.522924	0.354549	0.588235	0.524242	0.513158	0.312500	0.640163	0.310263	0.612613	0.650759	0.373410	0.608905	0.559885	0.615098	0.549451	0.526786	0.560224	0.617371	0.372784	0.543210	0.637037	0.562963	0.601639	0.474394	0.563877	0.632653	0.575107	0.616594	0.634568	0.648241	0.399472	0.659114	0.621359	0.026063	0.596100	0.580900	0.396152	0.633065	0.594521	0.645465	0.555882	0.549858	0.609948	0.551943	0.637951	0.610577	0.333333	0.569884	0.126953	0.593583	0.626923	0.551825	0.596233	0.650343	0.185563	0.543027	0.626617	0.614428	0.633867	0.563798	0.640449	0.063931	0.612903	0.314815	0.584249	0.145880	0.446392	0.610169	0.423408	0.638604	0.496000	0.516330	0.625000	0.588502	0.139849	0.626590	0.504113	0.488318	0.320988	0.441278	0.327206	0.608014	0.061603	0.373855	0.626683	0.590008	0.625298	0.525547	0.375258	0.514523	0.545176	0.636156	0.588235	0.634207	0.255331	0.637053	0.480519	0.610649	0.633131	0.643923	1.000000	0.655462	0.635226	0.566869	0.615776	0.630213	0.292683	0.644444	0.594475	0.466349	0.605042	0.515432	0.499405	0.300826	0.618994	0.527950	0.600509	0.629156	0.304653	0.541724	0.324125	0.537649	0.567123	0.603865	0.606142	0.584934	0.652219	0.607104	0.538413	0.565121	0.654048	0.621670	0.500937	0.269870	0.577031	0.612514	0.647577	0.527955	0.520025	0.583463	0.291667	0.621044	0.468061	0.647773	0.640577	0.633969	0.640000	0.598425	0.508689	0.245614	0.599222	0.636569	0.561254	0.647887	0.629333	0.593371	0.635135	0.640950	0.433010	0.611321	0.643545	0.643623	0.643118	0.344697	0.585915	0.641758	0.630695	0.427757	0.600000	0.587234	0.613090	0.344828	0.585831	0.553763	0.649891	0.191660	0.553163	0.608260	0.407666	0.473856	0.593711	0.364291	0.582781	0.588679	0.489542	0.632171	0.608333	0.618812	0.380107	0.612335	0.299065	0.639506	0.598203	0.255977	0.639659	0.587558	0.652466	0.547667	0.561404	0.586371	0.589666	0.512977	0.461285	0.641101	0.589235	0.661386	0.200839	0.646930	0.633621	0.607629	0.637019	0.545095	0.129667	0.568571	0.479608	0.589888	0.343526	0.572097	0.644279	0.628049	0.582781	0.621547	0.587234	0.576177	0.615385	0.631325	0.467725	0.041190	0.367084	0.599749	0.587912	0.576737	0.645880	0.616170	0.350814	0.634953	0.572674	0.574035	0.518331	0.619423	0.637312	0.614428	0.609223	0.276515	0.646919	0.336414	0.571640	0.627078	0.612637	0.537804	0.348457	0.540785	0.367165	0.446309	0.615536	0.572539	0.625864	0.570201	0.632447	0.583106	0.571429	0.506699	0.636042	0.534776	0.549419	0.626709	0.160014	0.621547	0.226031	0.214673	0.541033	0.615561	0.622047	0.638596	0.486224	0.635678	0.609804	0.633514	0.634652	0.600362	0.601889	0.566319	0.538065	0.576320	0.604230	0.629118	0.637827	0.528481	0.594185	0.159174	0.584270	0.585521	0.618629	0.644068	0.658281	0.615911	0.320442	0.459504	0.598317	0.638858	0.350539	0.637149	0.557627	0.542505	0.615385	0.664557	0.618794	0.582210	0.623377	0.635404	0.396658	0.476033	0.588563	0.418685	0.573508	0.344175	0.637824	0.571429	0.627672	0.652514	0.555932	0.634635	0.461281	0.628875	0.645445	0.372093	0.579383	0.631256	0.648588	0.655592	0.624113	0.520283	0.470016	0.284998	0.631485	0.600177	0.599232	0.642857	0.288797	0.643703	0.534125	0.262626	0.618454	0.599819	0.547945	0.635514	0.380594	0.171053	0.120466	0.405199	0.643080	0.523737	0.632972	0.637385	0.610674	0.451827	0.366248	0.637827	0.606469	0.586592	0.597403	0.615783	0.536712	0.592068	0.641330	0.222656	0.648787	0.173366	0.648961	0.546269	0.650862	0.572852	0.651037	0.607679	0.482682	0.552553	0.564327	0.544732	0.558692	0.581655	0.604988	0.504615	0.613267	0.600000	0.615530	0.144974	0.585434	0.611940	0.647917	0.241636	0.433607	0.622437	0.081272	0.601645	0.463816	0.529231	0.640608	0.405369	0.626009	0.468354	0.641656	0.028414	0.637778	0.603175	0.506870	0.575887	0.649143	0.578019	0.581304	0.446207	0.514638	0.566223	0.625917	0.615776	0.537267	0.651376	0.365022	0.574545	0.356583	0.567901	0.608355	0.565926	0.640187	0.475874	0.577836	0.590164	0.633143	0.639066	0.506870	0.538765	0.563798	0.418525	0.577122	0.552749	0.591472	0.408304	0.191217	0.556701	0.449664	0.578279	0.554896	0.620401	0.610550	0.551396	0.397027	0.591512	0.497638	0.571831	0.261795	0.487097	0.461794	0.524487	0.657957	0.578313	0.628803	0.653445	0.559235	0.629699	0.635171	0.612013	0.656596	0.630807	0.616000	0.646865	0.540541	0.273245	0.479608	0.611482	0.649880	0.650554	
0.581683	0.644377	0.611725	0.622517	0.522111	0.626609	0.590909	0.054433	0.636550	0.608899	0.605839	0.590529	0.602906	0.606061	0.644211	0.601685	0.629893	0.545953	0.596059	0.624230	0.484359	0.505735	0.627329	0.597758	0.598817	0.207776	0.604306	0.561358	0.557951	0.427006	0.415094	0.577896	0.599509	0.597701	0.517183	0.585427	0.640737	0.503970	0.500000	0.582393	0.650647	0.579511	0.544686	0.381867	0.597087	0.515670	0.532089	0.335139	0.633431	0.334118	0.608059	0.647303	0.398548	0.600229	0.557823	0.617040	0.558442	0.529412	0.560847	0.624161	0.394001	0.518841	0.638146	0.529986	0.624406	0.500791	0.561549	0.625541	0.564103	0.628475	0.624413	0.632458	0.425054	0.647581	0.614319	0.028434	0.568421	0.591291	0.421640	0.640232	0.572539	0.635241	0.534626	0.558783	0.612903	0.566385	0.639290	0.608696	0.309524	0.578908	0.137864	0.592405	0.639556	0.536451	0.608076	0.645343	0.200970	0.541899	0.640569	0.607565	0.617904	0.553073	0.641631	0.069627	0.618033	0.292096	0.596120	0.158280	0.466196	0.612903	0.394864	0.637795	0.485757	0.499270	0.624758	0.593842	0.151779	0.628445	0.519495	0.522235	0.345499	0.464131	0.303754	0.638655	0.067099	0.398527	0.619325	0.609363	0.631818	0.517194	0.401297	0.529786	0.532374	0.637555	0.603113	0.616845	0.275652	0.636269	0.465046	0.620579	0.629289	0.648980	0.655462	1.000000	0.630897	0.592047	0.627355	0.635147	0.271304	0.640845	0.618796	0.492483	0.605714	0.513043	0.513921	0.324095	0.612593	0.498542	0.612613	0.614078	0.328161	0.553191	0.300855	0.551414	0.575233	0.611494	0.601770	0.591691	0.658754	0.609681	0.547928	0.593862	0.652568	0.625000	0.528302	0.291154	0.560847	0.616999	0.642105	0.555326	0.541742	0.592145	0.314358	0.622626	0.487024	0.648544	0.647581	0.638670	0.652591	0.584121	0.503704	0.265279	0.611907	0.631466	0.571231	0.640415	0.623822	0.597342	0.640074	0.645774	0.458611	0.616487	0.627778	0.633371	0.634994	0.370619	0.577128	0.651261	0.632420	0.450140	0.608479	0.567604	0.621297	0.323777	0.597938	0.564706	0.635983	0.207516	0.571990	0.620690	0.386364	0.467890	0.575866	0.389764	0.587202	0.601317	0.508007	0.627282	0.607085	0.609412	0.357025	0.608421	0.277296	0.631455	0.594397	0.276341	0.651020	0.602198	0.644540	0.566732	0.542700	0.605828	0.592047	0.505022	0.443760	0.647781	0.582888	0.644487	0.217363	0.656184	0.649485	0.587629	0.624714	0.566304	0.140793	0.574124	0.458015	0.616216	0.368636	0.573585	0.640662	0.641326	0.572146	0.590078	0.567604	0.557592	0.606272	0.628440	0.491718	0.044906	0.394288	0.603099	0.576623	0.585938	0.642553	0.612983	0.329412	0.638256	0.569863	0.579414	0.543103	0.614428	0.634254	0.598109	0.609700	0.256140	0.650113	0.361849	0.587393	0.635747	0.579221	0.551504	0.323777	0.525568	0.391252	0.432602	0.608121	0.572482	0.631280	0.572973	0.637246	0.587629	0.571429	0.534442	0.641975	0.519594	0.550685	0.618328	0.173503	0.590078	0.244346	0.232189	0.522857	0.613537	0.638941	0.633222	0.470410	0.603819	0.608286	0.616339	0.646739	0.620209	0.582375	0.552595	0.551508	0.567968	0.604831	0.632757	0.652510	0.504451	0.607443	0.172599	0.588375	0.600462	0.622034	0.625674	0.779116	0.630884	0.300855	0.442040	0.598962	0.646380	0.376801	0.638430	0.554828	0.554643	0.615572	0.654545	0.630769	0.568878	0.630357	0.625698	0.421416	0.454405	0.582345	0.393548	0.567901	0.370067	0.608696	0.568807	0.620838	0.636073	0.572182	0.641691	0.474687	0.631939	0.654774	0.346090	0.580598	0.634672	0.645092	0.651852	0.634188	0.547962	0.461305	0.307264	0.636207	0.626383	0.595383	0.641905	0.311306	0.628218	0.525140	0.283433	0.618483	0.621410	0.532189	0.630290	0.405261	0.185379	0.130858	0.429388	0.636092	0.506475	0.630011	0.644466	0.617722	0.440994	0.340568	0.633205	0.591837	0.580475	0.610766	0.615951	0.560405	0.561497	0.642534	0.205776	0.606061	0.187866	0.638767	0.542135	0.641237	0.586982	0.632493	0.619355	0.508734	0.536723	0.537190	0.562218	0.551049	0.597252	0.616342	0.491329	0.599287	0.608232	0.628415	0.157303	0.571429	0.628205	0.638723	0.261029	0.458116	0.622273	0.088442	0.602464	0.443077	0.505780	0.633437	0.429513	0.641314	0.489164	0.623313	0.030996	0.636943	0.598997	0.499283	0.559572	0.634678	0.569961	0.577947	0.474017	0.518090	0.585432	0.625581	0.627355	0.513120	0.632385	0.391321	0.586690	0.383192	0.573643	0.596535	0.557880	0.634744	0.444790	0.570000	0.602067	0.621592	0.626016	0.502152	0.563939	0.544693	0.403200	0.594130	0.545455	0.600780	0.393548	0.207040	0.572857	0.432602	0.559254	0.544693	0.630048	0.621651	0.559894	0.424216	0.580402	0.499261	0.561170	0.282547	0.468278	0.444099	0.494815	0.638009	0.592701	0.643969	0.652000	0.583869	0.640145	0.614428	0.624804	0.645411	0.618605	0.601010	0.633018	0.565163	0.253076	0.467176	0.609355	0.643836	0.651208	
0.578771	0.648045	0.585443	0.624371	0.497462	0.634185	0.602343	0.063658	0.633365	0.603613	0.596260	0.610637	0.600219	0.611640	0.628737	0.605664	0.640793	0.522059	0.567297	0.627710	0.520058	0.540146	0.624881	0.586517	0.600858	0.239786	0.631799	0.539273	0.537998	0.470439	0.378976	0.534606	0.579356	0.563218	0.557465	0.559456	0.629699	0.540486	0.480103	0.589928	0.648417	0.574910	0.582903	0.426766	0.579583	0.496831	0.570794	0.378823	0.634234	0.379491	0.593819	0.633682	0.441933	0.604167	0.525547	0.638935	0.550758	0.516854	0.531435	0.611621	0.439311	0.471042	0.633581	0.507463	0.646405	0.534274	0.506173	0.631058	0.531401	0.635793	0.592119	0.601081	0.472107	0.640000	0.610703	0.033329	0.540732	0.621777	0.470199	0.640500	0.542491	0.605317	0.501854	0.598826	0.582307	0.605755	0.641700	0.616025	0.269630	0.619382	0.160066	0.563284	0.634731	0.508600	0.628148	0.638261	0.232068	0.503113	0.637490	0.615220	0.608175	0.508095	0.624141	0.081320	0.636572	0.254111	0.620803	0.183446	0.512325	0.598953	0.354930	0.632820	0.442971	0.455959	0.633363	0.623019	0.176010	0.623742	0.560350	0.544269	0.394062	0.509242	0.264487	0.634299	0.078384	0.441723	0.600423	0.621583	0.612203	0.508600	0.450274	0.570485	0.483376	0.610169	0.624215	0.597849	0.316274	0.634981	0.426846	0.640120	0.633385	0.652296	0.635226	0.630897	1.000000	0.597924	0.639144	0.635762	0.235650	0.602769	0.607350	0.530754	0.617464	0.473616	0.547764	0.370323	0.613281	0.465718	0.633028	0.583974	0.374840	0.602137	0.261905	0.581862	0.604154	0.610240	0.569476	0.619016	0.650273	0.608696	0.580986	0.606183	0.637037	0.637450	0.559538	0.333619	0.538553	0.615385	0.636451	0.573281	0.577626	0.623671	0.358880	0.647149	0.523709	0.641003	0.647273	0.639024	0.639504	0.583406	0.454068	0.304643	0.625177	0.624631	0.601435	0.636882	0.644338	0.616398	0.636910	0.638596	0.497031	0.577922	0.646101	0.632231	0.612632	0.417479	0.553039	0.644851	0.608515	0.498880	0.571429	0.549161	0.640719	0.282353	0.565469	0.596166	0.617450	0.239491	0.609288	0.601293	0.338549	0.421053	0.584416	0.436239	0.554299	0.631362	0.547945	0.622790	0.627540	0.606190	0.312139	0.617165	0.240964	0.598509	0.590308	0.317047	0.627929	0.597793	0.638590	0.590796	0.521525	0.622574	0.622837	0.484694	0.407609	0.636998	0.543713	0.632133	0.250644	0.632085	0.639546	0.563152	0.613944	0.591019	0.163425	0.535585	0.417790	0.604845	0.416127	0.618980	0.610932	0.630728	0.567873	0.558030	0.541966	0.533490	0.605485	0.598540	0.526994	0.052561	0.440184	0.572354	0.546091	0.608632	0.625122	0.631902	0.287390	0.633212	0.516524	0.613900	0.570427	0.585859	0.622984	0.593783	0.600210	0.222222	0.614594	0.410727	0.613621	0.617920	0.557760	0.590303	0.282353	0.495575	0.438893	0.386207	0.624782	0.572697	0.653240	0.532044	0.650820	0.563152	0.520681	0.570299	0.611452	0.474227	0.526316	0.635185	0.200825	0.558030	0.281107	0.267399	0.490470	0.614158	0.637555	0.628049	0.426273	0.592432	0.609225	0.624288	0.653233	0.628340	0.565517	0.505000	0.581298	0.546988	0.618538	0.639252	0.657168	0.452037	0.591304	0.199795	0.600000	0.619048	0.642463	0.633136	0.648199	0.647149	0.261905	0.403270	0.622563	0.611538	0.425688	0.631280	0.595875	0.589222	0.596260	0.646240	0.625298	0.555683	0.647887	0.633401	0.467749	0.405995	0.553191	0.345120	0.526961	0.417598	0.614072	0.545882	0.626719	0.630859	0.599751	0.648936	0.511435	0.643879	0.625000	0.302326	0.610425	0.626354	0.635108	0.625969	0.641209	0.570749	0.426273	0.351595	0.638332	0.638669	0.591209	0.643799	0.356098	0.638941	0.510585	0.324986	0.595059	0.621359	0.496183	0.617259	0.453968	0.214351	0.152024	0.474576	0.634862	0.473146	0.608333	0.635379	0.639937	0.402189	0.297376	0.630454	0.571757	0.556213	0.613485	0.592018	0.589928	0.541317	0.599382	0.177847	0.605263	0.217181	0.625126	0.495620	0.622517	0.587983	0.641357	0.623964	0.546118	0.495597	0.526445	0.589744	0.496259	0.628571	0.628280	0.482670	0.588362	0.634739	0.639662	0.182329	0.545670	0.650187	0.646465	0.299872	0.501818	0.611691	0.103126	0.614286	0.407056	0.477535	0.640000	0.474619	0.641479	0.534321	0.587583	0.036323	0.629738	0.569492	0.489796	0.522782	0.635458	0.542725	0.604850	0.508854	0.467866	0.619537	0.620908	0.631498	0.468305	0.625375	0.440122	0.605370	0.432674	0.613546	0.583240	0.509950	0.611168	0.397260	0.572717	0.559814	0.627490	0.636788	0.479592	0.593580	0.503113	0.359551	0.615903	0.501247	0.551402	0.347949	0.238953	0.610625	0.388966	0.548926	0.500623	0.650566	0.619608	0.598248	0.468543	0.561721	0.452880	0.531585	0.323994	0.429907	0.402189	0.448819	0.613800	0.623198	0.634978	0.621895	0.599462	0.638726	0.576880	0.634827	0.636364	0.604013	0.573379	0.633911	0.587047	0.219512	0.415094	0.576310	0.616822	0.643494	
0.493174	0.596595	0.625568	0.548031	0.379343	0.637018	0.611111	0.092456	0.593423	0.530378	0.509275	0.628889	0.507563	0.528642	0.582953	0.505439	0.598118	0.419030	0.500000	0.591928	0.590793	0.617768	0.592481	0.488432	0.514475	0.334499	0.639392	0.465487	0.433996	0.562571	0.278000	0.446637	0.500849	0.472537	0.607761	0.496552	0.592095	0.604527	0.369318	0.560000	0.614108	0.645933	0.626733	0.537917	0.515152	0.384615	0.615014	0.490657	0.598414	0.469602	0.502113	0.573795	0.523391	0.549717	0.427662	0.612576	0.470899	0.400742	0.453571	0.554849	0.537619	0.366224	0.613728	0.407031	0.651907	0.589120	0.410304	0.566770	0.436199	0.630561	0.531250	0.505824	0.558417	0.594045	0.534959	0.048751	0.451957	0.645547	0.559228	0.597997	0.471831	0.540239	0.412523	0.637569	0.497436	0.620276	0.540711	0.542811	0.191176	0.659612	0.227357	0.488735	0.622407	0.414299	0.635526	0.595655	0.324294	0.403704	0.596774	0.514050	0.565625	0.401852	0.569444	0.117623	0.617424	0.179704	0.632844	0.259181	0.593350	0.543831	0.255319	0.605797	0.329777	0.358437	0.612303	0.631944	0.249096	0.558615	0.609108	0.635505	0.488738	0.575174	0.187368	0.619048	0.113454	0.549145	0.533115	0.621476	0.543408	0.416132	0.539739	0.608696	0.370161	0.557813	0.597701	0.515327	0.425693	0.585403	0.315068	0.628109	0.613214	0.592262	0.566869	0.592047	0.597924	1.000000	0.635962	0.602020	0.166134	0.516447	0.587338	0.607937	0.548830	0.366224	0.573755	0.475663	0.587241	0.360000	0.641009	0.508418	0.481580	0.629550	0.185458	0.636458	0.619507	0.542950	0.488312	0.620455	0.586182	0.597753	0.607774	0.644759	0.591010	0.625326	0.645740	0.450503	0.458929	0.584662	0.563166	0.646509	0.626910	0.632701	0.472490	0.622222	0.610575	0.591105	0.588235	0.594559	0.603129	0.628692	0.342637	0.413525	0.622117	0.577399	0.639779	0.577878	0.615284	0.634206	0.595007	0.616796	0.597729	0.519567	0.599723	0.534940	0.534637	0.511490	0.442652	0.563830	0.545161	0.569721	0.499142	0.444644	0.621203	0.200627	0.466667	0.642027	0.586364	0.334109	0.631078	0.516183	0.242857	0.308448	0.536220	0.534435	0.496124	0.614674	0.604138	0.563707	0.605230	0.520593	0.222910	0.587519	0.170032	0.526316	0.518143	0.433224	0.587798	0.579278	0.559322	0.631300	0.418349	0.629496	0.631823	0.377003	0.300099	0.609979	0.435252	0.600282	0.348390	0.569044	0.580210	0.468421	0.542811	0.617143	0.231950	0.439421	0.310108	0.639077	0.520458	0.646536	0.520661	0.614388	0.489233	0.454867	0.442844	0.460993	0.540408	0.533981	0.614111	0.076537	0.531716	0.523691	0.465608	0.653285	0.573620	0.619861	0.204380	0.594319	0.420475	0.611688	0.646881	0.501712	0.554768	0.522314	0.539837	0.156317	0.534400	0.515590	0.628409	0.543269	0.463845	0.631033	0.200627	0.387640	0.546023	0.281437	0.615601	0.514431	0.604651	0.431159	0.627923	0.471930	0.427662	0.603516	0.543426	0.364672	0.416819	0.593957	0.282619	0.454867	0.388087	0.370721	0.379699	0.573438	0.606188	0.540841	0.316716	0.504160	0.629734	0.587528	0.615804	0.630952	0.469050	0.399257	0.626789	0.431798	0.623302	0.593912	0.598571	0.341040	0.522974	0.281235	0.533554	0.627781	0.625648	0.560806	0.582353	0.622222	0.185458	0.296736	0.609457	0.581625	0.518321	0.582583	0.626734	0.620442	0.504216	0.583456	0.625815	0.489547	0.621294	0.530580	0.567910	0.296736	0.455922	0.250000	0.422690	0.521311	0.526749	0.463177	0.559073	0.559570	0.614567	0.599288	0.594275	0.624104	0.577069	0.215544	0.621326	0.615162	0.560806	0.576012	0.624511	0.879020	0.316716	0.464573	0.628609	0.645874	0.508846	0.579915	0.468934	0.582772	0.401852	0.437096	0.528146	0.637145	0.380056	0.546751	0.541294	0.300733	0.216332	0.569587	0.582297	0.372049	0.538399	0.580505	0.619755	0.291667	0.211838	0.608571	0.475610	0.447415	0.600000	0.503817	0.623136	0.444245	0.543269	0.124183	0.496215	0.304509	0.550314	0.395911	0.577211	0.539289	0.607261	0.625935	0.595628	0.389925	0.418349	0.625587	0.402224	0.644533	0.651304	0.369318	0.534440	0.627685	0.616963	0.257669	0.451786	0.632754	0.579795	0.406999	0.581348	0.531174	0.148410	0.556881	0.301775	0.369318	0.584778	0.564938	0.621959	0.610773	0.500424	0.053094	0.563553	0.493976	0.377003	0.442844	0.555816	0.470691	0.639666	0.584400	0.367773	0.635025	0.526144	0.633438	0.358095	0.555556	0.531908	0.625498	0.539554	0.648345	0.491468	0.403330	0.562599	0.289970	0.491409	0.467487	0.558938	0.586053	0.377003	0.625519	0.400000	0.258847	0.625781	0.400371	0.460724	0.250000	0.333398	0.640590	0.281437	0.443049	0.405556	0.626717	0.584426	0.635733	0.554772	0.494828	0.345821	0.448029	0.437403	0.321637	0.291667	0.342637	0.546474	0.633218	0.604885	0.580645	0.637960	0.610884	0.484589	0.639805	0.591851	0.532680	0.479239	0.556654	0.624490	0.154341	0.310108	0.477922	0.524194	0.598999	
0.535266	0.621087	0.603989	0.593116	0.435345	0.637931	0.628536	0.078321	0.619484	0.579093	0.552908	0.630186	0.558405	0.575115	0.611725	0.567108	0.636566	0.468619	0.554379	0.606162	0.562245	0.586006	0.605197	0.543689	0.567164	0.288964	0.641677	0.507553	0.491228	0.529506	0.322132	0.490798	0.545629	0.524752	0.596404	0.525904	0.626246	0.586011	0.420022	0.578616	0.637128	0.624104	0.614976	0.486219	0.538535	0.437029	0.602782	0.433197	0.624000	0.436602	0.548757	0.609572	0.492979	0.580000	0.478170	0.637854	0.503511	0.450584	0.490336	0.579839	0.492947	0.418757	0.640474	0.453390	0.650101	0.584746	0.458947	0.608167	0.481405	0.642150	0.569045	0.563380	0.516916	0.624194	0.587374	0.041154	0.504559	0.627604	0.520344	0.637589	0.516517	0.593918	0.459431	0.621638	0.547919	0.615686	0.590426	0.588556	0.223313	0.636829	0.194702	0.530973	0.634072	0.465409	0.646980	0.637209	0.279915	0.453871	0.636566	0.559180	0.605424	0.453871	0.605695	0.099841	0.644091	0.210136	0.640705	0.222530	0.549570	0.573516	0.296471	0.632341	0.380313	0.407895	0.629659	0.634821	0.213695	0.597884	0.606799	0.588592	0.450387	0.553819	0.218942	0.647848	0.096270	0.497192	0.576427	0.639216	0.578139	0.465409	0.505568	0.606339	0.429501	0.586177	0.616733	0.566355	0.377250	0.620805	0.363842	0.640381	0.631505	0.618061	0.615776	0.627355	0.639144	0.635962	1.000000	0.629080	0.194514	0.570899	0.597956	0.576994	0.577132	0.416576	0.583291	0.430480	0.603093	0.411829	0.640884	0.551855	0.437346	0.622761	0.216749	0.616938	0.616541	0.568824	0.532417	0.634627	0.633279	0.611018	0.608460	0.625307	0.621311	0.636559	0.603209	0.396594	0.492370	0.606780	0.604928	0.608799	0.614165	0.638298	0.419593	0.638387	0.576055	0.628481	0.633871	0.630657	0.638298	0.611673	0.394678	0.364368	0.637066	0.600866	0.631201	0.620805	0.644189	0.633466	0.632950	0.639062	0.554745	0.563910	0.630451	0.593863	0.574312	0.473015	0.504597	0.614080	0.582049	0.541087	0.536443	0.492813	0.638211	0.234146	0.516451	0.623791	0.610313	0.288619	0.630199	0.569288	0.282325	0.356413	0.554511	0.489339	0.535156	0.636136	0.582924	0.602763	0.646698	0.573816	0.259615	0.616822	0.199005	0.570899	0.547710	0.378661	0.623032	0.585752	0.606374	0.627002	0.467996	0.629654	0.637224	0.426407	0.347032	0.628305	0.494359	0.619234	0.301667	0.606266	0.613200	0.522433	0.579473	0.618568	0.198710	0.480908	0.358277	0.625280	0.470185	0.643041	0.577819	0.633679	0.527344	0.515609	0.486653	0.508577	0.575368	0.589627	0.575266	0.064753	0.497817	0.557223	0.511535	0.623756	0.599829	0.652355	0.238443	0.618123	0.468130	0.629280	0.619125	0.537342	0.595406	0.572227	0.569076	0.183187	0.592992	0.474781	0.622304	0.590459	0.513541	0.624581	0.234146	0.442535	0.498177	0.326012	0.642302	0.539866	0.634945	0.488108	0.648529	0.518445	0.474012	0.596546	0.586762	0.419214	0.474399	0.626230	0.243116	0.515609	0.337136	0.321207	0.433657	0.593176	0.619455	0.594306	0.365688	0.553991	0.622188	0.616415	0.644628	0.645818	0.520792	0.453191	0.613524	0.484536	0.622821	0.616529	0.630245	0.392897	0.562264	0.241898	0.566355	0.638270	0.639659	0.596187	0.619787	0.639777	0.216749	0.343249	0.638325	0.601695	0.483770	0.610879	0.623879	0.623204	0.554814	0.640920	0.637079	0.528190	0.651819	0.582888	0.519858	0.343249	0.507099	0.290437	0.470711	0.477171	0.571429	0.507071	0.606218	0.604811	0.626147	0.634069	0.556202	0.642346	0.603390	0.251208	0.624531	0.625000	0.599653	0.598976	0.641374	0.612514	0.365688	0.416522	0.657534	0.631954	0.550476	0.623336	0.420468	0.616027	0.453871	0.387252	0.563959	0.630814	0.429806	0.595556	0.512030	0.259080	0.185095	0.528000	0.614634	0.425163	0.580000	0.621795	0.641643	0.337543	0.246973	0.627078	0.518299	0.501523	0.606873	0.552783	0.615044	0.486154	0.592259	0.145967	0.549430	0.262414	0.602643	0.451544	0.608187	0.567164	0.641509	0.636673	0.575036	0.444920	0.467996	0.611924	0.450106	0.645963	0.638889	0.417845	0.548689	0.645874	0.624906	0.221204	0.498474	0.660339	0.624898	0.358860	0.549573	0.570128	0.126286	0.589286	0.348917	0.420022	0.608403	0.528754	0.641618	0.578291	0.550864	0.044835	0.600513	0.530732	0.426407	0.486653	0.594406	0.508946	0.626459	0.554681	0.418301	0.641509	0.575897	0.647790	0.414020	0.604733	0.500362	0.635500	0.494860	0.628190	0.535266	0.457627	0.592000	0.335632	0.539435	0.517483	0.604895	0.629232	0.424242	0.624232	0.455992	0.300469	0.628079	0.454352	0.514056	0.290437	0.287987	0.628150	0.326012	0.490798	0.451750	0.651195	0.601724	0.629459	0.521909	0.531769	0.398230	0.506639	0.386649	0.368954	0.337543	0.394678	0.590459	0.644959	0.629482	0.616137	0.633907	0.639160	0.541222	0.655563	0.619651	0.579577	0.527969	0.609508	0.615469	0.180905	0.358277	0.532417	0.594742	0.629160	
0.549733	0.644524	0.578221	0.611810	0.475845	0.631579	0.627767	0.067870	0.617620	0.581040	0.571128	0.619322	0.572928	0.588832	0.599814	0.582463	0.644285	0.509346	0.570820	0.619437	0.542437	0.565884	0.618481	0.559140	0.576132	0.254123	0.628223	0.517357	0.508631	0.485880	0.364351	0.521640	0.571732	0.547253	0.570978	0.535211	0.626812	0.562500	0.451770	0.546890	0.635236	0.578397	0.583287	0.450549	0.561514	0.472859	0.585551	0.392730	0.624348	0.400387	0.568710	0.630614	0.463546	0.574000	0.503480	0.634461	0.512821	0.478002	0.502831	0.605289	0.454896	0.467564	0.632506	0.485782	0.636429	0.554348	0.494118	0.608944	0.516129	0.627093	0.582227	0.592746	0.485667	0.635088	0.582075	0.035571	0.523112	0.612813	0.486156	0.639104	0.540601	0.612967	0.489988	0.577241	0.572347	0.590210	0.610895	0.595405	0.254545	0.598361	0.170097	0.553980	0.626964	0.498829	0.621583	0.633613	0.246008	0.486358	0.642686	0.573484	0.590604	0.483986	0.611898	0.086649	0.629547	0.239774	0.612213	0.194787	0.512091	0.582915	0.336000	0.621172	0.423174	0.445813	0.620155	0.634474	0.186938	0.605416	0.570818	0.563530	0.413449	0.518149	0.249649	0.649962	0.083529	0.455076	0.590264	0.632168	0.587885	0.477752	0.468003	0.579741	0.467153	0.621285	0.590476	0.589691	0.334316	0.626374	0.402548	0.640408	0.644478	0.628726	0.630213	0.635147	0.635762	0.602020	0.629080	1.000000	0.222222	0.598570	0.579143	0.535992	0.574850	0.450428	0.571583	0.390106	0.603383	0.457565	0.627596	0.565720	0.395437	0.586143	0.247191	0.601307	0.617557	0.579739	0.555556	0.639527	0.644991	0.581056	0.590596	0.608639	0.632143	0.627027	0.569492	0.352443	0.518686	0.585185	0.633240	0.567636	0.588170	0.618884	0.375798	0.641256	0.527348	0.634399	0.633333	0.647244	0.644996	0.572152	0.436409	0.322148	0.642366	0.604739	0.602670	0.628205	0.655332	0.633001	0.653942	0.635593	0.516824	0.572614	0.641259	0.613095	0.591919	0.438590	0.523322	0.632067	0.606181	0.516498	0.559742	0.521739	0.640988	0.266667	0.533776	0.597465	0.633426	0.253813	0.609063	0.578512	0.320323	0.402049	0.566390	0.449944	0.543290	0.633199	0.559340	0.593573	0.625274	0.585466	0.295082	0.594243	0.227273	0.586313	0.552743	0.335124	0.652213	0.580521	0.623940	0.593447	0.499414	0.627533	0.622222	0.453883	0.389175	0.645868	0.530286	0.639525	0.265532	0.636448	0.639927	0.547065	0.599401	0.610190	0.173647	0.508631	0.398977	0.594988	0.435060	0.599174	0.587873	0.622723	0.564935	0.548712	0.526316	0.511785	0.580972	0.588589	0.541039	0.056060	0.459215	0.567288	0.528428	0.598436	0.614808	0.636905	0.271468	0.635563	0.513419	0.623588	0.577955	0.567132	0.606589	0.573484	0.567976	0.209469	0.602172	0.430063	0.623769	0.601385	0.544036	0.590533	0.266667	0.481348	0.452687	0.368627	0.613828	0.533475	0.634518	0.512111	0.649206	0.542636	0.512761	0.583103	0.614931	0.450980	0.508751	0.632143	0.213115	0.548712	0.297497	0.283122	0.476421	0.590604	0.629536	0.595703	0.404580	0.582383	0.610597	0.614260	0.640130	0.621176	0.556044	0.485714	0.593368	0.514943	0.598967	0.609009	0.639725	0.429463	0.568750	0.212029	0.562887	0.617111	0.639633	0.618596	0.648264	0.636771	0.247191	0.385013	0.635501	0.598148	0.444846	0.610046	0.570793	0.597661	0.585880	0.644584	0.635312	0.524698	0.620690	0.612524	0.477282	0.387597	0.523702	0.329317	0.504673	0.437967	0.593047	0.523596	0.604915	0.625940	0.615572	0.645548	0.521385	0.640986	0.629630	0.285714	0.604806	0.634146	0.620493	0.628731	0.649190	0.579559	0.404580	0.371208	0.644911	0.623656	0.555789	0.635514	0.374699	0.624772	0.476868	0.343423	0.587024	0.623824	0.472155	0.616585	0.475781	0.227364	0.161595	0.492500	0.631858	0.457421	0.604000	0.635889	0.632622	0.381323	0.280992	0.631126	0.548847	0.531073	0.600183	0.571125	0.604215	0.525714	0.611276	0.167401	0.571429	0.230343	0.610628	0.481526	0.627165	0.551440	0.629108	0.648135	0.558448	0.474251	0.501758	0.607867	0.482185	0.626490	0.638810	0.454212	0.561983	0.626824	0.656327	0.193608	0.525481	0.645818	0.639504	0.317154	0.522321	0.577154	0.109801	0.586275	0.391248	0.463980	0.623853	0.489185	0.649533	0.539467	0.569002	0.038763	0.628625	0.562162	0.449029	0.508009	0.616858	0.534216	0.596394	0.528820	0.457213	0.629073	0.587639	0.630564	0.450185	0.612872	0.461307	0.591017	0.452775	0.600259	0.566845	0.492891	0.614634	0.379221	0.545847	0.552719	0.605364	0.601260	0.456311	0.597280	0.483986	0.340426	0.627297	0.494062	0.544643	0.329317	0.253247	0.623445	0.368627	0.521640	0.486358	0.653480	0.603774	0.601954	0.487785	0.541712	0.435323	0.518771	0.342387	0.413181	0.378729	0.433915	0.603363	0.626587	0.625108	0.651287	0.621728	0.650446	0.575725	0.640971	0.645439	0.597771	0.554951	0.630798	0.609402	0.206897	0.401535	0.570806	0.602193	0.647160	
0.385604	0.274648	0.205805	0.320329	0.517730	0.209115	0.165079	0.008743	0.281081	0.358621	0.387097	0.153392	0.383292	0.355353	0.293785	0.364078	0.221277	0.477419	0.396947	0.281081	0.099808	0.110482	0.285192	0.406250	0.366197	0.035739	0.168103	0.443804	0.445820	0.083781	0.589862	0.433735	0.394937	0.395604	0.115044	0.413793	0.279570	0.106122	0.549451	0.334047	0.235294	0.175478	0.126112	0.071429	0.385185	0.494700	0.120463	0.061538	0.258278	0.061033	0.375000	0.286239	0.075728	0.343612	0.487342	0.224138	0.438746	0.501695	0.445104	0.328421	0.076172	0.494465	0.221906	0.489933	0.185053	0.105548	0.440789	0.308911	0.472050	0.203125	0.360277	0.367542	0.082278	0.262626	0.348993	0.004517	0.439883	0.175281	0.081675	0.253659	0.430595	0.330508	0.508251	0.151899	0.403101	0.176471	0.323651	0.342857	0.615385	0.169935	0.022972	0.415094	0.235294	0.487013	0.184834	0.242236	0.034460	0.498316	0.221277	0.360656	0.313883	0.484848	0.304094	0.011258	0.194757	0.638037	0.218182	0.026617	0.099808	0.347439	0.539216	0.261307	0.524194	0.556391	0.253659	0.165079	0.025449	0.319672	0.117736	0.116854	0.063466	0.094089	0.586826	0.202335	0.010837	0.077037	0.354545	0.176471	0.338395	0.467532	0.076172	0.119084	0.478261	0.313883	0.256158	0.358491	0.048949	0.285714	0.569038	0.189091	0.201031	0.278075	0.292683	0.271304	0.235650	0.166134	0.194514	0.222222	1.000000	0.351039	0.295455	0.103311	0.342105	0.538745	0.119540	0.058912	0.301158	0.509363	0.194514	0.380247	0.059770	0.143779	0.614458	0.137203	0.144044	0.345898	0.403226	0.159672	0.263514	0.282609	0.130217	0.158859	0.271777	0.208278	0.127451	0.052087	0.462908	0.292135	0.293785	0.150579	0.125201	0.172376	0.056872	0.196970	0.112069	0.255319	0.262626	0.215470	0.250401	0.244131	0.523438	0.046875	0.171806	0.306483	0.151899	0.285714	0.208556	0.181395	0.236722	0.246057	0.092692	0.363636	0.236006	0.337662	0.351351	0.068935	0.450450	0.292683	0.341357	0.090330	0.407311	0.463415	0.187952	0.551724	0.425770	0.140414	0.290503	0.035690	0.140667	0.369668	0.527919	0.536170	0.368421	0.073550	0.407407	0.164557	0.112069	0.304688	0.189550	0.357309	0.580645	0.293785	0.569620	0.360277	0.383085	0.049087	0.278075	0.317719	0.302913	0.141561	0.469055	0.176271	0.166134	0.489209	0.565217	0.243750	0.443769	0.246445	0.037554	0.291589	0.283122	0.425770	0.342857	0.136602	0.023490	0.464396	0.542373	0.225760	0.068662	0.172185	0.365340	0.257002	0.407407	0.403458	0.463415	0.446377	0.352941	0.339956	0.103106	0.007184	0.074215	0.371429	0.427350	0.181185	0.299424	0.195489	0.602273	0.264407	0.463023	0.148855	0.129461	0.405195	0.320988	0.365340	0.348993	0.556291	0.329764	0.067010	0.159672	0.335484	0.433048	0.136364	0.574713	0.505263	0.074427	0.593607	0.243750	0.389873	0.245283	0.467290	0.218487	0.425770	0.462025	0.123320	0.330508	0.503704	0.463023	0.271777	0.029379	0.403458	0.042751	0.040394	0.483986	0.313883	0.244131	0.322176	0.550000	0.362768	0.242613	0.284672	0.227737	0.213992	0.423077	0.496599	0.132992	0.469136	0.253247	0.276596	0.252836	0.541176	0.376812	0.029213	0.367925	0.177273	0.204993	0.307087	0.270364	0.196970	0.614458	0.596491	0.167742	0.292135	0.070302	0.284153	0.194271	0.134021	0.382134	0.273205	0.207723	0.410959	0.222539	0.323529	0.082235	0.561404	0.405882	0.587065	0.477419	0.068813	0.351852	0.430233	0.304688	0.301158	0.142077	0.250804	0.110014	0.207447	0.292135	0.593407	0.163866	0.259136	0.307087	0.296578	0.207723	0.132653	0.575000	0.055398	0.210526	0.206349	0.386139	0.247227	0.056236	0.282609	0.491582	0.050518	0.367059	0.213699	0.500000	0.325678	0.077458	0.031560	0.021736	0.084142	0.267123	0.507246	0.343612	0.259136	0.203655	0.551111	0.611111	0.252836	0.421918	0.448378	0.285192	0.383838	0.134251	0.449848	0.335484	0.533333	0.359606	0.032020	0.319018	0.491468	0.283122	0.366197	0.213115	0.190012	0.110403	0.512111	0.482085	0.137809	0.459459	0.161826	0.180139	0.520147	0.364929	0.174692	0.229750	0.026441	0.445104	0.188179	0.267581	0.046031	0.092090	0.340708	0.014418	0.329114	0.580087	0.512821	0.286765	0.083961	0.211382	0.102699	0.378788	0.004929	0.298279	0.385224	0.517986	0.451220	0.313253	0.427778	0.174107	0.095122	0.514706	0.148571	0.353741	0.194514	0.456929	0.315152	0.073724	0.215768	0.071724	0.156000	0.395887	0.463087	0.325678	0.500000	0.398950	0.428169	0.313253	0.276106	0.510791	0.136245	0.478114	0.553398	0.159509	0.466216	0.434286	0.646766	0.035600	0.159021	0.575342	0.445783	0.471380	0.190476	0.303502	0.142857	0.081675	0.403183	0.542636	0.450450	0.050339	0.543210	0.524444	0.546875	0.335484	0.164038	0.256158	0.268503	0.158859	0.227074	0.384416	0.182456	0.253247	0.353741	0.418231	0.293233	0.132540	0.573333	0.500000	0.403226	0.341357	0.253247	
0.579580	0.629586	0.554589	0.628272	0.576029	0.565005	0.525368	0.039185	0.610577	0.620787	0.617647	0.514683	0.628655	0.625698	0.616337	0.635704	0.596741	0.582624	0.614925	0.603365	0.385870	0.415631	0.614078	0.635401	0.617354	0.152951	0.536100	0.576923	0.603333	0.331931	0.485830	0.614122	0.627976	0.636505	0.429884	0.584098	0.617964	0.405266	0.541818	0.548387	0.604255	0.516295	0.458388	0.288501	0.592375	0.550000	0.444020	0.252489	0.610670	0.250618	0.629247	0.625304	0.303808	0.590971	0.607083	0.579651	0.560510	0.569930	0.573290	0.625000	0.305376	0.572993	0.600000	0.587826	0.551786	0.404558	0.588640	0.608696	0.597663	0.560766	0.628169	0.640805	0.326737	0.631458	0.613260	0.020393	0.627832	0.519280	0.324646	0.605381	0.587302	0.640854	0.551724	0.483129	0.629518	0.508183	0.637681	0.625683	0.381166	0.512134	0.100453	0.604938	0.591489	0.570940	0.545941	0.608035	0.147794	0.571429	0.600815	0.607955	0.609819	0.599303	0.625316	0.050233	0.565863	0.354545	0.556452	0.115673	0.383696	0.611570	0.465696	0.615561	0.548571	0.541436	0.576233	0.528642	0.110816	0.624837	0.436954	0.425558	0.259598	0.366925	0.400901	0.576336	0.048391	0.308427	0.635983	0.546081	0.612466	0.529915	0.305376	0.443604	0.603978	0.633075	0.553047	0.647646	0.204965	0.609964	0.546512	0.568058	0.581197	0.630072	0.644444	0.640845	0.602769	0.516447	0.570899	0.598570	0.351039	1.000000	0.571429	0.396195	0.583902	0.580292	0.437421	0.242735	0.593711	0.577206	0.552363	0.630499	0.245930	0.490455	0.383747	0.476662	0.500000	0.596154	0.628659	0.529506	0.614499	0.579011	0.475932	0.513106	0.634548	0.573099	0.445037	0.216993	0.583062	0.596794	0.655941	0.476771	0.454366	0.527919	0.235099	0.583723	0.415818	0.630631	0.619977	0.603397	0.602222	0.550218	0.559099	0.196949	0.535021	0.620865	0.503067	0.626974	0.581463	0.540018	0.608974	0.601537	0.362245	0.621583	0.603412	0.654939	0.649098	0.279528	0.609836	0.629630	0.621253	0.354291	0.590909	0.608264	0.563686	0.412417	0.621451	0.487032	0.628993	0.152754	0.497835	0.620887	0.472574	0.535156	0.569784	0.296080	0.574046	0.527347	0.420611	0.618504	0.572727	0.629944	0.449244	0.594059	0.363218	0.636620	0.594993	0.205499	0.630072	0.578125	0.654040	0.488760	0.589041	0.533563	0.526316	0.529730	0.497041	0.623773	0.603960	0.617582	0.160235	0.640394	0.608696	0.615142	0.631148	0.480620	0.102631	0.590000	0.526316	0.541322	0.278541	0.517329	0.647727	0.597285	0.610687	0.663462	0.604959	0.572347	0.611961	0.632877	0.394413	0.032283	0.298445	0.608321	0.614650	0.532513	0.636591	0.576744	0.410596	0.606690	0.615646	0.505660	0.457490	0.628399	0.647444	0.599432	0.591160	0.341121	0.663978	0.272553	0.521531	0.617251	0.608280	0.477129	0.421286	0.576512	0.299199	0.487903	0.588877	0.580357	0.606791	0.618729	0.595358	0.605678	0.610455	0.448768	0.638184	0.574040	0.615646	0.589894	0.127081	0.663462	0.180846	0.171539	0.591398	0.596899	0.600437	0.659603	0.541586	0.643678	0.565217	0.610909	0.604990	0.566600	0.608424	0.602452	0.468966	0.599002	0.573348	0.592152	0.619687	0.571429	0.619392	0.126402	0.579173	0.544512	0.579961	0.624204	0.641686	0.589336	0.383747	0.491089	0.541839	0.618989	0.284455	0.612591	0.514815	0.480222	0.638235	0.629717	0.571984	0.563863	0.599182	0.642762	0.326587	0.538614	0.625608	0.481172	0.599659	0.279088	0.637518	0.586151	0.613435	0.631447	0.493091	0.625139	0.398820	0.581147	0.631319	0.422658	0.527258	0.605233	0.652229	0.640100	0.579767	0.463868	0.514507	0.229551	0.593320	0.571152	0.610866	0.623348	0.232711	0.620024	0.550523	0.210996	0.615385	0.550149	0.606822	0.637566	0.309908	0.136015	0.095251	0.333177	0.606272	0.560579	0.632011	0.621160	0.575264	0.505976	0.424508	0.606264	0.632399	0.626623	0.577670	0.630015	0.482279	0.597360	0.638814	0.276699	0.647145	0.137891	0.639687	0.600000	0.630435	0.566145	0.598612	0.561020	0.415385	0.583039	0.578767	0.486870	0.568935	0.533441	0.554681	0.530909	0.595136	0.545299	0.583682	0.114943	0.599349	0.575045	0.644186	0.193672	0.360223	0.639232	0.063981	0.593875	0.507874	0.570909	0.613886	0.332553	0.585222	0.395323	0.653789	0.022238	0.627500	0.609756	0.526126	0.591736	0.632258	0.562009	0.525149	0.370370	0.535519	0.510927	0.637883	0.576460	0.580882	0.637306	0.296699	0.536000	0.289560	0.498042	0.621622	0.608696	0.613757	0.546906	0.583587	0.632911	0.621935	0.624703	0.522523	0.476793	0.606272	0.492754	0.535458	0.603839	0.618820	0.460251	0.152393	0.516693	0.520161	0.627258	0.588850	0.569343	0.599241	0.502557	0.324646	0.571865	0.530841	0.596721	0.210308	0.550000	0.513944	0.555347	0.638814	0.534202	0.602709	0.629371	0.506751	0.607884	0.646526	0.567138	0.615901	0.618384	0.618462	0.669963	0.478680	0.337237	0.534113	0.659476	0.662125	0.611422	
0.596583	0.619149	0.626549	0.600698	0.522936	0.613596	0.534548	0.049413	0.636462	0.624535	0.621935	0.555796	0.608472	0.614057	0.640089	0.571429	0.590529	0.560117	0.596078	0.634304	0.449612	0.484305	0.631121	0.600529	0.606516	0.189994	0.590769	0.617524	0.564029	0.401074	0.465195	0.559659	0.599739	0.554348	0.479167	0.627503	0.630108	0.469055	0.551938	0.641240	0.618357	0.618557	0.515848	0.352113	0.635779	0.534351	0.501500	0.309598	0.622951	0.307377	0.616580	0.625954	0.365954	0.622276	0.572674	0.595506	0.608575	0.554723	0.612130	0.646989	0.371074	0.503888	0.597209	0.558209	0.599177	0.463784	0.538462	0.629418	0.579251	0.607018	0.623602	0.581542	0.396825	0.627329	0.630037	0.025780	0.583450	0.597464	0.392638	0.613982	0.609655	0.609005	0.580741	0.567548	0.608696	0.570064	0.585480	0.626360	0.336414	0.600000	0.125646	0.624495	0.633816	0.573529	0.595395	0.606299	0.183711	0.556054	0.570102	0.598248	0.651323	0.553064	0.630508	0.063251	0.584825	0.317757	0.625575	0.144393	0.451680	0.643118	0.434028	0.627451	0.496774	0.539185	0.636272	0.558846	0.138419	0.641860	0.490277	0.496778	0.318021	0.432512	0.330241	0.584427	0.060947	0.375469	0.618227	0.574841	0.665066	0.602941	0.371901	0.487515	0.500000	0.612198	0.648318	0.608040	0.252880	0.636166	0.477905	0.586466	0.588850	0.638800	0.594475	0.618796	0.607350	0.587338	0.597956	0.579143	0.295455	0.571429	1.000000	0.471838	0.625604	0.541213	0.461538	0.298013	0.678652	0.510172	0.597956	0.602317	0.301811	0.542210	0.327138	0.538105	0.533333	0.634265	0.594086	0.545589	0.591286	0.653680	0.515924	0.565731	0.623679	0.606601	0.532581	0.267300	0.620592	0.657837	0.595792	0.573864	0.514215	0.566954	0.288925	0.582474	0.488662	0.610376	0.627329	0.585766	0.615075	0.642928	0.490446	0.243243	0.562500	0.624291	0.557541	0.614379	0.583929	0.594156	0.591659	0.630219	0.433090	0.607595	0.611810	0.606715	0.625000	0.341556	0.558865	0.612155	0.620024	0.417342	0.617219	0.568571	0.592346	0.347985	0.589849	0.551585	0.624862	0.189753	0.538825	0.614610	0.407733	0.484349	0.645570	0.361011	0.629333	0.553030	0.476190	0.638009	0.567364	0.615193	0.379928	0.660022	0.301887	0.586335	0.622739	0.253521	0.606645	0.669757	0.617813	0.537313	0.559647	0.571201	0.559878	0.553846	0.468439	0.606719	0.562054	0.616915	0.198851	0.601985	0.621885	0.573388	0.599758	0.521797	0.128333	0.578417	0.473684	0.637817	0.340393	0.596244	0.608260	0.629213	0.608000	0.567455	0.585714	0.622036	0.638821	0.623030	0.470027	0.040746	0.363783	0.638889	0.586445	0.592052	0.618141	0.593162	0.357664	0.625780	0.553441	0.536620	0.535193	0.605020	0.634033	0.600751	0.644689	0.279159	0.591180	0.333333	0.548554	0.635603	0.572614	0.543536	0.351648	0.529680	0.364668	0.456853	0.636364	0.638853	0.623016	0.574315	0.622468	0.609053	0.561047	0.489921	0.606635	0.526480	0.547584	0.625793	0.158395	0.567455	0.223825	0.212565	0.535988	0.651323	0.625124	0.590588	0.477124	0.576485	0.636453	0.639130	0.599811	0.632153	0.581522	0.537538	0.525566	0.560345	0.663968	0.638889	0.639029	0.491228	0.638677	0.157563	0.633166	0.570288	0.596646	0.609091	0.606955	0.594502	0.327138	0.476667	0.549923	0.640177	0.347356	0.644951	0.605957	0.520833	0.593548	0.608696	0.614426	0.616011	0.628145	0.582547	0.396651	0.473333	0.558989	0.411867	0.554252	0.341038	0.599502	0.567039	0.628959	0.611236	0.526531	0.617706	0.470391	0.594306	0.620309	0.371841	0.569486	0.640657	0.611364	0.603563	0.587711	0.534884	0.490196	0.282309	0.605571	0.624113	0.628866	0.590229	0.286078	0.640693	0.573991	0.260116	0.622334	0.622505	0.512270	0.608696	0.376362	0.169332	0.119221	0.402516	0.600418	0.537037	0.617433	0.609856	0.588752	0.469012	0.369565	0.614762	0.580733	0.582278	0.650707	0.593750	0.522816	0.562054	0.609319	0.224852	0.586118	0.171625	0.622532	0.541353	0.589382	0.651629	0.597826	0.569992	0.481793	0.535552	0.550810	0.525266	0.535928	0.571856	0.581583	0.555039	0.639798	0.584980	0.603235	0.143495	0.581100	0.596170	0.590576	0.239298	0.425944	0.616505	0.080415	0.638298	0.467662	0.527132	0.624454	0.400000	0.590991	0.465362	0.580729	0.028106	0.621229	0.585885	0.550769	0.580000	0.590805	0.592896	0.589905	0.434394	0.537267	0.559775	0.612546	0.587734	0.497653	0.627451	0.361736	0.637443	0.353357	0.569971	0.596583	0.531343	0.615746	0.453020	0.600266	0.588721	0.618391	0.631804	0.550769	0.528675	0.562033	0.422145	0.545185	0.538922	0.570637	0.429319	0.189314	0.566149	0.450085	0.571023	0.562033	0.587741	0.638826	0.536885	0.391762	0.595461	0.520635	0.573050	0.259291	0.484553	0.458961	0.509554	0.602151	0.572940	0.632008	0.593914	0.559823	0.606232	0.570674	0.593317	0.601215	0.607626	0.579866	0.597345	0.521627	0.275862	0.473684	0.599462	0.586248	0.619433	
0.356856	0.490114	0.565341	0.437806	0.249389	0.560000	0.588082	0.149198	0.479832	0.399106	0.369949	0.614930	0.373651	0.402677	0.472149	0.378256	0.545896	0.278846	0.360618	0.480880	0.628043	0.637744	0.473435	0.352129	0.389888	0.472460	0.604733	0.316285	0.292188	0.631219	0.176957	0.301305	0.362493	0.332945	0.625092	0.345465	0.482218	0.640227	0.239705	0.423943	0.526525	0.598306	0.642995	0.635953	0.371802	0.250458	0.644772	0.598611	0.511747	0.573913	0.367161	0.472880	0.615700	0.415929	0.285030	0.552195	0.320235	0.263190	0.306328	0.429743	0.622575	0.237538	0.542538	0.266344	0.598088	0.639831	0.272618	0.450780	0.291169	0.562677	0.395076	0.384659	0.636923	0.503080	0.409772	0.079793	0.310324	0.601604	0.628676	0.511935	0.322203	0.426068	0.271575	0.629987	0.354968	0.599643	0.434641	0.415699	0.119501	0.610915	0.351627	0.339710	0.536440	0.276775	0.586897	0.527528	0.457405	0.265294	0.538125	0.391915	0.445165	0.265294	0.456347	0.188285	0.577262	0.112063	0.555824	0.387526	0.639698	0.410427	0.161746	0.505382	0.212235	0.232099	0.514982	0.605481	0.380545	0.442997	0.634565	0.650056	0.588143	0.634130	0.117028	0.560000	0.181853	0.637467	0.402453	0.593387	0.422039	0.276775	0.633157	0.635135	0.242945	0.446245	0.516556	0.388076	0.546135	0.474737	0.202134	0.583754	0.561502	0.480418	0.466349	0.492483	0.530754	0.607937	0.576994	0.535992	0.103311	0.396195	0.471838	1.000000	0.417680	0.237538	0.611508	0.578711	0.462607	0.233189	0.572356	0.371802	0.593340	0.627306	0.115789	0.636692	0.619614	0.413296	0.340672	0.603175	0.495375	0.480588	0.631661	0.614726	0.489627	0.561103	0.650892	0.579444	0.306328	0.472458	0.459416	0.629289	0.638462	0.600266	0.591652	0.568500	0.649672	0.506870	0.503080	0.538980	0.514922	0.528851	0.221118	0.541649	0.591512	0.454106	0.623268	0.472632	0.557564	0.591689	0.521610	0.520121	0.649984	0.383747	0.531017	0.420705	0.406007	0.597733	0.302312	0.467409	0.416345	0.632911	0.351180	0.297265	0.579670	0.125654	0.326125	0.637728	0.471708	0.472664	0.623630	0.387387	0.153449	0.197609	0.383747	0.631367	0.346420	0.600348	0.628551	0.459807	0.574185	0.392157	0.140260	0.466844	0.105820	0.397314	0.369021	0.568844	0.483551	0.442276	0.455859	0.622964	0.275738	0.583296	0.604448	0.245098	0.191919	0.513541	0.298277	0.515350	0.479666	0.466914	0.472441	0.326125	0.415699	0.618590	0.358224	0.292188	0.198742	0.552567	0.619415	0.603540	0.391915	0.510964	0.346420	0.316285	0.297265	0.314303	0.403118	0.412839	0.651552	0.124144	0.625000	0.385569	0.320235	0.589616	0.462933	0.580855	0.128105	0.501029	0.279880	0.617818	0.647909	0.353076	0.434783	0.391915	0.407551	0.097010	0.425041	0.609995	0.595453	0.423310	0.320235	0.639712	0.125654	0.252593	0.633623	0.179275	0.528586	0.362493	0.520603	0.290149	0.550290	0.326125	0.285030	0.627721	0.428258	0.236453	0.279880	0.488589	0.414166	0.316285	0.532081	0.514571	0.248318	0.446245	0.522830	0.433406	0.203262	0.384659	0.528793	0.480547	0.527710	0.564570	0.332945	0.262136	0.645825	0.293206	0.514721	0.491137	0.510401	0.220012	0.380090	0.423364	0.389201	0.588183	0.562648	0.454350	0.494045	0.574091	0.115789	0.189633	0.595447	0.468220	0.617408	0.481345	0.580436	0.632248	0.369949	0.485195	0.563420	0.333915	0.551825	0.430601	0.647185	0.189633	0.309327	0.158199	0.278846	0.619718	0.393057	0.313310	0.461951	0.458333	0.617455	0.513158	0.627706	0.556505	0.469280	0.135417	0.607979	0.509202	0.456498	0.458511	0.561520	0.634783	0.203262	0.582254	0.557518	0.576303	0.370876	0.513854	0.597868	0.480588	0.265294	0.566412	0.390107	0.560461	0.247246	0.432079	0.633610	0.444656	0.335717	0.641521	0.495356	0.242945	0.413717	0.501022	0.566981	0.186194	0.132986	0.516489	0.333915	0.308328	0.475539	0.363429	0.628776	0.298277	0.421111	0.076561	0.372727	0.441696	0.435160	0.261081	0.474541	0.391011	0.553212	0.566437	0.638959	0.256847	0.275738	0.621883	0.264242	0.611734	0.591892	0.239705	0.387387	0.591010	0.521397	0.389854	0.306328	0.580852	0.493547	0.530888	0.633202	0.414175	0.235255	0.431072	0.193060	0.239705	0.477345	0.632005	0.544933	0.653672	0.363429	0.086777	0.457112	0.347374	0.245098	0.297265	0.444924	0.329055	0.595556	0.631263	0.238622	0.616473	0.403343	0.567718	0.233189	0.444565	0.631124	0.561387	0.634741	0.617672	0.356856	0.266344	0.433170	0.185044	0.349280	0.324166	0.443844	0.490881	0.245098	0.624250	0.265294	0.164103	0.604631	0.264242	0.319249	0.158199	0.472106	0.605567	0.179275	0.301305	0.265294	0.577082	0.460385	0.627964	0.628064	0.345465	0.223325	0.302312	0.573546	0.206637	0.186194	0.221118	0.423310	0.605640	0.505349	0.491990	0.620719	0.535032	0.353076	0.585785	0.504569	0.403343	0.341633	0.464475	0.623469	0.095745	0.198742	0.340672	0.415240	0.509645	
0.618287	0.633641	0.563327	0.625159	0.577320	0.590822	0.510843	0.041671	0.633918	0.639456	0.645804	0.523918	0.633663	0.641407	0.661853	0.609551	0.589055	0.586885	0.623377	0.622222	0.403650	0.434579	0.621015	0.608187	0.628099	0.162058	0.558632	0.636785	0.616372	0.349676	0.491296	0.607595	0.624460	0.602410	0.437198	0.623338	0.634033	0.422599	0.572426	0.649283	0.610592	0.546678	0.477554	0.304348	0.621277	0.590051	0.455172	0.266667	0.628319	0.264706	0.634286	0.617751	0.320339	0.639257	0.616883	0.612450	0.635945	0.588235	0.624804	0.632258	0.321976	0.553415	0.602193	0.608696	0.579178	0.417323	0.589404	0.645963	0.610932	0.586142	0.624829	0.592490	0.344262	0.628635	0.645248	0.021700	0.605304	0.568067	0.342081	0.618579	0.640123	0.613990	0.616915	0.530520	0.625910	0.545608	0.611253	0.635762	0.388060	0.551724	0.106614	0.640835	0.629283	0.615132	0.575175	0.597458	0.156619	0.592965	0.561194	0.640990	0.649937	0.582915	0.637146	0.053401	0.575840	0.367171	0.604926	0.122707	0.395062	0.648865	0.480159	0.635452	0.543796	0.568905	0.631694	0.533333	0.117574	0.634518	0.448000	0.457492	0.274112	0.384065	0.376874	0.563959	0.051446	0.325161	0.637838	0.552365	0.654402	0.618421	0.321976	0.452174	0.555556	0.617315	0.618262	0.629834	0.216805	0.628842	0.538033	0.561778	0.576208	0.617886	0.605042	0.605714	0.617464	0.548830	0.577132	0.574850	0.342105	0.583902	0.625604	0.417680	1.000000	0.567426	0.431153	0.256445	0.625917	0.564374	0.573503	0.621277	0.259794	0.512635	0.373391	0.495477	0.491685	0.636485	0.633929	0.518403	0.625561	0.633803	0.476636	0.531981	0.615561	0.575786	0.473753	0.229439	0.609105	0.645084	0.584838	0.511976	0.470893	0.560996	0.248439	0.571429	0.438534	0.592755	0.615213	0.554688	0.630553	0.611289	0.543165	0.208379	0.533113	0.630408	0.521477	0.593381	0.572519	0.563793	0.600626	0.623126	0.381241	0.635097	0.616025	0.627297	0.645161	0.294967	0.616114	0.614646	0.618230	0.371978	0.650073	0.624204	0.562832	0.396624	0.605784	0.507442	0.637993	0.161850	0.498226	0.631579	0.454728	0.542056	0.643454	0.312268	0.628319	0.524038	0.432624	0.640394	0.537845	0.615595	0.432099	0.657040	0.349345	0.616644	0.623932	0.217366	0.627178	0.649810	0.628221	0.497860	0.589786	0.551899	0.542373	0.550173	0.524528	0.606383	0.607313	0.595927	0.169735	0.615569	0.620447	0.621005	0.641060	0.486824	0.108918	0.593900	0.518657	0.603431	0.293935	0.557214	0.635488	0.626240	0.625369	0.596600	0.605096	0.623256	0.644205	0.610890	0.415885	0.034339	0.314738	0.647222	0.608295	0.558140	0.599269	0.561020	0.411765	0.617978	0.582651	0.504451	0.483721	0.624818	0.646310	0.638239	0.634538	0.323725	0.610169	0.287671	0.507439	0.624837	0.635945	0.497230	0.400844	0.560684	0.315526	0.508671	0.634043	0.635971	0.634615	0.602254	0.595661	0.636225	0.581169	0.453674	0.616580	0.568421	0.579378	0.633867	0.134759	0.596600	0.191441	0.181643	0.571429	0.639900	0.600639	0.627249	0.525926	0.614743	0.632025	0.634434	0.590863	0.600583	0.629518	0.579125	0.495587	0.602564	0.631004	0.636574	0.612868	0.547748	0.647059	0.134043	0.649171	0.540678	0.580584	0.618812	0.599772	0.584249	0.377682	0.530303	0.528455	0.635492	0.300119	0.640754	0.556664	0.487705	0.600284	0.606200	0.593720	0.655639	0.615385	0.592784	0.344106	0.515152	0.606250	0.471058	0.600000	0.294507	0.609290	0.608696	0.620690	0.618582	0.494993	0.598698	0.424913	0.572243	0.618705	0.419087	0.528754	0.656319	0.623762	0.595642	0.572788	0.490515	0.544444	0.242619	0.585975	0.581439	0.647727	0.586466	0.245934	0.638498	0.599665	0.223140	0.653793	0.594175	0.575862	0.626444	0.326707	0.144192	0.101110	0.350975	0.597285	0.593750	0.641910	0.607539	0.585366	0.510476	0.416667	0.599782	0.613534	0.632238	0.639906	0.614943	0.487004	0.604134	0.624837	0.262069	0.597734	0.146172	0.633714	0.586847	0.615746	0.628099	0.571705	0.551293	0.431991	0.587436	0.596376	0.487430	0.577181	0.544304	0.574614	0.589878	0.639889	0.551551	0.590398	0.121935	0.627943	0.582817	0.595696	0.204934	0.377131	0.625000	0.067986	0.651163	0.527307	0.582897	0.644550	0.350324	0.578035	0.412314	0.614943	0.023662	0.626974	0.612666	0.588235	0.624204	0.624060	0.612121	0.556856	0.389691	0.587413	0.520000	0.618084	0.551724	0.536155	0.631447	0.312914	0.594330	0.305455	0.527692	0.632801	0.571906	0.631579	0.492366	0.637298	0.625954	0.616541	0.619653	0.584775	0.491349	0.589615	0.474308	0.522692	0.583893	0.609231	0.475050	0.161469	0.527713	0.500963	0.607595	0.576214	0.568365	0.643735	0.504310	0.342081	0.629247	0.569892	0.616114	0.222418	0.541436	0.502857	0.557554	0.619608	0.527578	0.598460	0.606129	0.527301	0.587639	0.621898	0.567965	0.600437	0.626181	0.632987	0.596154	0.483412	0.320000	0.511194	0.607143	0.607662	0.611354	
0.587302	0.521230	0.421535	0.544850	0.624685	0.439024	0.364151	0.021496	0.525373	0.578182	0.583012	0.340989	0.574713	0.566787	0.541796	0.561670	0.453659	0.625882	0.582677	0.513433	0.230036	0.252783	0.516616	0.609218	0.580407	0.086161	0.370086	0.632035	0.625571	0.195245	0.644578	0.612975	0.580392	0.584551	0.262407	0.613821	0.526003	0.243533	0.639175	0.542955	0.478149	0.384462	0.285503	0.167899	0.592308	0.623116	0.273759	0.145660	0.503477	0.144515	0.586408	0.539394	0.177471	0.565905	0.640371	0.451295	0.600858	0.614634	0.619469	0.576271	0.178456	0.626943	0.457213	0.644068	0.400835	0.242310	0.615752	0.545161	0.617849	0.425821	0.602190	0.576779	0.191944	0.502116	0.590747	0.011139	0.635965	0.384080	0.190617	0.498630	0.606838	0.568995	0.626794	0.338004	0.617530	0.376376	0.546064	0.585965	0.549296	0.373669	0.055893	0.633745	0.475578	0.638298	0.402503	0.490119	0.083154	0.631068	0.453659	0.549815	0.549020	0.660194	0.550955	0.027627	0.412664	0.525180	0.460241	0.064592	0.230036	0.588652	0.614420	0.497191	0.606061	0.656168	0.493151	0.364151	0.061809	0.567164	0.268056	0.266207	0.150019	0.217710	0.539007	0.422122	0.026602	0.180374	0.580180	0.384384	0.590278	0.614657	0.178456	0.270877	0.603581	0.545752	0.502762	0.564007	0.116899	0.526475	0.621469	0.406383	0.421998	0.523669	0.515432	0.513043	0.473616	0.366224	0.416576	0.450428	0.538745	0.580292	0.541213	0.237538	0.567426	1.000000	0.271831	0.139703	0.540284	0.623037	0.412214	0.580769	0.141651	0.321667	0.540925	0.308307	0.322204	0.554770	0.599589	0.353480	0.506365	0.533733	0.293983	0.351869	0.525399	0.435185	0.288275	0.124116	0.637168	0.545455	0.520124	0.335361	0.283615	0.376471	0.135059	0.416759	0.256138	0.495868	0.516220	0.443385	0.482385	0.474801	0.614555	0.112112	0.377322	0.544872	0.338004	0.520424	0.428737	0.395897	0.475452	0.493992	0.214683	0.581614	0.474227	0.554593	0.579606	0.162321	0.616071	0.527778	0.566434	0.209555	0.614458	0.600451	0.402116	0.553633	0.627119	0.314845	0.549080	0.086045	0.315359	0.588454	0.564103	0.605714	0.585366	0.172630	0.608519	0.361242	0.256138	0.539075	0.405117	0.582418	0.558140	0.544892	0.527473	0.569343	0.576402	0.117218	0.517751	0.547855	0.546032	0.317173	0.635071	0.384000	0.366224	0.615776	0.597101	0.487417	0.594595	0.491979	0.090419	0.529231	0.525526	0.631356	0.557895	0.307080	0.057134	0.643836	0.586895	0.451613	0.161709	0.378061	0.590406	0.498615	0.596349	0.601732	0.636569	0.613043	0.585278	0.559859	0.237101	0.017681	0.174109	0.590654	0.592275	0.393443	0.522013	0.418401	0.570447	0.513475	0.629108	0.331900	0.292424	0.584000	0.552413	0.564576	0.580071	0.488722	0.546392	0.158002	0.351648	0.555172	0.618026	0.306593	0.560554	0.630000	0.174582	0.634731	0.484768	0.600000	0.487350	0.633028	0.458384	0.618644	0.607889	0.279710	0.572402	0.633766	0.629108	0.510885	0.071152	0.601732	0.102550	0.097058	0.626263	0.542484	0.477454	0.536256	0.602817	0.565543	0.485488	0.539970	0.462500	0.447867	0.605428	0.606357	0.299689	0.619590	0.506156	0.515464	0.497268	0.616216	0.608696	0.070761	0.582560	0.385930	0.429224	0.552167	0.508671	0.416759	0.569395	0.629738	0.369378	0.536210	0.165381	0.527108	0.405229	0.301798	0.586873	0.524781	0.436490	0.591667	0.460784	0.541455	0.191849	0.629738	0.597802	0.607595	0.644706	0.162049	0.570384	0.596950	0.532695	0.549763	0.318219	0.491180	0.251794	0.433679	0.545455	0.579125	0.361762	0.507671	0.539326	0.533541	0.436490	0.298993	0.619718	0.131696	0.448598	0.438576	0.585742	0.479893	0.133610	0.527736	0.645631	0.120512	0.585185	0.440237	0.632911	0.565657	0.181306	0.076315	0.052935	0.196039	0.497854	0.639386	0.565905	0.482566	0.429058	0.600000	0.569492	0.494536	0.604167	0.629956	0.534743	0.587084	0.302271	0.617117	0.562069	0.440000	0.579655	0.077401	0.556291	0.647059	0.516517	0.580407	0.443920	0.408120	0.252618	0.613861	0.625592	0.309543	0.598540	0.357739	0.393476	0.649485	0.592179	0.382937	0.455919	0.064173	0.619469	0.408898	0.501433	0.110160	0.213378	0.539683	0.035299	0.556876	0.641618	0.634021	0.522003	0.195641	0.438453	0.236230	0.567515	0.012152	0.523511	0.587045	0.610687	0.645598	0.538336	0.585263	0.379822	0.219943	0.604651	0.331330	0.593525	0.418757	0.628272	0.560656	0.173017	0.446301	0.168559	0.346188	0.611111	0.629540	0.572391	0.631268	0.600806	0.617021	0.548124	0.502941	0.625954	0.306349	0.626214	0.610592	0.353156	0.613139	0.619355	0.626582	0.085835	0.352190	0.628743	0.599553	0.626214	0.413276	0.546900	0.319801	0.190617	0.605691	0.643432	0.607143	0.120100	0.620112	0.588235	0.625337	0.568966	0.362101	0.505525	0.500000	0.351869	0.456359	0.592000	0.397938	0.487004	0.589928	0.610656	0.525502	0.298762	0.475472	0.638177	0.624230	0.548951	0.489740	
0.391417	0.513687	0.529628	0.464548	0.285115	0.566755	0.617001	0.129219	0.495305	0.433081	0.407216	0.618652	0.413882	0.439547	0.479762	0.422806	0.568501	0.318026	0.399481	0.488263	0.620206	0.620851	0.490566	0.392694	0.426667	0.425462	0.599904	0.350267	0.332880	0.595151	0.203514	0.343011	0.401554	0.376735	0.644311	0.380079	0.506151	0.633830	0.274262	0.429455	0.536424	0.546614	0.619447	0.580858	0.400257	0.286313	0.636661	0.533659	0.520251	0.573279	0.408005	0.504132	0.606419	0.435434	0.324915	0.551762	0.354667	0.300554	0.343203	0.450739	0.554895	0.271831	0.562635	0.304077	0.578313	0.636467	0.311081	0.475212	0.330387	0.570683	0.423515	0.423469	0.604269	0.519793	0.436090	0.068763	0.351678	0.574792	0.605427	0.522676	0.363515	0.455275	0.309917	0.585478	0.388021	0.564683	0.472103	0.441397	0.138088	0.572811	0.309068	0.377632	0.534216	0.315717	0.590065	0.552147	0.428118	0.302905	0.578209	0.426396	0.465371	0.302905	0.482551	0.163535	0.592821	0.129573	0.537554	0.349786	0.600295	0.431790	0.186253	0.518900	0.243379	0.265724	0.506803	0.611270	0.337134	0.459377	0.641067	0.609501	0.580538	0.627004	0.135258	0.584375	0.157874	0.580970	0.429201	0.599115	0.440994	0.312972	0.606819	0.643351	0.277895	0.465371	0.497156	0.427209	0.527675	0.497935	0.231988	0.583587	0.581818	0.502924	0.499405	0.513921	0.547764	0.573755	0.583291	0.571583	0.119540	0.437421	0.461538	0.611508	0.431153	0.271831	1.000000	0.560442	0.475105	0.266949	0.574065	0.409266	0.576217	0.607878	0.133840	0.608049	0.629032	0.435000	0.380013	0.619944	0.521539	0.478542	0.640818	0.589395	0.513059	0.573235	0.600084	0.512066	0.343203	0.475342	0.497619	0.561098	0.625470	0.595910	0.520041	0.593509	0.587170	0.529545	0.530120	0.577683	0.532731	0.491051	0.253381	0.517757	0.615459	0.471653	0.605699	0.506195	0.578809	0.582379	0.548673	0.537297	0.599576	0.410976	0.546961	0.459342	0.435656	0.601407	0.342780	0.493460	0.450809	0.639082	0.383812	0.338524	0.592218	0.145125	0.363878	0.600885	0.487544	0.433333	0.627989	0.421388	0.176820	0.226879	0.407147	0.596942	0.375900	0.628517	0.635970	0.474413	0.595335	0.427848	0.161798	0.476190	0.122418	0.434893	0.399742	0.529697	0.504094	0.447561	0.483173	0.629054	0.314560	0.602753	0.607280	0.280308	0.220450	0.534377	0.338295	0.537598	0.449557	0.492874	0.505882	0.369190	0.445137	0.637276	0.315019	0.330163	0.228159	0.519565	0.578194	0.573236	0.431472	0.512528	0.385069	0.358289	0.335816	0.350736	0.432432	0.443196	0.605560	0.107326	0.605352	0.407903	0.360000	0.557214	0.482635	0.580380	0.147925	0.524439	0.319178	0.635412	0.607477	0.393742	0.453823	0.421320	0.426065	0.112308	0.456683	0.587863	0.621825	0.451053	0.362667	0.612298	0.145125	0.288703	0.581202	0.206140	0.526551	0.391192	0.527731	0.330612	0.546430	0.366534	0.324915	0.622204	0.454041	0.270613	0.319178	0.508416	0.379625	0.358289	0.471030	0.470565	0.283916	0.449575	0.526846	0.470805	0.233261	0.426020	0.513393	0.489098	0.559433	0.552716	0.371447	0.299376	0.621878	0.332654	0.507649	0.496205	0.527746	0.252137	0.406910	0.378178	0.418309	0.588467	0.578010	0.476765	0.520278	0.579083	0.133840	0.217865	0.620491	0.481283	0.602732	0.495878	0.546107	0.631215	0.403351	0.516279	0.561053	0.367239	0.552432	0.464000	0.579120	0.217865	0.351914	0.182222	0.316655	0.592506	0.428843	0.353650	0.480433	0.481104	0.640854	0.531903	0.601480	0.569174	0.489602	0.156273	0.601618	0.505997	0.482800	0.497910	0.577895	0.588387	0.233261	0.557881	0.567196	0.558530	0.406954	0.540449	0.533775	0.498530	0.301521	0.530092	0.421855	0.549228	0.282715	0.464373	0.615871	0.399869	0.294739	0.609391	0.517023	0.277895	0.442920	0.532267	0.576501	0.213974	0.153499	0.526614	0.375165	0.348118	0.471698	0.400000	0.628299	0.338295	0.459727	0.088785	0.414148	0.405580	0.463980	0.298197	0.508235	0.411429	0.582669	0.589848	0.639344	0.293463	0.314560	0.634809	0.301730	0.614292	0.597519	0.274262	0.416295	0.600392	0.549234	0.348134	0.345895	0.595551	0.521940	0.503746	0.626803	0.440974	0.205030	0.448552	0.221739	0.274262	0.489073	0.611906	0.572337	0.612444	0.405178	0.074819	0.486842	0.387435	0.280308	0.334462	0.482089	0.368456	0.574083	0.626748	0.273047	0.625739	0.435220	0.592517	0.266949	0.464720	0.607044	0.527778	0.593261	0.591903	0.399220	0.304077	0.454545	0.212673	0.388235	0.365691	0.469945	0.508751	0.280308	0.618134	0.302905	0.188930	0.614010	0.301730	0.361574	0.182222	0.437172	0.606573	0.206140	0.343011	0.302905	0.598577	0.458208	0.620259	0.620464	0.381389	0.255864	0.344130	0.517420	0.237069	0.213974	0.253381	0.458488	0.610476	0.524460	0.513295	0.603473	0.564270	0.395046	0.605788	0.537110	0.436478	0.383706	0.499703	0.626827	0.110855	0.228159	0.383958	0.449564	0.533711	
0.215897	0.320261	0.413538	0.274589	0.147080	0.407041	0.483561	0.252779	0.313095	0.243936	0.224525	0.500997	0.226975	0.246332	0.299702	0.230028	0.390992	0.165596	0.218371	0.313095	0.591862	0.577869	0.308654	0.212796	0.238520	0.574012	0.475439	0.189503	0.174067	0.609554	0.102621	0.179887	0.219605	0.200280	0.573285	0.208435	0.314754	0.585563	0.141049	0.262927	0.370840	0.458444	0.545455	0.607357	0.225751	0.147748	0.556641	0.611896	0.339793	0.648177	0.222683	0.307540	0.633128	0.255261	0.169516	0.387077	0.192051	0.155723	0.183104	0.267610	0.596916	0.139703	0.390610	0.157706	0.445577	0.590932	0.161660	0.284952	0.173419	0.419018	0.242735	0.234284	0.613947	0.334413	0.251106	0.138803	0.185669	0.457717	0.618355	0.345671	0.193322	0.265857	0.161002	0.488775	0.214658	0.453199	0.271688	0.255853	0.068395	0.465103	0.505871	0.204680	0.370840	0.164286	0.443046	0.360969	0.597521	0.157046	0.391617	0.239123	0.280361	0.157046	0.289517	0.314392	0.430610	0.064030	0.392267	0.545193	0.579531	0.252295	0.093472	0.336031	0.124088	0.136331	0.345671	0.478906	0.543493	0.275168	0.560126	0.561275	0.646465	0.607711	0.066942	0.418633	0.304376	0.611911	0.246930	0.461493	0.259397	0.164286	0.621586	0.564440	0.143064	0.280361	0.341825	0.237311	0.648354	0.308097	0.117906	0.441966	0.424725	0.316410	0.300826	0.324095	0.370323	0.475663	0.430480	0.390106	0.058912	0.242735	0.298013	0.578711	0.256445	0.139703	0.560442	1.000000	0.292359	0.137006	0.429265	0.225751	0.653469	0.513279	0.066215	0.522458	0.520839	0.253483	0.205307	0.492937	0.333333	0.311432	0.547425	0.489349	0.323549	0.407899	0.539290	0.602880	0.183104	0.301388	0.299702	0.498866	0.551097	0.463939	0.606304	0.431181	0.548919	0.343539	0.334413	0.401119	0.349920	0.358352	0.129549	0.636770	0.471176	0.287238	0.494459	0.308097	0.411728	0.451074	0.368772	0.355726	0.592096	0.233677	0.369807	0.259986	0.249319	0.653628	0.180531	0.300826	0.257036	0.614838	0.212174	0.177305	0.442505	0.072018	0.195858	0.520677	0.303070	0.602652	0.522077	0.236102	0.088509	0.115145	0.233677	0.617386	0.209059	0.484884	0.574665	0.288948	0.439819	0.241533	0.080657	0.299702	0.060377	0.242735	0.223912	0.632804	0.316410	0.276902	0.290655	0.524763	0.163630	0.459580	0.479161	0.144404	0.111683	0.358876	0.177951	0.355200	0.606380	0.301949	0.310877	0.195858	0.255853	0.535498	0.519435	0.174067	0.115836	0.383915	0.620907	0.460271	0.239123	0.341400	0.209059	0.189503	0.177305	0.188227	0.248125	0.254669	0.579276	0.212327	0.633435	0.234890	0.192051	0.445571	0.294059	0.432827	0.073463	0.332252	0.166250	0.510169	0.532864	0.213417	0.274009	0.239123	0.251106	0.055240	0.262927	0.647303	0.497550	0.261752	0.192051	0.520352	0.072018	0.149082	0.609416	0.104021	0.357599	0.219605	0.356777	0.172769	0.396132	0.195858	0.169516	0.556295	0.265857	0.139030	0.166250	0.323549	0.565496	0.189503	0.598274	0.613472	0.146412	0.280361	0.358352	0.269360	0.118594	0.234284	0.360447	0.309211	0.381492	0.401739	0.200280	0.155061	0.536426	0.174716	0.346203	0.318063	0.346735	0.128868	0.231246	0.575077	0.237311	0.459075	0.415616	0.286667	0.325187	0.428745	0.066215	0.110294	0.480421	0.301388	0.638930	0.309767	0.421244	0.539934	0.224525	0.321907	0.411348	0.200910	0.388350	0.268194	0.601504	0.110294	0.185028	0.091348	0.165596	0.635848	0.242134	0.187588	0.288948	0.292359	0.527019	0.349390	0.545269	0.413687	0.301388	0.077786	0.478513	0.338720	0.286667	0.296885	0.411348	0.528899	0.118594	0.639789	0.407052	0.412562	0.225138	0.354147	0.611850	0.311432	0.157046	0.639785	0.237916	0.400993	0.145743	0.269943	0.623613	0.567586	0.506154	0.610676	0.328999	0.143064	0.255261	0.338720	0.416820	0.108208	0.076347	0.346735	0.200910	0.184387	0.308654	0.220222	0.536946	0.177951	0.261752	0.043396	0.226363	0.586095	0.275746	0.154399	0.310877	0.238520	0.404467	0.441292	0.580794	0.151744	0.163630	0.536976	0.156385	0.491319	0.455033	0.141049	0.236102	0.464402	0.379060	0.547188	0.183104	0.442036	0.328455	0.636967	0.617774	0.254076	0.385968	0.267026	0.112376	0.141049	0.306983	0.616552	0.406811	0.583396	0.220222	0.150548	0.295191	0.209683	0.144404	0.177305	0.280936	0.197756	0.456907	0.614714	0.140376	0.507623	0.247528	0.432301	0.137006	0.279210	0.627170	0.398134	0.628241	0.485682	0.215897	0.157706	0.269943	0.107511	0.210929	0.194591	0.280936	0.318613	0.144404	0.533407	0.157046	0.094885	0.492219	0.156385	0.191414	0.091348	0.610707	0.487187	0.104021	0.179887	0.157046	0.441558	0.290086	0.520089	0.620173	0.208435	0.130909	0.180531	0.612771	0.120658	0.108208	0.129549	0.261752	0.480976	0.342470	0.327367	0.487047	0.382510	0.213417	0.450553	0.346203	0.247528	0.205934	0.300265	0.544563	0.054504	0.115836	0.205307	0.257036	0.346203	
0.607190	0.625806	0.589286	0.614841	0.524845	0.622744	0.543229	0.048341	0.645583	0.629862	0.624837	0.561276	0.621586	0.641698	0.622620	0.599483	0.596064	0.577381	0.622517	0.641221	0.436364	0.475761	0.624862	0.627346	0.619289	0.186165	0.589147	0.626234	0.583942	0.392986	0.469775	0.579251	0.626156	0.595041	0.477299	0.633288	0.641304	0.466157	0.557480	0.636912	0.622439	0.596323	0.517824	0.345640	0.625815	0.555039	0.500905	0.303763	0.633540	0.301576	0.622047	0.632856	0.363336	0.632353	0.581121	0.614367	0.611501	0.560122	0.600858	0.649940	0.365145	0.524487	0.615962	0.572727	0.602490	0.460870	0.546547	0.627451	0.602339	0.584071	0.626415	0.606914	0.388840	0.642259	0.632880	0.025214	0.594595	0.594249	0.387324	0.630502	0.620979	0.628297	0.592481	0.561555	0.624833	0.584270	0.616114	0.638923	0.342750	0.596875	0.123025	0.630286	0.634146	0.585075	0.597015	0.624254	0.179996	0.564492	0.594189	0.605830	0.644936	0.561457	0.644571	0.061889	0.605331	0.323810	0.627669	0.141411	0.445714	0.651048	0.434629	0.633994	0.488525	0.557325	0.626407	0.560061	0.135551	0.640000	0.481328	0.496170	0.312057	0.429703	0.336484	0.589585	0.059633	0.368664	0.633416	0.582665	0.648846	0.579104	0.365145	0.491627	0.536050	0.614668	0.640577	0.623410	0.247957	0.643172	0.505824	0.593092	0.585237	0.634886	0.618994	0.612593	0.613281	0.587241	0.603093	0.603383	0.301158	0.593711	0.678652	0.462607	0.625917	0.540284	0.475105	0.292359	1.000000	0.527822	0.606529	0.631030	0.296097	0.544575	0.333333	0.532355	0.545329	0.642066	0.591281	0.548170	0.605870	0.647702	0.517949	0.569940	0.623932	0.617462	0.524590	0.262139	0.609442	0.642857	0.613662	0.556509	0.517413	0.580900	0.283414	0.592721	0.481186	0.610483	0.638075	0.593002	0.625381	0.637363	0.508091	0.238482	0.574803	0.645235	0.570194	0.614537	0.605405	0.602291	0.617042	0.634538	0.429340	0.612821	0.652981	0.633495	0.622829	0.335238	0.589928	0.618994	0.639805	0.416467	0.633557	0.591304	0.588926	0.358209	0.595271	0.545825	0.651835	0.185929	0.538409	0.614796	0.415027	0.492462	0.666667	0.354410	0.621622	0.557252	0.477765	0.640732	0.577215	0.633039	0.386861	0.658455	0.307692	0.628931	0.625654	0.248588	0.637053	0.670574	0.633979	0.534153	0.573991	0.583801	0.564181	0.562500	0.483108	0.616766	0.564399	0.625126	0.194863	0.619844	0.644031	0.603616	0.609547	0.515957	0.125660	0.595620	0.484950	0.641975	0.334093	0.597792	0.631179	0.629515	0.610811	0.581100	0.597101	0.630835	0.634328	0.625767	0.460800	0.039859	0.357143	0.641944	0.605891	0.582175	0.629672	0.605172	0.364312	0.644958	0.558692	0.541844	0.529675	0.602410	0.622642	0.600760	0.650185	0.284600	0.605549	0.327138	0.554145	0.626360	0.597475	0.547145	0.358209	0.553323	0.358015	0.471601	0.642715	0.649934	0.635271	0.582723	0.607807	0.628651	0.575221	0.496620	0.623501	0.537975	0.564636	0.641026	0.155148	0.581100	0.219397	0.208333	0.562986	0.640279	0.625375	0.623810	0.485050	0.614597	0.634826	0.657143	0.617001	0.634280	0.597796	0.548780	0.528990	0.586006	0.652352	0.641469	0.645557	0.515397	0.634021	0.154332	0.648855	0.571659	0.601959	0.627586	0.611289	0.589255	0.333333	0.491525	0.563467	0.649554	0.340953	0.638858	0.618026	0.525557	0.609150	0.630225	0.609164	0.618982	0.630292	0.610979	0.389553	0.481356	0.586895	0.429840	0.565476	0.334728	0.619647	0.600567	0.633867	0.629545	0.534247	0.607724	0.462921	0.597846	0.618304	0.382353	0.584475	0.643154	0.622989	0.623874	0.601977	0.527958	0.508306	0.276904	0.621940	0.618962	0.637076	0.600201	0.280612	0.647702	0.582701	0.255072	0.630241	0.624542	0.532710	0.632580	0.370370	0.165881	0.116726	0.396209	0.617336	0.551724	0.644608	0.626556	0.604610	0.477002	0.372694	0.616956	0.627235	0.582026	0.649065	0.617414	0.511811	0.587554	0.631197	0.229376	0.601562	0.168131	0.618096	0.561832	0.619934	0.672589	0.606947	0.581572	0.473239	0.565284	0.576981	0.526104	0.562310	0.574661	0.586319	0.544882	0.647959	0.589641	0.587896	0.140530	0.589413	0.611251	0.613757	0.234604	0.422179	0.626536	0.078698	0.638756	0.495784	0.525984	0.633554	0.395495	0.610909	0.463583	0.591029	0.027490	0.616949	0.609987	0.562500	0.579710	0.623256	0.584488	0.575517	0.431568	0.542587	0.562323	0.612702	0.591065	0.521463	0.623104	0.355125	0.626728	0.346866	0.560940	0.620506	0.560606	0.620690	0.467577	0.621803	0.596932	0.630233	0.647249	0.559375	0.521566	0.561457	0.443662	0.559701	0.544073	0.595506	0.429840	0.185497	0.556962	0.468158	0.576369	0.564492	0.597798	0.643836	0.536451	0.387324	0.606225	0.529032	0.595683	0.254262	0.499174	0.463373	0.533981	0.631197	0.565118	0.638517	0.598091	0.558036	0.612011	0.610442	0.599836	0.615542	0.627646	0.593197	0.619687	0.528915	0.281250	0.494983	0.602180	0.600733	0.623722	
0.584000	0.527246	0.407365	0.568562	0.610687	0.431739	0.356061	0.021055	0.522523	0.582418	0.614786	0.335106	0.602317	0.570909	0.532710	0.604207	0.458333	0.622328	0.587302	0.519520	0.225806	0.248194	0.519757	0.610101	0.599628	0.084450	0.363811	0.598253	0.635945	0.191586	0.579268	0.632054	0.604743	0.606316	0.257669	0.573770	0.529148	0.239089	0.598958	0.525952	0.475452	0.372000	0.280415	0.164706	0.573643	0.634518	0.268848	0.142857	0.492308	0.141732	0.583170	0.539634	0.174113	0.559292	0.622951	0.453532	0.593074	0.620690	0.571429	0.563140	0.175081	0.628272	0.452088	0.650367	0.396226	0.237885	0.607229	0.558442	0.628176	0.423208	0.577206	0.592453	0.188341	0.510638	0.587814	0.010909	0.606195	0.377622	0.187036	0.493113	0.607759	0.552316	0.608696	0.332162	0.618474	0.369849	0.553120	0.575972	0.564286	0.367347	0.054767	0.597510	0.480620	0.610979	0.393717	0.476821	0.081501	0.627451	0.448529	0.576208	0.542763	0.642157	0.544872	0.027062	0.407895	0.525547	0.443099	0.063295	0.225806	0.578571	0.609524	0.508475	0.623955	0.620690	0.493113	0.357955	0.060567	0.554257	0.263231	0.261411	0.147139	0.213680	0.561151	0.426304	0.026058	0.176966	0.573503	0.379899	0.573427	0.587112	0.175081	0.266010	0.640827	0.555921	0.477778	0.583178	0.114615	0.517504	0.634286	0.399573	0.421646	0.523810	0.527950	0.498542	0.465718	0.360000	0.411829	0.457565	0.509363	0.577206	0.510172	0.233189	0.564374	0.623037	0.266949	0.137006	0.527822	1.000000	0.407448	0.589147	0.138920	0.316054	0.563177	0.302885	0.316583	0.548043	0.616977	0.347426	0.497866	0.506787	0.288770	0.345837	0.510949	0.437209	0.283146	0.121700	0.616071	0.524031	0.526480	0.329555	0.278556	0.372047	0.132446	0.414175	0.251497	0.493075	0.519149	0.438323	0.493188	0.456000	0.648501	0.109916	0.368989	0.545161	0.332162	0.526636	0.428405	0.389289	0.464935	0.491275	0.210702	0.563327	0.468912	0.568935	0.583784	0.159225	0.621622	0.524845	0.566901	0.205658	0.591093	0.619590	0.395324	0.568421	0.623932	0.309329	0.533951	0.084337	0.309836	0.585366	0.610390	0.624277	0.551985	0.169355	0.584867	0.356941	0.251497	0.526485	0.394004	0.575646	0.579125	0.532710	0.520446	0.591912	0.569201	0.114929	0.523810	0.528239	0.552716	0.311624	0.617225	0.379518	0.360000	0.580977	0.604106	0.482024	0.600000	0.483871	0.088628	0.535604	0.525680	0.632479	0.568905	0.301676	0.055983	0.608295	0.622478	0.441397	0.158624	0.371681	0.587361	0.495822	0.601227	0.620087	0.601367	0.578947	0.560579	0.549645	0.232759	0.017318	0.170809	0.587571	0.610390	0.386831	0.528481	0.411441	0.557491	0.507846	0.654028	0.326143	0.287234	0.600806	0.546064	0.579926	0.559140	0.503817	0.557093	0.154982	0.347426	0.565972	0.623377	0.301195	0.554386	0.646465	0.171273	0.624242	0.476698	0.561265	0.484605	0.638889	0.453333	0.602564	0.627635	0.274709	0.559177	0.640420	0.639810	0.513869	0.069729	0.620087	0.100532	0.095142	0.627551	0.549342	0.474667	0.533107	0.638177	0.584906	0.474801	0.525038	0.464824	0.445238	0.614737	0.622222	0.294393	0.606897	0.481431	0.518519	0.500000	0.633880	0.590476	0.069345	0.571963	0.377397	0.426606	0.546042	0.523256	0.411960	0.541516	0.613569	0.363112	0.533333	0.162232	0.530303	0.400438	0.296471	0.599222	0.510264	0.431555	0.571429	0.458128	0.555366	0.188247	0.643068	0.611973	0.596154	0.612827	0.158957	0.574586	0.624176	0.536116	0.550079	0.312655	0.488404	0.247220	0.431054	0.527132	0.587031	0.355597	0.504909	0.552504	0.536892	0.433875	0.293706	0.626781	0.129142	0.441315	0.431373	0.601942	0.482480	0.131023	0.527903	0.632353	0.118162	0.600746	0.435196	0.624041	0.552542	0.177882	0.074792	0.051866	0.192366	0.512230	0.625323	0.552212	0.488079	0.426454	0.619048	0.584192	0.480769	0.609244	0.626667	0.513678	0.583826	0.296936	0.631818	0.572917	0.455285	0.584139	0.075858	0.563333	0.638614	0.519637	0.566108	0.436536	0.401288	0.248031	0.635000	0.631579	0.304103	0.614251	0.351628	0.386899	0.625000	0.585366	0.376494	0.460759	0.062885	0.620536	0.402128	0.504323	0.108000	0.209418	0.568384	0.034581	0.564103	0.608187	0.630208	0.525191	0.191976	0.435807	0.231902	0.595661	0.011901	0.545741	0.608163	0.591260	0.592255	0.551724	0.573248	0.373386	0.215877	0.637076	0.325581	0.594203	0.407448	0.634921	0.567657	0.169735	0.436451	0.165354	0.340234	0.596000	0.640587	0.566102	0.626866	0.597561	0.618026	0.532020	0.520710	0.611825	0.300955	0.622549	0.605678	0.347107	0.633907	0.616052	0.589744	0.084131	0.346154	0.612121	0.627540	0.627451	0.404301	0.531200	0.314214	0.187036	0.590164	0.607046	0.626126	0.117757	0.644068	0.642857	0.643052	0.569444	0.355932	0.486111	0.511561	0.345837	0.461153	0.608871	0.391304	0.492435	0.568841	0.607438	0.534992	0.293478	0.513410	0.628242	0.608696	0.559859	0.497937	
0.527536	0.616145	0.616809	0.596646	0.428879	0.646552	0.634821	0.078321	0.619484	0.562442	0.552908	0.627781	0.543210	0.562212	0.593033	0.563327	0.635085	0.470711	0.542830	0.612823	0.561340	0.588921	0.608550	0.532039	0.559701	0.288964	0.632783	0.501511	0.485036	0.527113	0.322132	0.490798	0.549472	0.518812	0.591409	0.531769	0.612957	0.587902	0.424374	0.567835	0.631016	0.612378	0.609665	0.486219	0.551855	0.428418	0.597630	0.442628	0.628800	0.438476	0.548757	0.612930	0.495935	0.569091	0.476091	0.625931	0.509529	0.450584	0.496439	0.586976	0.493690	0.418757	0.638992	0.453390	0.650101	0.582863	0.454737	0.596003	0.481405	0.632249	0.557924	0.542723	0.519276	0.624194	0.576395	0.041154	0.494428	0.640625	0.516432	0.631245	0.508509	0.586762	0.459431	0.621638	0.540174	0.619608	0.586879	0.572207	0.223313	0.629156	0.194702	0.521141	0.634072	0.463312	0.645638	0.618605	0.279915	0.447508	0.633605	0.555452	0.589676	0.453871	0.591890	0.099841	0.624741	0.210136	0.631888	0.222530	0.550475	0.577169	0.296471	0.619469	0.380313	0.410088	0.623315	0.628536	0.213695	0.599647	0.590563	0.598688	0.449098	0.551215	0.218942	0.633733	0.096270	0.501685	0.561694	0.636601	0.579946	0.465409	0.504083	0.606339	0.425163	0.601925	0.613546	0.557009	0.377772	0.614094	0.363842	0.645819	0.631505	0.628003	0.600509	0.612613	0.633028	0.641009	0.640884	0.627596	0.194514	0.552363	0.597956	0.572356	0.573503	0.412214	0.574065	0.429265	0.606529	0.407448	1.000000	0.542341	0.438575	0.628538	0.216749	0.624790	0.618855	0.568824	0.518664	0.624769	0.618740	0.617696	0.605206	0.641278	0.616393	0.642294	0.604278	0.396594	0.500509	0.598305	0.603229	0.601665	0.609937	0.625403	0.421363	0.628651	0.576055	0.622116	0.617742	0.621898	0.616233	0.602335	0.394678	0.364368	0.635779	0.597403	0.626420	0.609060	0.629842	0.644090	0.631418	0.628125	0.553886	0.546992	0.635042	0.579422	0.566972	0.476452	0.492339	0.615776	0.580236	0.541930	0.530612	0.488706	0.634146	0.234146	0.512463	0.621514	0.608622	0.288619	0.634758	0.561798	0.282325	0.356413	0.560150	0.490784	0.539062	0.627353	0.576055	0.590674	0.624915	0.568245	0.259615	0.599830	0.199005	0.559778	0.543893	0.378661	0.618061	0.592788	0.594315	0.618993	0.461700	0.633573	0.627129	0.426407	0.347032	0.623639	0.484103	0.633307	0.301667	0.602879	0.616541	0.508475	0.579473	0.609620	0.198710	0.482972	0.358277	0.619297	0.475668	0.640464	0.559180	0.635275	0.537109	0.497482	0.484600	0.502523	0.568015	0.564149	0.576193	0.064753	0.491994	0.566604	0.515547	0.617120	0.601542	0.631579	0.238443	0.627832	0.461860	0.628099	0.608320	0.531523	0.588339	0.546132	0.570906	0.183187	0.576819	0.472764	0.634627	0.581458	0.515547	0.620112	0.234146	0.438238	0.493800	0.326012	0.618974	0.539866	0.639626	0.483971	0.639706	0.524427	0.474012	0.590267	0.584973	0.414847	0.476489	0.616393	0.243116	0.497482	0.337136	0.321207	0.433657	0.600175	0.631907	0.578292	0.365688	0.555869	0.623739	0.614740	0.631104	0.644364	0.512871	0.446809	0.614623	0.488660	0.618067	0.614876	0.631829	0.392897	0.566038	0.241898	0.551402	0.627785	0.633973	0.590988	0.618152	0.635605	0.216749	0.343249	0.626904	0.600000	0.484468	0.609205	0.623879	0.616575	0.547188	0.626130	0.641374	0.518299	0.632517	0.586453	0.521431	0.343249	0.496957	0.290437	0.470711	0.481977	0.573284	0.498990	0.592401	0.599656	0.608945	0.623028	0.567829	0.638054	0.600000	0.251208	0.629537	0.618590	0.590988	0.605802	0.635648	0.616905	0.365688	0.415945	0.644557	0.641940	0.556190	0.606108	0.418713	0.629382	0.453871	0.387788	0.562092	0.640988	0.425486	0.593778	0.507519	0.259080	0.185095	0.529600	0.616260	0.422993	0.589091	0.615385	0.626062	0.337543	0.246973	0.615994	0.518299	0.493401	0.603521	0.541267	0.615044	0.486154	0.581458	0.145967	0.539924	0.262414	0.581498	0.445154	0.609858	0.557836	0.624093	0.633947	0.576008	0.442781	0.463799	0.620922	0.454352	0.636025	0.634921	0.417845	0.559925	0.634178	0.636981	0.221204	0.498474	0.644068	0.613507	0.358860	0.549573	0.571949	0.126286	0.582143	0.348917	0.415669	0.611765	0.531949	0.643064	0.576443	0.541267	0.044835	0.602224	0.526829	0.424242	0.482546	0.587413	0.512922	0.621271	0.556430	0.416122	0.642689	0.572217	0.629834	0.407448	0.590710	0.494569	0.628196	0.494860	0.629405	0.535266	0.455508	0.588444	0.335632	0.541383	0.511489	0.594406	0.622626	0.428571	0.621999	0.453871	0.300469	0.631773	0.450106	0.514056	0.290437	0.287987	0.625691	0.326012	0.482618	0.455992	0.648464	0.608621	0.612198	0.525039	0.529814	0.398230	0.496425	0.386649	0.371204	0.337543	0.390244	0.576058	0.631183	0.631076	0.609617	0.630221	0.636159	0.527643	0.638241	0.619651	0.563017	0.539745	0.611205	0.614372	0.180905	0.358277	0.532417	0.567543	0.610143	
0.595611	0.609547	0.534260	0.630435	0.568738	0.560804	0.499162	0.036151	0.629353	0.640351	0.653374	0.486572	0.652439	0.630814	0.630769	0.629349	0.578616	0.608229	0.651090	0.619403	0.360927	0.392535	0.618090	0.635071	0.637037	0.141743	0.521665	0.604027	0.632867	0.309806	0.532189	0.616179	0.633540	0.629690	0.406231	0.626198	0.636927	0.380454	0.593870	0.614525	0.583333	0.513181	0.433378	0.268804	0.608563	0.586466	0.419689	0.234914	0.616647	0.233155	0.647149	0.624685	0.283239	0.617354	0.612389	0.577778	0.610000	0.595588	0.631399	0.649171	0.284719	0.573077	0.588235	0.628885	0.543956	0.378691	0.593128	0.633952	0.647986	0.562439	0.627566	0.634731	0.304895	0.623962	0.623563	0.018800	0.630508	0.525022	0.302918	0.604167	0.647841	0.629681	0.608696	0.489028	0.654088	0.520741	0.645691	0.625000	0.421053	0.519280	0.092898	0.619355	0.594298	0.606822	0.532479	0.600224	0.136935	0.622711	0.561845	0.636095	0.630027	0.626374	0.624672	0.046363	0.552381	0.402913	0.560166	0.107038	0.358720	0.641834	0.556291	0.612293	0.555332	0.574757	0.585648	0.505863	0.102524	0.635007	0.411690	0.410354	0.241596	0.342947	0.413462	0.556863	0.044660	0.287599	0.612482	0.527802	0.639437	0.606822	0.284719	0.418217	0.601905	0.608579	0.585082	0.641902	0.190338	0.608805	0.569672	0.538175	0.565854	0.612346	0.629156	0.614078	0.583974	0.508418	0.551855	0.565720	0.380247	0.630499	0.602317	0.371802	0.621277	0.580769	0.409266	0.225751	0.631030	0.589147	0.542341	1.000000	0.228751	0.478261	0.414458	0.457431	0.478979	0.622857	0.634461	0.495922	0.618312	0.619226	0.447823	0.493907	0.619684	0.569138	0.426341	0.201603	0.638225	0.620690	0.623077	0.479377	0.430769	0.519931	0.218583	0.555235	0.392444	0.600000	0.623962	0.571429	0.603211	0.581081	0.570297	0.182835	0.518583	0.617414	0.484326	0.613836	0.575727	0.522994	0.583700	0.609287	0.338509	0.632684	0.600000	0.663854	0.649351	0.260350	0.635739	0.606138	0.623229	0.330972	0.629747	0.655113	0.546803	0.434988	0.630363	0.467647	0.633588	0.141558	0.465390	0.634873	0.497758	0.549587	0.611694	0.275949	0.622010	0.507937	0.397319	0.628121	0.535448	0.632353	0.482759	0.617949	0.388206	0.636364	0.611367	0.190837	0.604938	0.627027	0.659686	0.467802	0.633094	0.522046	0.511785	0.561670	0.542797	0.584927	0.629758	0.600907	0.148535	0.619898	0.610000	0.656766	0.607955	0.454349	0.094920	0.594406	0.573196	0.555319	0.259421	0.521212	0.644970	0.614486	0.628389	0.661074	0.648180	0.646465	0.630970	0.649573	0.371169	0.029775	0.278179	0.642750	0.616667	0.529730	0.618182	0.552053	0.432941	0.612634	0.621429	0.482652	0.442916	0.630915	0.631293	0.624260	0.637931	0.360000	0.634078	0.253783	0.502447	0.624650	0.646667	0.462312	0.439716	0.588015	0.278891	0.521368	0.609674	0.633540	0.605650	0.614035	0.577362	0.646865	0.615929	0.428005	0.632455	0.597303	0.607143	0.609964	0.117647	0.661074	0.167778	0.159085	0.607547	0.621984	0.587838	0.640990	0.568507	0.640719	0.591928	0.624843	0.586724	0.576687	0.626427	0.604052	0.450070	0.638743	0.591908	0.610086	0.602771	0.591270	0.648567	0.117016	0.621100	0.527901	0.558416	0.626156	0.617433	0.564841	0.409639	0.545073	0.517388	0.620690	0.264992	0.634085	0.522814	0.452937	0.641104	0.612195	0.564000	0.641694	0.591579	0.626207	0.304753	0.540881	0.628183	0.493333	0.618962	0.259936	0.637298	0.620573	0.641261	0.625815	0.469191	0.594719	0.383923	0.569431	0.595147	0.464037	0.502914	0.620447	0.623514	0.621935	0.570000	0.447719	0.568507	0.213377	0.569697	0.575124	0.658499	0.590909	0.216341	0.629213	0.626374	0.195984	0.643917	0.553626	0.616257	0.626374	0.288997	0.125963	0.088069	0.310984	0.595438	0.594286	0.645804	0.606345	0.555665	0.540084	0.447552	0.598152	0.641694	0.636054	0.592965	0.638760	0.449327	0.622837	0.624650	0.296875	0.647328	0.127709	0.647696	0.597786	0.617500	0.622222	0.579001	0.532710	0.393502	0.620818	0.625899	0.456191	0.568807	0.516076	0.538117	0.563218	0.628912	0.523643	0.579741	0.106359	0.634812	0.545455	0.605769	0.179769	0.336593	0.656205	0.059084	0.616874	0.558333	0.586207	0.640605	0.310394	0.569402	0.369910	0.641860	0.020502	0.626943	0.646497	0.580645	0.613518	0.634538	0.571429	0.513537	0.346215	0.591171	0.488068	0.631884	0.540438	0.612403	0.623656	0.276533	0.563786	0.269802	0.496397	0.617555	0.625229	0.640110	0.520085	0.647619	0.632450	0.623829	0.641278	0.584440	0.451937	0.611722	0.514286	0.503667	0.594495	0.631052	0.484444	0.141222	0.492683	0.512821	0.629948	0.615385	0.544944	0.618611	0.466816	0.302918	0.600639	0.568047	0.625430	0.195341	0.548780	0.544304	0.578218	0.630252	0.500000	0.610723	0.597590	0.500406	0.581197	0.652997	0.548913	0.601156	0.628986	0.633441	0.624840	0.451613	0.360902	0.531959	0.663446	0.617564	0.617341	
0.218783	0.324289	0.417186	0.278137	0.149123	0.413750	0.490733	0.249507	0.317049	0.247144	0.227511	0.510516	0.229990	0.249568	0.303518	0.233077	0.396328	0.167873	0.221286	0.317049	0.597461	0.584066	0.312562	0.215645	0.241667	0.572518	0.478415	0.192074	0.176449	0.622335	0.104081	0.182340	0.222534	0.202981	0.583202	0.211233	0.318725	0.592762	0.143014	0.266347	0.375361	0.458869	0.556489	0.622251	0.228751	0.149799	0.566018	0.620164	0.344016	0.649501	0.225648	0.311437	0.654852	0.258597	0.171841	0.391111	0.194652	0.157876	0.185597	0.271082	0.608174	0.141651	0.394678	0.159884	0.452533	0.597660	0.163887	0.288611	0.175793	0.422719	0.245930	0.237383	0.629425	0.338583	0.254395	0.136891	0.188193	0.465311	0.623740	0.349951	0.195939	0.269310	0.163221	0.501580	0.217529	0.463152	0.275204	0.259196	0.069386	0.473310	0.504922	0.207434	0.374078	0.166546	0.452395	0.365397	0.592179	0.159215	0.396961	0.242277	0.283972	0.159215	0.293225	0.310465	0.439324	0.064960	0.399495	0.537102	0.587005	0.255598	0.094808	0.340216	0.125833	0.138235	0.349951	0.487202	0.536813	0.278722	0.577401	0.563209	0.653909	0.619163	0.067913	0.426047	0.300552	0.614869	0.250173	0.469143	0.262779	0.166546	0.638827	0.576514	0.145055	0.283972	0.346719	0.240445	0.648112	0.312000	0.119569	0.447088	0.427864	0.320398	0.304653	0.328161	0.374840	0.481580	0.437346	0.395437	0.059770	0.245930	0.301811	0.593340	0.259794	0.141651	0.576217	0.653469	0.296097	0.138920	0.438575	0.228751	1.000000	0.528398	0.067176	0.531328	0.528131	0.256799	0.208068	0.496648	0.337492	0.315369	0.559693	0.492433	0.327609	0.415860	0.547036	0.618462	0.185597	0.305221	0.303518	0.502579	0.556757	0.476332	0.616510	0.437461	0.567343	0.347798	0.338583	0.405916	0.354241	0.362108	0.131365	0.642684	0.479477	0.290921	0.510198	0.312000	0.415365	0.456850	0.373273	0.360104	0.606720	0.236769	0.374318	0.263374	0.252588	0.645749	0.182992	0.304653	0.260392	0.626166	0.215016	0.179727	0.450061	0.073059	0.198506	0.531837	0.306921	0.599853	0.534381	0.239221	0.089777	0.116772	0.236769	0.635628	0.211864	0.493239	0.588664	0.292650	0.447360	0.244714	0.081818	0.303518	0.061256	0.245930	0.226891	0.642756	0.320398	0.280475	0.294375	0.529809	0.165882	0.467805	0.489832	0.146413	0.113264	0.363284	0.180381	0.359572	0.600787	0.305788	0.314809	0.198506	0.259196	0.543938	0.513249	0.176449	0.117472	0.387917	0.636479	0.469643	0.242277	0.345639	0.211864	0.192074	0.179727	0.190782	0.251381	0.257998	0.594404	0.209516	0.640913	0.237996	0.194652	0.453092	0.297815	0.437884	0.074525	0.336399	0.168535	0.521987	0.543318	0.216273	0.277551	0.242277	0.254395	0.056046	0.266347	0.652865	0.504226	0.265159	0.194652	0.530850	0.073059	0.151150	0.627692	0.105499	0.363284	0.222534	0.361165	0.175135	0.399621	0.198506	0.171841	0.561979	0.269310	0.140969	0.168535	0.327609	0.562081	0.192074	0.605604	0.621913	0.148446	0.283972	0.362755	0.272851	0.120267	0.237383	0.364223	0.313125	0.386747	0.404021	0.202981	0.157205	0.539840	0.177106	0.349837	0.322068	0.351026	0.130676	0.234310	0.574288	0.240445	0.466107	0.422395	0.290344	0.329264	0.434997	0.067176	0.111857	0.486998	0.305221	0.647122	0.313686	0.431072	0.546158	0.227511	0.325950	0.416849	0.203618	0.394295	0.271672	0.614112	0.111857	0.187545	0.092655	0.167873	0.640966	0.245322	0.190136	0.292650	0.296097	0.533784	0.353706	0.562500	0.418590	0.305221	0.078907	0.490311	0.342932	0.290344	0.300671	0.418721	0.535537	0.120267	0.652751	0.413146	0.418069	0.228132	0.358509	0.640015	0.315369	0.159215	0.646698	0.241056	0.403894	0.147769	0.273440	0.642346	0.565905	0.501298	0.618849	0.333114	0.145055	0.258597	0.342932	0.422981	0.109742	0.077449	0.351026	0.203618	0.186896	0.312562	0.223158	0.547013	0.180381	0.265159	0.044032	0.229371	0.578761	0.279307	0.156534	0.314809	0.241667	0.410546	0.447023	0.589087	0.153846	0.165882	0.539877	0.158545	0.495026	0.460241	0.143014	0.239221	0.474455	0.383658	0.541537	0.185597	0.450807	0.332565	0.636659	0.620058	0.257398	0.381196	0.270492	0.113966	0.143014	0.310874	0.631725	0.412281	0.604078	0.223158	0.148487	0.298959	0.212496	0.146413	0.179727	0.284553	0.200426	0.470448	0.612115	0.142333	0.512557	0.250777	0.439189	0.138920	0.282808	0.646389	0.402266	0.637719	0.499131	0.218783	0.159884	0.273440	0.109037	0.213757	0.197223	0.284553	0.322623	0.146413	0.541261	0.159215	0.096241	0.501748	0.158545	0.194009	0.092655	0.606202	0.495488	0.105499	0.182340	0.159215	0.446685	0.293801	0.530175	0.637030	0.211233	0.132743	0.182992	0.626688	0.122358	0.109742	0.131365	0.265159	0.488693	0.346719	0.331466	0.494179	0.386501	0.216273	0.457540	0.350489	0.250777	0.208702	0.304086	0.549160	0.055300	0.117472	0.208068	0.260392	0.350489	
0.459788	0.559786	0.603438	0.519774	0.336912	0.624478	0.610459	0.107293	0.552561	0.489736	0.468468	0.650565	0.474551	0.495614	0.553425	0.481730	0.603427	0.374496	0.467474	0.568733	0.611557	0.618539	0.552846	0.461538	0.490037	0.377031	0.638665	0.418495	0.391374	0.596202	0.242583	0.398097	0.459215	0.433101	0.625821	0.450230	0.568931	0.621926	0.324459	0.517192	0.586683	0.634763	0.644506	0.571796	0.467766	0.338284	0.636691	0.522517	0.577952	0.513056	0.466516	0.554953	0.568083	0.513377	0.380723	0.601846	0.420312	0.354575	0.409163	0.522792	0.566342	0.321667	0.605392	0.358598	0.629797	0.620690	0.363341	0.531381	0.388489	0.614025	0.487518	0.474777	0.593982	0.575181	0.501453	0.056784	0.411024	0.641012	0.591053	0.586788	0.424337	0.511064	0.365260	0.656442	0.454407	0.648649	0.520198	0.508671	0.165756	0.648619	0.260881	0.435385	0.604271	0.371867	0.631698	0.591227	0.366935	0.357259	0.598531	0.489676	0.539972	0.357259	0.550624	0.136210	0.627746	0.155678	0.616788	0.296613	0.608347	0.507983	0.222418	0.575360	0.288870	0.314644	0.582902	0.640342	0.285310	0.522230	0.629104	0.628975	0.534396	0.616931	0.162409	0.608235	0.131428	0.570074	0.492330	0.644236	0.513669	0.371867	0.586496	0.644931	0.328631	0.513324	0.589077	0.493718	0.470845	0.549153	0.275685	0.631699	0.626393	0.554362	0.541724	0.553191	0.602137	0.629550	0.622761	0.586143	0.143779	0.490455	0.542210	0.627306	0.512635	0.321667	0.607878	0.513279	0.544575	0.316054	0.628538	0.478261	0.528398	1.000000	0.160731	0.655373	0.642147	0.508696	0.438125	0.629591	0.561473	0.568535	0.642219	0.642595	0.573520	0.624553	0.641895	0.493374	0.407583	0.567327	0.547945	0.633079	0.648276	0.628135	0.508715	0.626380	0.638518	0.574026	0.577807	0.604961	0.576031	0.589286	0.300422	0.457129	0.621666	0.535466	0.654397	0.554576	0.612999	0.623812	0.584383	0.583493	0.617152	0.482554	0.603774	0.511862	0.502549	0.549499	0.402536	0.544460	0.497835	0.597892	0.449695	0.394590	0.627629	0.174071	0.430793	0.650980	0.551160	0.378868	0.646712	0.481125	0.211368	0.269759	0.492947	0.575082	0.449885	0.639318	0.634209	0.546842	0.631279	0.489706	0.193722	0.550685	0.147194	0.488987	0.465815	0.479182	0.563758	0.535211	0.549861	0.654850	0.370550	0.615215	0.638116	0.331400	0.262295	0.585086	0.399046	0.582586	0.391501	0.539617	0.544595	0.426128	0.511561	0.632545	0.266050	0.388179	0.271245	0.595062	0.556076	0.644142	0.483776	0.584635	0.443764	0.420063	0.397772	0.412873	0.498906	0.502171	0.630631	0.088938	0.570109	0.483321	0.420312	0.630168	0.532414	0.627678	0.177376	0.572745	0.375806	0.645422	0.644799	0.447489	0.522968	0.494100	0.505814	0.135185	0.517192	0.551428	0.640084	0.513630	0.418750	0.644477	0.174071	0.341021	0.573223	0.245645	0.602932	0.466767	0.600639	0.387200	0.601339	0.427683	0.382329	0.631723	0.511064	0.320267	0.375806	0.570858	0.322808	0.420063	0.435561	0.417449	0.335537	0.535764	0.599490	0.528785	0.277160	0.485163	0.591603	0.566012	0.605948	0.624849	0.433101	0.353230	0.657469	0.391061	0.588997	0.570663	0.583441	0.298986	0.478034	0.321263	0.490761	0.630182	0.614201	0.533055	0.563081	0.625218	0.160731	0.259291	0.632598	0.561859	0.567980	0.561570	0.627021	0.644052	0.463964	0.562667	0.615476	0.434312	0.612270	0.526690	0.594480	0.259291	0.412924	0.217699	0.372881	0.551940	0.492285	0.414768	0.546842	0.537664	0.641342	0.581560	0.596506	0.605592	0.535885	0.187219	0.645401	0.583932	0.541406	0.540206	0.600000	0.638480	0.277160	0.508411	0.627545	0.631454	0.475619	0.588462	0.517958	0.571236	0.357259	0.481952	0.491876	0.610006	0.334160	0.515625	0.585797	0.342984	0.248458	0.600791	0.567085	0.328631	0.500362	0.573481	0.623009	0.254766	0.183950	0.576973	0.431221	0.408517	0.550136	0.460377	0.641798	0.395866	0.509326	0.107143	0.468914	0.347182	0.526093	0.350245	0.550000	0.491513	0.622517	0.624000	0.631085	0.346470	0.370550	0.638525	0.355918	0.647649	0.635097	0.324459	0.481125	0.633370	0.572139	0.294919	0.407583	0.627986	0.564815	0.448356	0.605414	0.514120	0.171419	0.527441	0.263793	0.324459	0.560760	0.599211	0.597481	0.637255	0.467925	0.061819	0.539945	0.444954	0.331400	0.397772	0.532586	0.425136	0.631233	0.614247	0.323064	0.644770	0.497810	0.621606	0.316054	0.530899	0.577997	0.613801	0.565077	0.662519	0.453718	0.358598	0.517045	0.253252	0.456489	0.423676	0.532586	0.575636	0.331400	0.634523	0.357259	0.225551	0.635553	0.355918	0.414386	0.217699	0.378460	0.636649	0.245645	0.402855	0.357259	0.625858	0.546085	0.653142	0.588235	0.442573	0.303286	0.402536	0.485601	0.281570	0.254766	0.300422	0.503587	0.640426	0.578674	0.562914	0.631083	0.590347	0.455099	0.630045	0.572168	0.491971	0.439324	0.557153	0.640076	0.133457	0.271245	0.442736	0.506494	0.582524	
0.421053	0.304498	0.229167	0.354125	0.513699	0.232804	0.184293	0.009859	0.311504	0.391011	0.421308	0.171373	0.417266	0.391982	0.325323	0.407583	0.246154	0.518750	0.431762	0.311504	0.111888	0.123769	0.315978	0.431472	0.399083	0.040229	0.187633	0.464986	0.468468	0.094017	0.572687	0.485380	0.429630	0.449198	0.128843	0.434109	0.309859	0.118919	0.537102	0.368973	0.261516	0.195773	0.141139	0.080219	0.419277	0.518771	0.134866	0.069155	0.286645	0.068589	0.414634	0.317117	0.085024	0.375000	0.509202	0.249292	0.437673	0.518033	0.489914	0.362887	0.085520	0.533808	0.246844	0.506494	0.206331	0.118280	0.471338	0.341748	0.500000	0.226221	0.392777	0.410256	0.092340	0.291391	0.385120	0.005094	0.472934	0.195556	0.091667	0.281600	0.462810	0.365145	0.504792	0.169720	0.433249	0.196868	0.357724	0.378495	0.625698	0.189655	0.025879	0.440945	0.261516	0.509434	0.206089	0.269113	0.038792	0.527687	0.246154	0.398169	0.343195	0.514658	0.336520	0.012692	0.217016	0.601156	0.242759	0.029978	0.111888	0.379085	0.560748	0.289951	0.558140	0.543478	0.281600	0.184293	0.028664	0.353414	0.131835	0.130855	0.071313	0.105516	0.598870	0.225352	0.012218	0.086486	0.391111	0.196868	0.373673	0.503145	0.085520	0.133333	0.531469	0.347140	0.284330	0.405530	0.055052	0.316547	0.602410	0.210778	0.223919	0.308231	0.324125	0.300855	0.261905	0.185458	0.216749	0.247191	0.614458	0.383747	0.327138	0.115789	0.373391	0.540925	0.133840	0.066215	0.333333	0.563177	0.216749	0.414458	0.067176	0.160731	1.000000	0.153444	0.161025	0.381779	0.439791	0.178318	0.292359	0.313167	0.145695	0.177419	0.301370	0.231884	0.142626	0.058569	0.478386	0.323529	0.325323	0.168260	0.140127	0.192350	0.063930	0.219451	0.125535	0.283414	0.291391	0.239782	0.278041	0.271186	0.571429	0.052726	0.191721	0.339114	0.169720	0.316547	0.232190	0.202299	0.263079	0.273292	0.103957	0.401869	0.262295	0.372881	0.387665	0.077431	0.489796	0.324125	0.376874	0.101324	0.437659	0.479290	0.209524	0.565217	0.468665	0.157003	0.321755	0.040173	0.157283	0.398148	0.618357	0.579592	0.401869	0.082590	0.432990	0.183716	0.125535	0.333333	0.211285	0.390023	0.602041	0.325323	0.595238	0.392777	0.422330	0.055207	0.308231	0.351297	0.335238	0.158273	0.498423	0.196648	0.185458	0.486111	0.566667	0.270769	0.477876	0.273717	0.042267	0.322936	0.313725	0.457766	0.378495	0.152778	0.026462	0.498498	0.544715	0.251070	0.077125	0.192140	0.398169	0.285251	0.448454	0.459384	0.497041	0.484507	0.389381	0.380130	0.115561	0.008101	0.083333	0.409302	0.465374	0.202067	0.331450	0.217822	0.602151	0.293333	0.504673	0.166352	0.144856	0.440506	0.350806	0.402746	0.385120	0.596273	0.364780	0.075278	0.178318	0.370526	0.459834	0.152513	0.630435	0.522034	0.083571	0.602620	0.270769	0.424691	0.272446	0.501511	0.243094	0.468665	0.509202	0.138039	0.365145	0.557143	0.492212	0.301370	0.033083	0.459384	0.048101	0.045455	0.549828	0.347140	0.271186	0.360656	0.592000	0.400932	0.269525	0.315412	0.253237	0.238160	0.443850	0.526316	0.148774	0.485030	0.281150	0.306620	0.280702	0.573585	0.410377	0.032897	0.400922	0.197753	0.228275	0.339768	0.299830	0.219451	0.636364	0.579832	0.187234	0.323529	0.078959	0.314848	0.216482	0.149915	0.421308	0.302926	0.231275	0.437333	0.247539	0.362140	0.092292	0.588235	0.468571	0.597156	0.506250	0.077295	0.393665	0.474576	0.333333	0.333333	0.158845	0.278481	0.123249	0.230971	0.323529	0.635417	0.182952	0.287582	0.339768	0.328358	0.231275	0.148398	0.592000	0.062279	0.234354	0.229765	0.415459	0.274571	0.063218	0.313167	0.501629	0.056811	0.400000	0.237838	0.537931	0.359918	0.086957	0.035534	0.024489	0.094421	0.296296	0.559441	0.379310	0.287582	0.226804	0.587234	0.621053	0.280702	0.448000	0.481375	0.315978	0.428571	0.150171	0.471976	0.370526	0.593103	0.403846	0.036051	0.352705	0.521452	0.313725	0.394495	0.237197	0.211793	0.123682	0.535117	0.517350	0.154116	0.496732	0.180698	0.200913	0.544170	0.407407	0.194906	0.255443	0.029780	0.484150	0.209774	0.296796	0.051780	0.103286	0.380952	0.016251	0.363636	0.597510	0.537102	0.317690	0.094218	0.235294	0.115108	0.413793	0.005559	0.330206	0.431877	0.527778	0.485207	0.346457	0.454054	0.194260	0.106667	0.560284	0.166038	0.390244	0.216749	0.534296	0.348515	0.082785	0.240109	0.080549	0.174257	0.436090	0.545455	0.359918	0.547009	0.439898	0.465753	0.346457	0.306087	0.534722	0.152381	0.501629	0.564815	0.178138	0.509804	0.483333	0.597156	0.040073	0.177598	0.593886	0.473684	0.521173	0.212304	0.335878	0.159710	0.091667	0.423773	0.567164	0.472303	0.056610	0.592885	0.553191	0.578947	0.370526	0.183143	0.284330	0.297800	0.177419	0.252511	0.430380	0.203468	0.281150	0.385809	0.443864	0.324723	0.148273	0.625000	0.560976	0.455497	0.372591	0.281150	
0.437956	0.557779	0.596895	0.517711	0.323040	0.614939	0.619938	0.112522	0.545573	0.477401	0.456647	0.646647	0.459654	0.483099	0.533069	0.465183	0.586002	0.359411	0.449782	0.563802	0.611635	0.631007	0.544503	0.442491	0.479033	0.390947	0.634887	0.405120	0.374233	0.613437	0.232053	0.382331	0.450581	0.420818	0.628156	0.435935	0.557505	0.631579	0.311005	0.500000	0.588808	0.620321	0.648332	0.584518	0.460317	0.324367	0.638840	0.535267	0.571609	0.523042	0.451846	0.553080	0.570207	0.500348	0.367001	0.595110	0.408408	0.340125	0.393020	0.512363	0.579069	0.308307	0.596200	0.344019	0.631579	0.626271	0.351751	0.524899	0.372985	0.609491	0.479491	0.465714	0.599930	0.563810	0.492997	0.059628	0.394856	0.632817	0.588724	0.586466	0.404798	0.507915	0.350467	0.649402	0.444444	0.636997	0.505810	0.498607	0.158261	0.641390	0.272517	0.427515	0.592457	0.356866	0.619178	0.573538	0.380537	0.342723	0.583630	0.471591	0.523681	0.342723	0.526104	0.142742	0.610550	0.148601	0.609670	0.309559	0.610063	0.489510	0.212658	0.560203	0.276648	0.301524	0.578947	0.636552	0.297848	0.515997	0.631396	0.628670	0.540273	0.615385	0.155052	0.610731	0.137747	0.589488	0.481351	0.629491	0.504854	0.356866	0.593595	0.641641	0.315036	0.511502	0.569811	0.476868	0.479367	0.540930	0.263934	0.627907	0.606716	0.555123	0.537649	0.551414	0.581862	0.636458	0.616938	0.601307	0.137203	0.476662	0.538105	0.636692	0.495477	0.308307	0.608049	0.522458	0.532355	0.302885	0.624790	0.457431	0.531328	0.655373	0.153444	1.000000	0.645349	0.498603	0.424242	0.625128	0.551812	0.558382	0.635154	0.641875	0.554341	0.610405	0.641270	0.507545	0.393020	0.545215	0.539683	0.640555	0.643018	0.632025	0.520945	0.615905	0.634640	0.562814	0.565079	0.597067	0.576060	0.571605	0.287793	0.472499	0.623610	0.527517	0.647410	0.547479	0.607287	0.623574	0.589024	0.573375	0.629129	0.461758	0.595615	0.498960	0.488421	0.554871	0.386606	0.533686	0.490960	0.610044	0.436950	0.380443	0.629486	0.166234	0.414051	0.644359	0.542819	0.392377	0.644976	0.468995	0.202037	0.258224	0.473195	0.575758	0.437086	0.627268	0.621155	0.526457	0.623060	0.478754	0.185090	0.543651	0.140474	0.473833	0.455531	0.494350	0.551232	0.521739	0.525401	0.643303	0.355590	0.613076	0.630208	0.317712	0.251032	0.579889	0.383206	0.573730	0.404674	0.535620	0.540470	0.414051	0.491643	0.634951	0.277880	0.375767	0.259655	0.598086	0.569935	0.639110	0.468750	0.568010	0.435614	0.402108	0.380443	0.401207	0.486297	0.492329	0.640738	0.093316	0.573467	0.471092	0.406907	0.627579	0.535286	0.617201	0.169404	0.570337	0.360681	0.634795	0.648673	0.439239	0.507157	0.478693	0.492997	0.128975	0.501381	0.562708	0.640449	0.499308	0.406907	0.656000	0.166234	0.327014	0.586935	0.235000	0.592227	0.453488	0.588745	0.370200	0.601770	0.415546	0.365459	0.630454	0.506538	0.306954	0.360681	0.559486	0.336671	0.402108	0.447948	0.432790	0.321712	0.523681	0.577778	0.507197	0.265356	0.468571	0.591133	0.557227	0.599040	0.616374	0.422305	0.338824	0.642526	0.377011	0.586099	0.559223	0.578223	0.286408	0.470251	0.335074	0.471174	0.615798	0.605052	0.523842	0.558408	0.611393	0.153444	0.248139	0.625850	0.541254	0.572500	0.546405	0.624439	0.640559	0.452312	0.554124	0.600462	0.420505	0.604043	0.514756	0.609451	0.248139	0.396669	0.208122	0.359411	0.568966	0.481246	0.401509	0.534494	0.531021	0.628187	0.576419	0.601084	0.608194	0.530693	0.178848	0.641490	0.579912	0.521155	0.542800	0.599307	0.649050	0.265356	0.524098	0.615563	0.624064	0.457762	0.580645	0.528362	0.555773	0.342723	0.494962	0.469417	0.598480	0.320381	0.506849	0.585643	0.357529	0.259622	0.601764	0.555911	0.315036	0.497561	0.563487	0.619347	0.243781	0.175711	0.563204	0.423477	0.392424	0.545812	0.447349	0.637424	0.381679	0.503458	0.102151	0.457102	0.361182	0.510204	0.337520	0.540470	0.476190	0.602452	0.611543	0.624896	0.332283	0.355590	0.634169	0.341425	0.641645	0.623714	0.311005	0.471846	0.630736	0.580723	0.307804	0.393020	0.625414	0.556266	0.460870	0.613084	0.495464	0.179476	0.508591	0.252475	0.311005	0.544262	0.601620	0.596859	0.638400	0.447349	0.064908	0.525266	0.433824	0.317712	0.380443	0.516565	0.416107	0.610549	0.613506	0.309657	0.643033	0.482419	0.622546	0.302885	0.525745	0.579270	0.603286	0.581749	0.648157	0.442336	0.344019	0.510959	0.242324	0.439060	0.408683	0.523327	0.560155	0.317712	0.627469	0.342723	0.215670	0.631955	0.341425	0.408715	0.208122	0.393437	0.643221	0.235000	0.386900	0.342723	0.617778	0.537793	0.642547	0.597025	0.435935	0.290557	0.388128	0.497549	0.269608	0.243781	0.287793	0.499308	0.630435	0.568553	0.564661	0.640856	0.583933	0.440703	0.637255	0.569818	0.488045	0.426883	0.539326	0.642261	0.127321	0.259655	0.433112	0.489569	0.567314	
0.449848	0.565886	0.605341	0.524752	0.337469	0.615660	0.633547	0.107091	0.553306	0.488987	0.464662	0.645062	0.470765	0.494876	0.541838	0.483943	0.610294	0.375101	0.462121	0.558704	0.609639	0.631894	0.546811	0.457666	0.490761	0.376795	0.629650	0.419152	0.392000	0.590176	0.243007	0.400318	0.459909	0.436871	0.632501	0.446319	0.568350	0.639132	0.325000	0.494978	0.597484	0.605727	0.645102	0.557377	0.468468	0.338843	0.644464	0.512998	0.576094	0.521964	0.465712	0.563859	0.574489	0.506879	0.381335	0.605052	0.417840	0.355155	0.405063	0.520685	0.550588	0.322204	0.611043	0.359184	0.629379	0.627859	0.367181	0.530726	0.389111	0.613569	0.492647	0.487370	0.590861	0.589086	0.499272	0.056674	0.411672	0.624106	0.585125	0.586252	0.420312	0.524660	0.364228	0.630502	0.455099	0.612921	0.532292	0.500724	0.166058	0.627642	0.260430	0.436055	0.601258	0.370850	0.622247	0.600891	0.368170	0.357843	0.609069	0.480059	0.529494	0.357843	0.538889	0.135958	0.631944	0.155963	0.594397	0.296111	0.601606	0.495640	0.222812	0.572178	0.289362	0.315172	0.573281	0.631410	0.284824	0.530035	0.624334	0.621574	0.540620	0.619729	0.162706	0.632509	0.131184	0.570461	0.500366	0.643843	0.507205	0.370850	0.579496	0.646401	0.329177	0.528090	0.566406	0.494449	0.474964	0.562118	0.276158	0.633562	0.625954	0.561828	0.567123	0.575233	0.604154	0.619507	0.616541	0.617557	0.144044	0.500000	0.533333	0.619614	0.491685	0.322204	0.629032	0.520839	0.545329	0.316583	0.618855	0.478979	0.528131	0.642147	0.161025	0.645349	1.000000	0.505080	0.441878	0.649160	0.572745	0.557133	0.648471	0.631744	0.567622	0.619332	0.634124	0.486996	0.405063	0.540726	0.563786	0.626592	0.634146	0.627729	0.500272	0.627109	0.613195	0.591678	0.585141	0.621442	0.584516	0.564496	0.300930	0.458284	0.644142	0.536212	0.640737	0.555329	0.614925	0.628987	0.597730	0.588085	0.605364	0.480297	0.596977	0.519798	0.506200	0.557367	0.401587	0.546575	0.514451	0.611907	0.450382	0.396813	0.626067	0.174387	0.428349	0.638862	0.556011	0.379388	0.649312	0.486286	0.211744	0.270224	0.478810	0.571522	0.445977	0.647467	0.633894	0.533704	0.632000	0.486009	0.194070	0.545953	0.147465	0.491176	0.458992	0.478441	0.571237	0.521862	0.549237	0.642681	0.371151	0.624724	0.631297	0.331950	0.262748	0.592214	0.398089	0.593590	0.391655	0.562244	0.560217	0.429907	0.500724	0.643789	0.265592	0.387200	0.271711	0.584672	0.553923	0.617567	0.493353	0.574967	0.447510	0.417582	0.398406	0.408805	0.486486	0.513043	0.618033	0.088769	0.575768	0.476615	0.420970	0.605145	0.548343	0.623768	0.177697	0.578774	0.376414	0.655190	0.635084	0.454268	0.526539	0.481536	0.493450	0.135436	0.525108	0.556682	0.642857	0.517241	0.427230	0.632545	0.174387	0.341584	0.564340	0.246073	0.588385	0.462935	0.588612	0.389423	0.611822	0.423676	0.381335	0.632299	0.520372	0.320802	0.376414	0.568954	0.322270	0.417582	0.430070	0.417624	0.336093	0.519663	0.587484	0.525267	0.277635	0.493314	0.584713	0.561356	0.612903	0.611111	0.433772	0.353808	0.634286	0.390088	0.571614	0.558015	0.588083	0.299492	0.477256	0.320728	0.476684	0.635307	0.618483	0.540767	0.581117	0.627109	0.161025	0.259740	0.645127	0.553046	0.561983	0.552846	0.596532	0.645624	0.470677	0.568758	0.619785	0.425697	0.603194	0.524590	0.587110	0.259740	0.413575	0.218085	0.375101	0.559173	0.495953	0.410700	0.532314	0.542561	0.660741	0.583602	0.589339	0.622990	0.550308	0.187556	0.637573	0.579464	0.550523	0.549209	0.616210	0.627675	0.277635	0.510286	0.625899	0.619133	0.467318	0.599487	0.509052	0.559838	0.357843	0.484682	0.482249	0.598672	0.334714	0.522048	0.584835	0.342419	0.248026	0.593312	0.577101	0.329177	0.508327	0.584696	0.620201	0.255208	0.184282	0.577720	0.438080	0.409163	0.538670	0.468632	0.636668	0.399682	0.520115	0.107345	0.474119	0.346611	0.532486	0.352459	0.564276	0.481892	0.628089	0.635011	0.632479	0.347039	0.371151	0.644973	0.356500	0.644104	0.633575	0.325000	0.486286	0.641758	0.592777	0.294419	0.406646	0.633257	0.582781	0.451344	0.617322	0.507614	0.171108	0.511064	0.264249	0.325000	0.556084	0.589587	0.611411	0.627146	0.465608	0.061700	0.544828	0.450230	0.331950	0.395219	0.537544	0.428904	0.615469	0.617842	0.323603	0.644411	0.498538	0.629265	0.316583	0.528833	0.573776	0.590303	0.567376	0.624805	0.455927	0.359184	0.527738	0.253692	0.448012	0.424337	0.533333	0.565684	0.331950	0.638031	0.357843	0.225949	0.648819	0.356500	0.421300	0.218085	0.378226	0.632075	0.246073	0.400318	0.357843	0.630011	0.539903	0.643883	0.593585	0.438650	0.303797	0.401587	0.478390	0.282051	0.255208	0.300930	0.517241	0.632588	0.579427	0.576923	0.636983	0.600991	0.460366	0.635241	0.587168	0.497076	0.441538	0.559287	0.643536	0.133705	0.271711	0.443418	0.510116	0.589760	
0.608187	0.609502	0.569801	0.626598	0.558059	0.597502	0.511290	0.041131	0.621176	0.621918	0.630372	0.527439	0.629630	0.632153	0.631961	0.611033	0.582000	0.601653	0.630814	0.628235	0.398278	0.432337	0.617577	0.621502	0.626907	0.160086	0.554374	0.632399	0.605178	0.345851	0.503906	0.599681	0.611594	0.600910	0.437311	0.630952	0.628370	0.419263	0.570423	0.622047	0.603340	0.545608	0.471279	0.300928	0.648571	0.605536	0.456604	0.263604	0.625139	0.261663	0.633094	0.630952	0.316773	0.627503	0.599018	0.599395	0.634675	0.586441	0.610759	0.646753	0.318395	0.561837	0.595190	0.586847	0.564148	0.416244	0.560935	0.622500	0.593193	0.573848	0.634615	0.610644	0.340484	0.614173	0.633423	0.021416	0.600629	0.550211	0.338322	0.606593	0.611111	0.610169	0.605351	0.529501	0.642229	0.537744	0.607465	0.637333	0.392241	0.550701	0.105278	0.624625	0.626305	0.600332	0.575944	0.600639	0.154708	0.594595	0.574000	0.595568	0.643939	0.597973	0.638614	0.052713	0.565693	0.371179	0.598020	0.121183	0.397201	0.647849	0.464930	0.625561	0.537753	0.577540	0.630769	0.538710	0.116109	0.628352	0.445679	0.447853	0.270977	0.381976	0.380952	0.577861	0.050783	0.321552	0.631293	0.553011	0.642857	0.580431	0.318395	0.452336	0.570928	0.608586	0.617257	0.611961	0.214245	0.620690	0.531835	0.567857	0.562092	0.637850	0.603865	0.611494	0.610240	0.542950	0.568824	0.579739	0.345898	0.596154	0.634265	0.413296	0.636485	0.554770	0.435000	0.253483	0.642066	0.548043	0.568824	0.622857	0.256799	0.508696	0.381779	0.498603	0.505080	1.000000	0.605697	0.522013	0.606539	0.625738	0.479571	0.530932	0.616801	0.590038	0.472679	0.226748	0.642405	0.641737	0.607748	0.518407	0.472421	0.546667	0.245556	0.572217	0.436277	0.598234	0.625422	0.569185	0.610022	0.595289	0.558984	0.205907	0.533666	0.629353	0.521936	0.615933	0.563758	0.561039	0.572327	0.615716	0.377149	0.622721	0.600418	0.626156	0.622463	0.291634	0.598726	0.613527	0.635638	0.367953	0.628319	0.600321	0.567111	0.400853	0.622699	0.506401	0.634615	0.159880	0.501425	0.616457	0.447154	0.509434	0.647966	0.308775	0.638930	0.535800	0.435092	0.639405	0.550984	0.611570	0.440748	0.641646	0.353201	0.631868	0.634146	0.214800	0.609813	0.633588	0.622222	0.499642	0.581395	0.549153	0.533225	0.586387	0.521905	0.609626	0.592949	0.590517	0.167678	0.609639	0.624113	0.613497	0.642667	0.485734	0.107555	0.608414	0.534840	0.594320	0.290612	0.559534	0.637119	0.616408	0.615156	0.591900	0.606742	0.637500	0.645862	0.604278	0.412611	0.033892	0.311222	0.643357	0.597523	0.560554	0.620098	0.570906	0.403397	0.625989	0.580858	0.504840	0.474667	0.620588	0.629962	0.626039	0.649596	0.327354	0.627297	0.284407	0.526730	0.647368	0.600619	0.497568	0.400853	0.575862	0.312003	0.505837	0.618182	0.626087	0.612245	0.590909	0.588702	0.622699	0.579378	0.453846	0.615385	0.569912	0.574257	0.623705	0.133095	0.591900	0.189148	0.179456	0.559028	0.646465	0.608137	0.623545	0.519626	0.613445	0.620469	0.631079	0.595918	0.601562	0.597876	0.594228	0.485014	0.600969	0.630077	0.640279	0.622807	0.538182	0.645980	0.132387	0.648122	0.551489	0.575758	0.622665	0.607798	0.566697	0.381779	0.516252	0.528980	0.617612	0.296738	0.625592	0.562842	0.483893	0.633238	0.621247	0.583174	0.621212	0.606426	0.604410	0.340328	0.504780	0.611024	0.467742	0.568595	0.291179	0.629986	0.619718	0.617100	0.605166	0.492462	0.608506	0.424985	0.576886	0.615199	0.423480	0.530874	0.637681	0.607721	0.604141	0.579350	0.481305	0.557009	0.239794	0.590734	0.597526	0.635193	0.593952	0.243076	0.637544	0.601351	0.220514	0.638889	0.591220	0.563478	0.630491	0.323084	0.142421	0.099839	0.347138	0.618885	0.560420	0.638184	0.606466	0.578699	0.515385	0.425263	0.600877	0.606061	0.599369	0.631829	0.630970	0.480439	0.618590	0.621053	0.265116	0.610556	0.144378	0.619898	0.588435	0.605201	0.651872	0.599805	0.553763	0.428571	0.582192	0.591362	0.483532	0.558376	0.538523	0.551249	0.580986	0.630404	0.552189	0.579055	0.120420	0.620253	0.572954	0.596811	0.202497	0.374057	0.629183	0.067117	0.657997	0.520913	0.570423	0.643623	0.346493	0.582769	0.411246	0.619392	0.023353	0.623472	0.599407	0.568935	0.603531	0.607818	0.601527	0.554156	0.385530	0.578483	0.517472	0.633152	0.559708	0.533808	0.622785	0.309415	0.599214	0.302024	0.517375	0.622807	0.576728	0.630491	0.493256	0.639053	0.621538	0.640605	0.644186	0.572426	0.486111	0.587838	0.475050	0.521603	0.585448	0.595349	0.475806	0.159504	0.529781	0.490272	0.609250	0.584459	0.572711	0.647713	0.501802	0.338322	0.636905	0.571429	0.608280	0.219800	0.527881	0.515385	0.558984	0.623684	0.534510	0.603982	0.586758	0.524667	0.588595	0.611765	0.563478	0.599341	0.625000	0.619760	0.607013	0.483696	0.323596	0.516008	0.608696	0.606383	0.603732	
0.634711	0.607143	0.517454	0.614509	0.622490	0.544699	0.482343	0.032562	0.607004	0.648233	0.655897	0.460665	0.648475	0.638168	0.626506	0.624204	0.568947	0.638783	0.627258	0.568093	0.330523	0.361179	0.597641	0.633333	0.619938	0.128356	0.489510	0.628774	0.627087	0.282964	0.545035	0.656934	0.644845	0.655172	0.371501	0.623946	0.630491	0.348754	0.576687	0.600293	0.582480	0.485068	0.403304	0.245000	0.618357	0.597194	0.389146	0.213740	0.600000	0.212121	0.662338	0.607096	0.258348	0.629851	0.624060	0.554825	0.620811	0.626223	0.600362	0.622287	0.259717	0.607803	0.565832	0.626459	0.511804	0.347107	0.646154	0.613037	0.624535	0.542683	0.644068	0.655118	0.278409	0.612346	0.621418	0.016918	0.635548	0.495479	0.276576	0.599278	0.643234	0.625000	0.635838	0.455350	0.643449	0.474545	0.607450	0.625931	0.462338	0.483245	0.083916	0.657581	0.582480	0.625954	0.515094	0.583721	0.123972	0.615984	0.560261	0.643857	0.631136	0.623782	0.614540	0.041782	0.534907	0.437995	0.537057	0.096758	0.330523	0.634586	0.528571	0.597786	0.599138	0.614108	0.587244	0.477175	0.092657	0.625000	0.381570	0.377821	0.219895	0.313767	0.449086	0.532928	0.040244	0.262383	0.634146	0.498182	0.620384	0.610687	0.259717	0.384010	0.621951	0.647966	0.562424	0.621875	0.172789	0.601050	0.571429	0.522574	0.532258	0.604891	0.606142	0.601770	0.569476	0.488312	0.532417	0.555556	0.403226	0.628659	0.594086	0.340672	0.633929	0.599589	0.380013	0.205307	0.591281	0.616977	0.518664	0.634461	0.208068	0.438125	0.439791	0.424242	0.441878	0.605697	1.000000	0.474434	0.599010	0.580729	0.411598	0.470785	0.607595	0.540933	0.405556	0.183121	0.618445	0.602667	0.607764	0.442492	0.400821	0.490633	0.198716	0.523810	0.363184	0.592503	0.600000	0.553191	0.593564	0.554386	0.597458	0.165914	0.492883	0.615172	0.455350	0.595801	0.545643	0.505576	0.566857	0.592941	0.309637	0.627760	0.563284	0.631268	0.639394	0.237192	0.652095	0.614152	0.627043	0.302625	0.631052	0.636029	0.514340	0.482051	0.638743	0.437076	0.618858	0.128188	0.439245	0.639498	0.508475	0.598670	0.593060	0.251605	0.622896	0.472509	0.365672	0.615385	0.508181	0.630603	0.512438	0.613119	0.427807	0.647149	0.627832	0.173247	0.615187	0.596888	0.626539	0.433991	0.604207	0.504995	0.484848	0.570850	0.542601	0.572430	0.631193	0.593640	0.134554	0.607190	0.607562	0.631763	0.628912	0.430044	0.085752	0.630798	0.575221	0.549063	0.236334	0.499109	0.662519	0.595383	0.616162	0.628774	0.628676	0.606061	0.647416	0.630792	0.340081	0.026810	0.253667	0.619497	0.620811	0.495822	0.613297	0.530572	0.479592	0.600496	0.618596	0.449367	0.412386	0.638935	0.629630	0.628305	0.621418	0.397820	0.626647	0.231132	0.467728	0.628488	0.641975	0.425000	0.471795	0.606786	0.254325	0.565517	0.560748	0.599018	0.568075	0.644320	0.563441	0.638743	0.642857	0.391627	0.633721	0.637860	0.618596	0.594937	0.106406	0.628774	0.152135	0.144188	0.611670	0.603086	0.570760	0.613833	0.570175	0.629921	0.565774	0.599476	0.559378	0.543915	0.631034	0.619608	0.423326	0.611111	0.574519	0.615385	0.590636	0.611465	0.638095	0.105832	0.621875	0.498175	0.536336	0.613260	0.597730	0.527778	0.445026	0.567568	0.485166	0.594667	0.241478	0.614379	0.492640	0.421739	0.633279	0.612452	0.548087	0.602410	0.580153	0.601156	0.278277	0.581081	0.611511	0.527578	0.638783	0.236810	0.611111	0.628571	0.598901	0.623978	0.441400	0.579952	0.357405	0.539256	0.605333	0.497487	0.481164	0.594132	0.621547	0.619946	0.552223	0.419540	0.583333	0.193931	0.543365	0.547325	0.629032	0.569067	0.196656	0.609375	0.592593	0.177966	0.624025	0.534884	0.616935	0.621583	0.263677	0.113976	0.079535	0.284058	0.587500	0.613821	0.623881	0.591687	0.541752	0.557823	0.474747	0.581032	0.636833	0.648649	0.595020	0.647059	0.420900	0.627523	0.628488	0.324786	0.627010	0.115566	0.632624	0.632613	0.597132	0.619938	0.542194	0.524590	0.360958	0.629703	0.623327	0.428783	0.640625	0.479661	0.506470	0.584867	0.623824	0.503156	0.567598	0.096141	0.622061	0.526316	0.585732	0.163107	0.307853	0.616766	0.053280	0.611594	0.581655	0.605317	0.607895	0.283510	0.555556	0.338905	0.640523	0.018452	0.619756	0.628571	0.578947	0.639706	0.605042	0.628472	0.483813	0.316810	0.622951	0.458136	0.624049	0.524558	0.621118	0.627286	0.252144	0.543131	0.245922	0.455592	0.638017	0.630350	0.624460	0.572727	0.599665	0.644483	0.613445	0.606914	0.591093	0.423218	0.631579	0.526066	0.469012	0.640625	0.639576	0.527578	0.127882	0.464495	0.565517	0.613139	0.619883	0.525604	0.597260	0.435780	0.276576	0.603710	0.603376	0.637523	0.177376	0.579521	0.575964	0.588983	0.643172	0.485004	0.584242	0.594730	0.472454	0.571429	0.652246	0.513539	0.576923	0.611872	0.648557	0.612299	0.417803	0.377049	0.575221	0.642857	0.641902	0.610577	
0.482645	0.580274	0.606713	0.553517	0.369900	0.622846	0.646659	0.096340	0.581395	0.515924	0.496732	0.645267	0.495114	0.519048	0.560651	0.509327	0.627785	0.408488	0.485997	0.566860	0.604866	0.616211	0.565789	0.489627	0.518043	0.345931	0.643796	0.441781	0.419580	0.571003	0.267823	0.435386	0.498355	0.467511	0.627469	0.467446	0.581581	0.624182	0.354662	0.515528	0.609164	0.596491	0.631681	0.532446	0.491028	0.369565	0.636106	0.485101	0.606316	0.501036	0.502867	0.576867	0.547032	0.514510	0.413369	0.620962	0.440273	0.387097	0.428325	0.530864	0.526316	0.353480	0.631234	0.393208	0.631010	0.621140	0.398222	0.555053	0.419948	0.626809	0.519936	0.516129	0.566066	0.600707	0.518927	0.050848	0.444062	0.617183	0.567558	0.603064	0.446337	0.553751	0.391459	0.613636	0.485099	0.598240	0.555641	0.529781	0.183838	0.612996	0.236206	0.461409	0.606469	0.402126	0.641441	0.615700	0.336200	0.388193	0.626474	0.509615	0.543247	0.391771	0.563718	0.122496	0.644883	0.172764	0.605469	0.269081	0.586409	0.511811	0.245854	0.598025	0.318054	0.345906	0.580780	0.640997	0.258668	0.551566	0.618826	0.617811	0.509912	0.600242	0.180162	0.631910	0.118165	0.535488	0.524980	0.635777	0.527301	0.396811	0.559080	0.636321	0.359161	0.569044	0.563636	0.518876	0.442615	0.574982	0.303774	0.636695	0.641202	0.584660	0.584934	0.591691	0.619016	0.620455	0.634627	0.639527	0.159672	0.529506	0.545589	0.603175	0.518403	0.353480	0.619944	0.492937	0.548170	0.347426	0.624769	0.495922	0.496648	0.629591	0.178318	0.625128	0.649160	0.522013	0.474434	1.000000	0.595895	0.556446	0.636949	0.623405	0.594982	0.629299	0.608313	0.451782	0.438687	0.550554	0.579882	0.605277	0.626996	0.643105	0.468575	0.647241	0.586534	0.603352	0.596466	0.630421	0.601108	0.567123	0.330548	0.429983	0.655870	0.556391	0.620130	0.583760	0.632250	0.637716	0.613514	0.611684	0.586262	0.502018	0.603239	0.542479	0.526482	0.531777	0.433276	0.579025	0.544601	0.594192	0.485050	0.426458	0.644458	0.192965	0.456706	0.632505	0.571429	0.346302	0.642487	0.506838	0.233792	0.297348	0.493947	0.540449	0.468724	0.657999	0.630818	0.553638	0.633820	0.515974	0.214499	0.550296	0.163432	0.513557	0.487326	0.445111	0.596237	0.528963	0.573353	0.631305	0.400709	0.636577	0.643182	0.363967	0.289248	0.613279	0.426087	0.609354	0.361407	0.576696	0.574344	0.456706	0.532915	0.646969	0.240954	0.421329	0.298959	0.582011	0.525703	0.616097	0.517628	0.591036	0.478732	0.453767	0.422977	0.435678	0.527316	0.533752	0.609254	0.079780	0.550804	0.497985	0.452218	0.606421	0.570790	0.623842	0.196590	0.600992	0.408127	0.649545	0.614018	0.484245	0.541699	0.509615	0.517350	0.150206	0.548137	0.529692	0.642937	0.541213	0.459044	0.632061	0.192965	0.374322	0.541652	0.271154	0.591376	0.480263	0.603981	0.420315	0.624104	0.458404	0.415128	0.632790	0.544470	0.351971	0.408127	0.580645	0.293264	0.453767	0.397315	0.383942	0.368421	0.531108	0.602740	0.551193	0.305372	0.516129	0.583333	0.574142	0.629482	0.609032	0.469198	0.385650	0.630893	0.419214	0.584551	0.580505	0.599444	0.328996	0.497166	0.291836	0.497992	0.633745	0.634640	0.564334	0.599428	0.636082	0.178318	0.285987	0.646488	0.565314	0.540789	0.569343	0.594828	0.634761	0.501634	0.594828	0.634860	0.455312	0.608410	0.553585	0.554820	0.285987	0.442722	0.240705	0.404951	0.533679	0.528332	0.439485	0.558140	0.570575	0.646170	0.605683	0.577937	0.634456	0.584502	0.207378	0.636210	0.595924	0.576373	0.573125	0.637405	0.613921	0.305372	0.478966	0.628681	0.621433	0.488163	0.617080	0.473435	0.569556	0.388193	0.453313	0.504013	0.617666	0.366939	0.553846	0.562257	0.311936	0.224806	0.568224	0.600712	0.359161	0.536471	0.614195	0.632640	0.281071	0.203796	0.603616	0.470489	0.439655	0.565789	0.491372	0.646495	0.429565	0.556765	0.119247	0.510187	0.315826	0.555725	0.384201	0.587464	0.500401	0.634900	0.650426	0.619517	0.380180	0.402482	0.644137	0.388541	0.640896	0.631891	0.356490	0.508447	0.645274	0.617333	0.267520	0.438687	0.642424	0.613960	0.421378	0.596421	0.537313	0.154454	0.532819	0.290875	0.356490	0.572894	0.578574	0.620911	0.599145	0.494659	0.055372	0.569940	0.480000	0.362147	0.426458	0.554966	0.455546	0.619685	0.611134	0.354986	0.646713	0.527734	0.629698	0.347426	0.553191	0.549540	0.581606	0.547397	0.620538	0.489256	0.389634	0.543077	0.279426	0.469218	0.450680	0.548901	0.577201	0.363967	0.632757	0.391771	0.249270	0.642579	0.388541	0.450897	0.240705	0.345570	0.631521	0.271154	0.433651	0.388193	0.641463	0.546816	0.637742	0.571952	0.472454	0.333642	0.435009	0.447449	0.310150	0.281071	0.330548	0.547434	0.639955	0.593007	0.599144	0.635607	0.633952	0.484245	0.647971	0.610995	0.529319	0.472362	0.582409	0.646647	0.148301	0.298959	0.476111	0.539906	0.610995	
0.591515	0.659363	0.581240	0.639220	0.520891	0.619289	0.595221	0.056242	0.639758	0.617681	0.607867	0.579491	0.614472	0.624000	0.643226	0.622642	0.646801	0.546917	0.603136	0.627649	0.496248	0.517316	0.626653	0.612195	0.607889	0.214122	0.608504	0.559387	0.553360	0.436902	0.401225	0.575521	0.616125	0.600000	0.525670	0.563346	0.655936	0.508919	0.485190	0.598007	0.633303	0.573585	0.548715	0.391603	0.585018	0.522949	0.545350	0.343319	0.648077	0.343583	0.610048	0.638124	0.407051	0.613483	0.558511	0.628975	0.559085	0.525308	0.551100	0.630077	0.404992	0.509194	0.644425	0.534060	0.623925	0.505747	0.543243	0.641870	0.572559	0.636213	0.616801	0.631579	0.433105	0.642718	0.629672	0.029392	0.555985	0.597285	0.431373	0.647003	0.585551	0.636564	0.525034	0.563226	0.602673	0.578788	0.636166	0.612795	0.300826	0.589365	0.142244	0.597274	0.646042	0.548387	0.618750	0.638889	0.207133	0.532060	0.641543	0.616454	0.602358	0.553888	0.632244	0.071923	0.609539	0.283806	0.618593	0.163252	0.473237	0.616949	0.390625	0.640852	0.482456	0.490028	0.648906	0.602462	0.156564	0.623377	0.526973	0.525127	0.355218	0.469914	0.295191	0.629660	0.069314	0.407152	0.607306	0.613636	0.613155	0.532258	0.412238	0.544101	0.519663	0.636656	0.610526	0.616279	0.283743	0.639511	0.459259	0.623315	0.648515	0.641926	0.652219	0.658754	0.650273	0.586182	0.633279	0.644991	0.263514	0.614499	0.591286	0.495375	0.625561	0.506365	0.521539	0.333333	0.605870	0.497866	0.618740	0.618312	0.337492	0.561473	0.292359	0.551812	0.572745	0.606539	0.599010	0.595895	1.000000	0.617409	0.552020	0.581100	0.645545	0.627848	0.537349	0.299621	0.558862	0.612371	0.647363	0.547554	0.548157	0.605518	0.323372	0.636808	0.494530	0.657116	0.640777	0.648276	0.647781	0.593488	0.497110	0.273114	0.605655	0.620106	0.572796	0.631365	0.628378	0.611111	0.646575	0.650467	0.467202	0.613583	0.647220	0.648107	0.631818	0.380882	0.585176	0.648091	0.613662	0.460472	0.590965	0.570681	0.619273	0.314754	0.587642	0.575307	0.645427	0.213855	0.581230	0.622378	0.375987	0.453055	0.583138	0.398905	0.579853	0.604046	0.513129	0.618143	0.614774	0.606690	0.347267	0.622544	0.269360	0.626007	0.599045	0.284449	0.643932	0.599784	0.647739	0.561769	0.546433	0.601060	0.603636	0.481793	0.435435	0.650558	0.569935	0.647334	0.223965	0.648816	0.646403	0.595208	0.628507	0.574144	0.145259	0.548090	0.455357	0.589175	0.378139	0.593145	0.630359	0.651965	0.599509	0.579821	0.568063	0.545455	0.612756	0.609674	0.494613	0.046407	0.403467	0.609813	0.584498	0.589052	0.626959	0.628849	0.320261	0.637427	0.551539	0.579515	0.548446	0.601705	0.639913	0.595597	0.600227	0.248722	0.633444	0.371925	0.598726	0.623751	0.576874	0.560759	0.314754	0.538141	0.400474	0.418321	0.624535	0.563177	0.634328	0.573316	0.640000	0.572509	0.558511	0.533804	0.621145	0.504249	0.546185	0.625743	0.178907	0.579821	0.251652	0.239181	0.521618	0.613076	0.626977	0.632385	0.461538	0.612865	0.619092	0.632114	0.642284	0.631760	0.605000	0.547945	0.570541	0.568421	0.600760	0.632000	0.653371	0.489146	0.614118	0.177978	0.590698	0.610942	0.628237	0.644068	0.655479	0.638436	0.292359	0.439759	0.609078	0.614433	0.386441	0.631472	0.566586	0.563750	0.610250	0.673287	0.643639	0.559301	0.643799	0.625000	0.431204	0.442771	0.569588	0.386185	0.554960	0.380318	0.617512	0.576923	0.624473	0.649895	0.573664	0.642722	0.489752	0.641414	0.641237	0.336570	0.580692	0.633911	0.635593	0.638254	0.635215	0.550868	0.452663	0.316113	0.630416	0.630872	0.600000	0.637301	0.320249	0.641700	0.529332	0.291714	0.606272	0.619211	0.525140	0.629508	0.416327	0.191114	0.135032	0.441048	0.623529	0.519663	0.615730	0.630058	0.630616	0.441755	0.331169	0.636277	0.584270	0.570323	0.614446	0.605769	0.568210	0.559477	0.634850	0.199650	0.593824	0.193670	0.637838	0.534979	0.642351	0.584687	0.635274	0.626889	0.518118	0.526897	0.549125	0.566327	0.540984	0.602857	0.628264	0.504937	0.603730	0.621520	0.645740	0.162247	0.566624	0.632411	0.639843	0.268758	0.473239	0.612613	0.091329	0.606593	0.434783	0.504937	0.642857	0.436792	0.642249	0.497187	0.617788	0.032039	0.644421	0.591411	0.501401	0.562827	0.650964	0.570352	0.594595	0.479769	0.500000	0.592194	0.622577	0.615509	0.512091	0.638024	0.402038	0.602243	0.393719	0.579387	0.603636	0.547684	0.636066	0.430303	0.585067	0.584071	0.620985	0.633367	0.512605	0.555345	0.526603	0.398754	0.598303	0.546448	0.592875	0.386185	0.213367	0.582922	0.421374	0.559896	0.529332	0.632669	0.621053	0.565445	0.433930	0.583026	0.478386	0.564369	0.290806	0.474227	0.435703	0.491329	0.634850	0.599856	0.644976	0.664700	0.596615	0.651825	0.628502	0.628970	0.655894	0.622577	0.605686	0.636364	0.569126	0.245734	0.461310	0.589109	0.618141	0.663498	
0.591083	0.616183	0.599653	0.622877	0.516224	0.625219	0.560776	0.051979	0.643533	0.635379	0.615770	0.570418	0.607721	0.620359	0.632147	0.603960	0.606721	0.560907	0.608365	0.635121	0.457376	0.495575	0.619300	0.620513	0.622871	0.199118	0.595166	0.602961	0.567455	0.416298	0.450245	0.557692	0.604298	0.576316	0.488584	0.615783	0.647799	0.489818	0.529148	0.630359	0.608121	0.602335	0.533987	0.367442	0.601748	0.536082	0.515671	0.323439	0.640000	0.321138	0.605528	0.637620	0.381107	0.654118	0.561798	0.624542	0.591700	0.529667	0.592087	0.647532	0.387889	0.503748	0.622384	0.559078	0.613398	0.479189	0.517143	0.625971	0.559889	0.604811	0.622437	0.581595	0.411867	0.644444	0.626335	0.027136	0.594301	0.612753	0.405898	0.650841	0.587450	0.603687	0.563662	0.581869	0.607918	0.621875	0.608200	0.627497	0.322124	0.608828	0.131905	0.591917	0.640227	0.562500	0.611290	0.619231	0.192566	0.551227	0.588556	0.602673	0.660694	0.556999	0.624862	0.066512	0.594820	0.304114	0.637264	0.151510	0.453292	0.641420	0.416667	0.634441	0.472050	0.513595	0.638971	0.572707	0.145265	0.622172	0.497385	0.512998	0.332165	0.446933	0.316163	0.606684	0.064093	0.390748	0.610048	0.593750	0.637106	0.579545	0.387889	0.512309	0.514881	0.602464	0.658706	0.629268	0.264583	0.619958	0.481890	0.601147	0.595563	0.633229	0.607104	0.609681	0.608696	0.597753	0.611018	0.581056	0.282609	0.579011	0.653680	0.480588	0.633803	0.533733	0.478542	0.311432	0.647702	0.506787	0.617696	0.619226	0.315369	0.568535	0.313167	0.558382	0.557133	0.625738	0.580729	0.556446	0.617409	1.000000	0.528231	0.586357	0.616495	0.625328	0.538272	0.279564	0.592087	0.651613	0.608414	0.572626	0.532278	0.579554	0.302007	0.601010	0.505593	0.621648	0.636364	0.591071	0.608440	0.643478	0.484663	0.254565	0.581288	0.625414	0.570625	0.605096	0.596154	0.613057	0.604739	0.613592	0.452140	0.628993	0.631977	0.620047	0.611905	0.356525	0.565158	0.620022	0.611958	0.428639	0.605905	0.558011	0.598695	0.333333	0.594954	0.571997	0.619507	0.198867	0.556811	0.621027	0.397976	0.462758	0.619165	0.376639	0.609819	0.572917	0.493289	0.643172	0.585726	0.619105	0.371134	0.664509	0.288809	0.610374	0.621554	0.265249	0.620690	0.656144	0.619100	0.548732	0.554765	0.587041	0.587266	0.540059	0.469649	0.615830	0.546207	0.633625	0.208352	0.607948	0.614572	0.586985	0.613396	0.526658	0.134716	0.567455	0.455696	0.629255	0.355322	0.603687	0.605103	0.642074	0.602067	0.567968	0.577348	0.599190	0.642005	0.621908	0.480880	0.042873	0.378703	0.622549	0.580991	0.588703	0.610687	0.613065	0.342657	0.634888	0.557284	0.551247	0.548407	0.596671	0.623583	0.600243	0.642942	0.266910	0.618772	0.348018	0.562272	0.627178	0.578313	0.554545	0.336842	0.525698	0.380417	0.442276	0.654440	0.629583	0.641473	0.560669	0.612613	0.592297	0.544944	0.508128	0.612903	0.510511	0.557284	0.655670	0.166141	0.567968	0.234363	0.222640	0.522895	0.656215	0.647343	0.613272	0.462264	0.608589	0.644851	0.644068	0.612396	0.632889	0.589474	0.527536	0.543021	0.575000	0.673913	0.643750	0.625864	0.485407	0.634568	0.165272	0.626829	0.578370	0.596370	0.615044	0.606372	0.616162	0.313167	0.467949	0.576169	0.636559	0.362524	0.664550	0.610509	0.541026	0.588235	0.620476	0.605057	0.614980	0.649043	0.607798	0.413432	0.451923	0.595109	0.412060	0.546742	0.355989	0.613527	0.591892	0.632159	0.608315	0.550201	0.609037	0.482911	0.594077	0.608602	0.359862	0.586053	0.647295	0.626106	0.605206	0.608544	0.545802	0.477987	0.295143	0.615655	0.635417	0.630000	0.607595	0.299054	0.647679	0.571429	0.272101	0.616322	0.612789	0.500000	0.603429	0.393361	0.177561	0.125182	0.420444	0.612245	0.529762	0.632941	0.625251	0.611015	0.444444	0.354167	0.623889	0.575558	0.568707	0.625663	0.601010	0.527599	0.557241	0.610918	0.214689	0.603491	0.179954	0.612429	0.545718	0.597677	0.639903	0.625887	0.585045	0.486457	0.528467	0.557610	0.541885	0.534682	0.582353	0.594295	0.532138	0.628362	0.589604	0.589767	0.150572	0.572988	0.612245	0.596527	0.250462	0.440191	0.615566	0.084522	0.632184	0.465710	0.514200	0.644681	0.419698	0.610229	0.483551	0.603535	0.029582	0.611534	0.601290	0.545994	0.582873	0.615213	0.576720	0.578947	0.449902	0.526946	0.562932	0.618877	0.587646	0.497738	0.641975	0.377389	0.641644	0.368728	0.594556	0.588535	0.536023	0.630857	0.438710	0.617761	0.575233	0.628635	0.655567	0.528190	0.532122	0.542569	0.415282	0.573508	0.528902	0.571046	0.408710	0.198409	0.563544	0.439024	0.568681	0.554113	0.595885	0.659341	0.555108	0.409367	0.587322	0.510703	0.573388	0.271245	0.466354	0.431562	0.490798	0.608595	0.570156	0.634826	0.605937	0.586357	0.605725	0.591549	0.610711	0.612648	0.623656	0.579974	0.627155	0.535283	0.263736	0.462025	0.596354	0.593200	0.622530	
0.424878	0.551553	0.600000	0.503597	0.308157	0.602908	0.619024	0.118619	0.528491	0.467163	0.445675	0.644973	0.444444	0.469953	0.531469	0.452545	0.598741	0.343195	0.434843	0.530996	0.626488	0.624287	0.536186	0.429173	0.461853	0.403551	0.621320	0.387329	0.358974	0.614325	0.220810	0.368268	0.435630	0.405405	0.648040	0.414376	0.542500	0.635350	0.296578	0.479788	0.577126	0.601761	0.649408	0.572226	0.438148	0.309434	0.641849	0.526139	0.560146	0.548638	0.438280	0.541903	0.609284	0.478610	0.350515	0.590334	0.389088	0.324607	0.375635	0.497034	0.567638	0.293983	0.593696	0.328358	0.628117	0.651587	0.335810	0.505495	0.357771	0.592265	0.465085	0.455852	0.614023	0.563570	0.479516	0.062955	0.380333	0.611801	0.604336	0.564876	0.391398	0.499339	0.334572	0.628323	0.429671	0.616822	0.510499	0.479626	0.150289	0.625510	0.285970	0.413305	0.582991	0.340741	0.605514	0.576512	0.400072	0.327110	0.605610	0.462900	0.521118	0.327110	0.518328	0.150346	0.629409	0.141079	0.578258	0.324497	0.611132	0.474849	0.202247	0.558877	0.263566	0.287462	0.555220	0.626069	0.312326	0.503268	0.641318	0.611695	0.569143	0.647407	0.147229	0.606729	0.145106	0.571242	0.472335	0.629283	0.491018	0.340741	0.605825	0.650510	0.300455	0.510721	0.553604	0.466576	0.504611	0.530227	0.251366	0.625603	0.619362	0.542732	0.538413	0.547928	0.580986	0.607774	0.608460	0.590596	0.130217	0.475932	0.515924	0.631661	0.476636	0.293983	0.640818	0.547425	0.517949	0.288770	0.605206	0.447823	0.559693	0.642219	0.145695	0.635154	0.648471	0.479571	0.411598	0.636949	0.552020	0.528231	1.000000	0.630435	0.549505	0.604132	0.626655	0.509289	0.375635	0.517766	0.536554	0.613090	0.646853	0.620442	0.517305	0.618321	0.616270	0.575923	0.561125	0.607022	0.566967	0.553242	0.274268	0.491076	0.634872	0.514507	0.639923	0.539043	0.612291	0.616193	0.582011	0.569212	0.625321	0.454795	0.586025	0.494681	0.477793	0.580333	0.370909	0.528254	0.486991	0.624052	0.421053	0.364964	0.638889	0.157895	0.397427	0.647469	0.524383	0.410124	0.651790	0.456284	0.192090	0.245889	0.445205	0.584255	0.414085	0.641206	0.650781	0.517375	0.633780	0.463001	0.175896	0.521297	0.133333	0.467797	0.436288	0.510900	0.545228	0.495760	0.524085	0.644590	0.339511	0.612351	0.639071	0.303030	0.238994	0.571938	0.366156	0.575522	0.421478	0.533925	0.522285	0.397427	0.480962	0.654762	0.291553	0.358974	0.247261	0.565493	0.574532	0.614990	0.465623	0.551850	0.415493	0.387329	0.364964	0.385004	0.471698	0.486957	0.630920	0.098427	0.603690	0.448700	0.390524	0.598003	0.510557	0.621739	0.160920	0.555147	0.344420	0.648804	0.627503	0.423266	0.501309	0.460177	0.475487	0.122381	0.498343	0.586944	0.642893	0.485733	0.391960	0.632205	0.157895	0.311982	0.579350	0.223632	0.568371	0.435630	0.575685	0.356566	0.588838	0.398856	0.350515	0.644993	0.494055	0.292683	0.344420	0.550743	0.352330	0.387329	0.460456	0.446574	0.306878	0.499025	0.577037	0.503947	0.252730	0.461328	0.560237	0.538365	0.602200	0.596273	0.405405	0.323353	0.641986	0.360176	0.553679	0.544209	0.565401	0.272938	0.451923	0.350987	0.454297	0.623309	0.608985	0.517419	0.552193	0.609597	0.145695	0.236220	0.641988	0.530457	0.591230	0.538026	0.590786	0.660925	0.438754	0.551767	0.594534	0.405117	0.588640	0.505929	0.596121	0.236220	0.379161	0.197908	0.343195	0.572983	0.470828	0.383838	0.525097	0.525641	0.653271	0.569712	0.589431	0.612040	0.525381	0.169935	0.643932	0.555961	0.529032	0.528061	0.605689	0.613165	0.252730	0.537584	0.615816	0.609566	0.434302	0.590556	0.539832	0.538269	0.327110	0.513317	0.458078	0.583521	0.305598	0.498356	0.611911	0.373935	0.272539	0.603591	0.557196	0.300455	0.485294	0.574209	0.610619	0.232044	0.166939	0.561784	0.406539	0.376539	0.518565	0.439499	0.638838	0.366156	0.493696	0.096856	0.453039	0.378086	0.510777	0.322097	0.529818	0.453678	0.622322	0.616210	0.641141	0.317055	0.339511	0.655014	0.325859	0.643071	0.622642	0.296578	0.459016	0.641860	0.568274	0.322674	0.375635	0.626403	0.553846	0.482058	0.624269	0.483266	0.188838	0.486807	0.240377	0.296578	0.537201	0.622069	0.594382	0.643499	0.440890	0.068518	0.526518	0.419423	0.303030	0.364964	0.519481	0.400856	0.606811	0.632364	0.295282	0.649140	0.477411	0.614967	0.288770	0.513988	0.601013	0.572238	0.586882	0.628795	0.429071	0.328358	0.494412	0.230648	0.418833	0.396564	0.507792	0.552582	0.303030	0.642890	0.327110	0.205128	0.638614	0.325859	0.387931	0.197908	0.411136	0.627781	0.223632	0.369723	0.327110	0.622246	0.505141	0.657919	0.615854	0.411557	0.276923	0.370909	0.503260	0.256809	0.232044	0.274268	0.488388	0.639237	0.558449	0.558226	0.622530	0.593407	0.427470	0.631523	0.571773	0.472016	0.414134	0.540025	0.657954	0.120805	0.247261	0.414427	0.485657	0.574186	
0.479012	0.582496	0.630051	0.548363	0.368231	0.625954	0.618859	0.096850	0.576394	0.523394	0.497966	0.647857	0.497972	0.521739	0.574797	0.507270	0.603527	0.404930	0.484003	0.576394	0.591042	0.618409	0.572469	0.482645	0.517572	0.347910	0.630559	0.448423	0.421236	0.576637	0.266539	0.430052	0.491400	0.460504	0.604033	0.478803	0.591040	0.618467	0.354868	0.547564	0.605776	0.636735	0.638875	0.540199	0.498781	0.369702	0.625177	0.491520	0.601399	0.491425	0.492659	0.573304	0.541234	0.528125	0.415061	0.616294	0.450297	0.385370	0.441960	0.541122	0.542102	0.351869	0.623937	0.389680	0.644697	0.607639	0.400000	0.558978	0.418118	0.642409	0.519460	0.510843	0.564291	0.601408	0.527887	0.051124	0.443873	0.639860	0.565058	0.609299	0.447837	0.540832	0.396811	0.647598	0.484749	0.636257	0.538226	0.529274	0.182915	0.635321	0.237364	0.474520	0.624580	0.403880	0.637126	0.605442	0.337755	0.388246	0.606140	0.509178	0.571429	0.388246	0.560119	0.123136	0.633067	0.171891	0.624270	0.270375	0.591879	0.538039	0.244660	0.597330	0.316574	0.344322	0.613463	0.647092	0.259919	0.555556	0.619247	0.629338	0.506699	0.587762	0.179255	0.624922	0.118783	0.557699	0.522907	0.630409	0.537685	0.405644	0.552540	0.620787	0.359347	0.554800	0.599303	0.513600	0.440070	0.572886	0.302347	0.637190	0.624220	0.578226	0.565121	0.593862	0.606183	0.644759	0.625307	0.608639	0.158859	0.513106	0.565731	0.614726	0.531981	0.351869	0.589395	0.489349	0.569940	0.345837	0.641278	0.493907	0.492433	0.642595	0.177419	0.641875	0.631744	0.530932	0.470785	0.623405	0.581100	0.586357	0.630435	1.000000	0.582857	0.632381	0.641951	0.462706	0.440241	0.582353	0.564480	0.638024	0.642857	0.637782	0.480247	0.622991	0.607755	0.592902	0.595775	0.605161	0.600414	0.607509	0.329020	0.428503	0.629758	0.555805	0.641123	0.575802	0.621347	0.634638	0.610101	0.609589	0.597051	0.509646	0.606590	0.532609	0.524409	0.526384	0.429681	0.566593	0.537802	0.575010	0.483044	0.428076	0.636473	0.192000	0.453085	0.640165	0.573734	0.347893	0.647028	0.506410	0.232649	0.295947	0.520900	0.549033	0.478405	0.627959	0.597836	0.566517	0.619770	0.518695	0.213439	0.580693	0.162602	0.517871	0.498371	0.447053	0.582552	0.560364	0.562267	0.634855	0.404237	0.631210	0.637960	0.362319	0.287879	0.613915	0.425974	0.608636	0.362249	0.570169	0.576616	0.456467	0.530835	0.622967	0.242132	0.426458	0.297552	0.618326	0.530665	0.643187	0.518755	0.602931	0.480066	0.450128	0.429809	0.445773	0.526814	0.522283	0.613938	0.080206	0.545765	0.512039	0.453696	0.629520	0.559762	0.629310	0.195609	0.594633	0.408091	0.635005	0.630231	0.485549	0.551829	0.518755	0.537313	0.149437	0.535189	0.524413	0.631170	0.545314	0.455395	0.638579	0.192000	0.372637	0.549624	0.269856	0.618008	0.488124	0.612859	0.414996	0.616883	0.456467	0.415061	0.608321	0.543914	0.350365	0.409850	0.588571	0.294654	0.450128	0.401788	0.385666	0.366757	0.554800	0.607509	0.536810	0.303940	0.502811	0.612662	0.576419	0.610192	0.636656	0.458824	0.383929	0.651326	0.422609	0.610264	0.592806	0.605683	0.327475	0.517742	0.293221	0.515200	0.627198	0.613737	0.562219	0.587313	0.634116	0.177419	0.284630	0.637813	0.569118	0.533333	0.583273	0.621240	0.635176	0.496338	0.592699	0.622701	0.473552	0.620825	0.528418	0.569960	0.284630	0.442539	0.239533	0.406690	0.536049	0.519873	0.447863	0.565022	0.559524	0.638254	0.593923	0.594474	0.623574	0.566176	0.206349	0.636670	0.600840	0.548726	0.563609	0.620165	0.641359	0.303940	0.480505	0.629228	0.639697	0.504065	0.594372	0.481667	0.579100	0.390027	0.452734	0.514788	0.624679	0.365280	0.542529	0.557746	0.313399	0.225915	0.572388	0.585816	0.359347	0.542188	0.591036	0.625628	0.279734	0.202783	0.595981	0.461797	0.437768	0.579752	0.489362	0.628773	0.427706	0.534469	0.118626	0.491883	0.317304	0.549049	0.384272	0.566449	0.517572	0.621309	0.627808	0.611880	0.378475	0.400706	0.629213	0.388592	0.644693	0.637116	0.354868	0.516026	0.631763	0.604651	0.268808	0.440241	0.647734	0.581973	0.418505	0.592857	0.524257	0.155246	0.547692	0.289499	0.354868	0.569343	0.574516	0.617647	0.612367	0.490998	0.055672	0.561898	0.474689	0.362319	0.428076	0.545317	0.458685	0.623693	0.600162	0.353370	0.649254	0.530387	0.617936	0.345837	0.555640	0.548606	0.636540	0.547151	0.647317	0.479012	0.391459	0.548659	0.278095	0.478873	0.457240	0.543807	0.588066	0.362319	0.628108	0.388246	0.248062	0.635255	0.388592	0.447279	0.239533	0.347158	0.639734	0.269856	0.428325	0.388246	0.633435	0.577612	0.642336	0.567982	0.480466	0.332103	0.433132	0.450955	0.308700	0.279734	0.329020	0.542215	0.634778	0.599303	0.587065	0.640487	0.604098	0.480595	0.637716	0.596394	0.527230	0.470392	0.564065	0.635047	0.147541	0.297552	0.479132	0.530008	0.608877	
0.589839	0.647059	0.595238	0.634254	0.531429	0.620275	0.581071	0.054326	0.641316	0.630715	0.616322	0.589547	0.608485	0.623104	0.649104	0.633735	0.648264	0.557692	0.609125	0.628983	0.478546	0.506011	0.621762	0.615960	0.613744	0.207401	0.606241	0.583007	0.566802	0.426316	0.425197	0.578667	0.617466	0.590793	0.512965	0.591195	0.639344	0.502119	0.515195	0.598870	0.627197	0.581484	0.542598	0.381245	0.597813	0.527817	0.531232	0.335252	0.643836	0.333557	0.613692	0.643821	0.398709	0.614679	0.553134	0.617594	0.572172	0.546985	0.553642	0.633819	0.398216	0.507983	0.635147	0.547486	0.628073	0.501055	0.548476	0.628386	0.564865	0.618887	0.615746	0.626045	0.424373	0.642292	0.617341	0.028378	0.590250	0.605505	0.422680	0.636980	0.588846	0.629213	0.549237	0.571626	0.608696	0.586790	0.648889	0.618557	0.310051	0.589820	0.137606	0.583016	0.641998	0.550964	0.608558	0.651601	0.200607	0.537063	0.635797	0.629586	0.638251	0.545455	0.640172	0.069492	0.628384	0.292599	0.617829	0.157987	0.470469	0.625144	0.401929	0.630542	0.486486	0.502924	0.638916	0.591343	0.151497	0.635762	0.523236	0.514546	0.344924	0.462428	0.304274	0.615643	0.066968	0.400327	0.627040	0.605223	0.621160	0.537190	0.402271	0.530093	0.533141	0.642623	0.629017	0.634204	0.275173	0.636929	0.480974	0.625905	0.629816	0.641471	0.654048	0.652568	0.637037	0.591010	0.621311	0.632143	0.271777	0.634548	0.623679	0.489627	0.615561	0.525399	0.513059	0.323549	0.623932	0.510949	0.616393	0.619684	0.327609	0.573520	0.301370	0.554341	0.567622	0.616801	0.607595	0.594982	0.645545	0.616495	0.549505	0.582857	1.000000	0.628963	0.537150	0.290653	0.574834	0.628151	0.651212	0.557084	0.540865	0.595616	0.313825	0.629752	0.498343	0.635569	0.650198	0.639229	0.632085	0.603595	0.498516	0.264816	0.603318	0.638619	0.584083	0.643154	0.626072	0.607199	0.635097	0.633080	0.457877	0.612440	0.643188	0.627273	0.638051	0.369265	0.583222	0.643533	0.628571	0.450350	0.586767	0.568365	0.615385	0.324324	0.593548	0.570307	0.632461	0.207141	0.572364	0.619048	0.383740	0.468606	0.610048	0.388342	0.582915	0.591508	0.510497	0.640860	0.614021	0.621908	0.357616	0.623815	0.277778	0.625147	0.612195	0.275862	0.643514	0.618262	0.658092	0.567105	0.557241	0.595549	0.592483	0.511494	0.450617	0.633270	0.586345	0.662226	0.216973	0.654774	0.635707	0.585806	0.634593	0.560256	0.140530	0.569501	0.470948	0.604148	0.368030	0.590634	0.648521	0.641951	0.597990	0.596078	0.573727	0.584535	0.618605	0.633754	0.490937	0.044818	0.391270	0.606205	0.587776	0.586396	0.628328	0.620066	0.329966	0.644841	0.567901	0.570259	0.543438	0.600249	0.637168	0.598817	0.615029	0.256591	0.637288	0.361253	0.593548	0.645527	0.590377	0.559539	0.324324	0.532006	0.392999	0.430141	0.629490	0.607626	0.631879	0.579161	0.632509	0.578065	0.566757	0.526441	0.629213	0.517442	0.567901	0.622984	0.173184	0.596078	0.243914	0.231776	0.532189	0.627322	0.635762	0.647321	0.477204	0.621266	0.622055	0.635611	0.640073	0.629468	0.598465	0.539326	0.561911	0.566038	0.626692	0.637475	0.639614	0.499257	0.608173	0.172282	0.608076	0.599384	0.620865	0.637149	0.643216	0.631405	0.301370	0.448916	0.609792	0.632353	0.375427	0.639090	0.579853	0.561315	0.609013	0.649141	0.638152	0.584930	0.643432	0.633110	0.418143	0.461300	0.580475	0.394184	0.574176	0.369460	0.609412	0.580052	0.638710	0.641026	0.572559	0.646154	0.492375	0.629060	0.632353	0.346667	0.594161	0.637255	0.656587	0.637712	0.626176	0.547051	0.477204	0.306741	0.640207	0.626917	0.613139	0.642517	0.310777	0.651546	0.534266	0.282944	0.626335	0.625436	0.535817	0.617614	0.405428	0.185040	0.130612	0.428697	0.632735	0.524496	0.623853	0.652941	0.616554	0.447900	0.341137	0.633816	0.600255	0.581242	0.634197	0.616708	0.563291	0.570281	0.634202	0.206148	0.618932	0.187524	0.643881	0.556962	0.629515	0.611374	0.633043	0.615012	0.510104	0.534653	0.546207	0.563871	0.543417	0.602026	0.626168	0.503618	0.635714	0.613272	0.621696	0.157012	0.582781	0.622294	0.645355	0.260573	0.458333	0.655172	0.088272	0.616592	0.449923	0.512301	0.638254	0.430580	0.624567	0.491482	0.628993	0.030934	0.639745	0.609787	0.500000	0.579088	0.661572	0.570694	0.598174	0.469388	0.513043	0.587193	0.647264	0.624590	0.519708	0.639650	0.390687	0.599474	0.382568	0.583921	0.609665	0.567039	0.624303	0.454829	0.583229	0.597671	0.626638	0.642930	0.520115	0.563020	0.553846	0.410256	0.594556	0.551821	0.588542	0.397415	0.206667	0.584703	0.433281	0.570667	0.537063	0.622474	0.624464	0.576159	0.424399	0.586164	0.502959	0.577896	0.282059	0.481089	0.451011	0.498516	0.631937	0.598977	0.646543	0.640641	0.580000	0.644344	0.617684	0.625295	0.644101	0.635623	0.601770	0.652632	0.557994	0.253521	0.467890	0.610127	0.637714	0.649903	
0.553971	0.616710	0.618801	0.605556	0.445714	0.649739	0.617685	0.072796	0.623693	0.571984	0.558233	0.627329	0.558000	0.587209	0.599644	0.573134	0.634823	0.489480	0.553753	0.604530	0.538033	0.573566	0.610526	0.556807	0.578999	0.270674	0.640368	0.510638	0.495633	0.505092	0.343210	0.505946	0.564777	0.541275	0.576706	0.550515	0.630756	0.571983	0.443418	0.575472	0.636943	0.611336	0.609836	0.468131	0.557114	0.447489	0.593220	0.418159	0.644946	0.417910	0.559919	0.632689	0.474180	0.584527	0.499450	0.631497	0.514831	0.468468	0.509677	0.602996	0.472548	0.435185	0.640432	0.473625	0.640669	0.563013	0.481605	0.615665	0.504918	0.630419	0.584795	0.577075	0.502210	0.635215	0.592308	0.038199	0.520343	0.637896	0.499401	0.635762	0.524313	0.597183	0.484375	0.625926	0.557143	0.620176	0.606512	0.604962	0.238845	0.637988	0.181744	0.535270	0.641720	0.488346	0.640223	0.656427	0.262109	0.469663	0.625578	0.582353	0.601835	0.474157	0.616637	0.092872	0.639885	0.224868	0.639144	0.207933	0.541744	0.596929	0.316186	0.625210	0.401902	0.428405	0.624172	0.631990	0.199613	0.608696	0.575600	0.582988	0.433956	0.539316	0.234211	0.653959	0.089538	0.483575	0.584705	0.636425	0.597723	0.475028	0.486937	0.590646	0.446490	0.609174	0.613977	0.578171	0.355026	0.626866	0.384615	0.653032	0.639883	0.632582	0.621670	0.625000	0.637450	0.625326	0.636559	0.627027	0.208278	0.573099	0.606601	0.561103	0.575786	0.435185	0.573235	0.407899	0.617462	0.437209	0.642294	0.569138	0.415860	0.624553	0.231884	0.610405	0.619332	0.590038	0.540933	0.629299	0.627848	0.625328	0.604132	0.632381	0.628963	1.000000	0.599890	0.374025	0.509677	0.614020	0.619217	0.596685	0.598151	0.626168	0.398681	0.641155	0.560202	0.627907	0.636900	0.642369	0.629934	0.613636	0.414605	0.342260	0.639574	0.609800	0.617284	0.623354	0.633855	0.637302	0.635783	0.645477	0.539543	0.567755	0.649123	0.604739	0.588235	0.457983	0.511879	0.618117	0.592381	0.526724	0.551230	0.519001	0.636683	0.250326	0.532632	0.611502	0.635398	0.270346	0.622797	0.583251	0.301266	0.379227	0.569733	0.475313	0.539650	0.634653	0.567254	0.615385	0.624294	0.583984	0.277279	0.613879	0.213049	0.576998	0.552764	0.355874	0.623917	0.599631	0.610108	0.620649	0.486667	0.629229	0.627937	0.440873	0.369380	0.640714	0.498915	0.639478	0.282705	0.613475	0.629371	0.534737	0.582061	0.605187	0.185513	0.500000	0.381182	0.621495	0.456545	0.627085	0.578431	0.628333	0.545829	0.529787	0.503800	0.511727	0.583575	0.592734	0.562203	0.060155	0.481633	0.578480	0.531780	0.607978	0.617594	0.644141	0.254876	0.645816	0.488938	0.624010	0.604004	0.554192	0.598703	0.584314	0.588462	0.196237	0.588679	0.449846	0.631847	0.587902	0.531780	0.624064	0.250326	0.460137	0.478988	0.347291	0.639092	0.564777	0.631408	0.498906	0.644223	0.526316	0.503850	0.585576	0.615962	0.438007	0.493363	0.623822	0.227342	0.529787	0.316360	0.301235	0.455378	0.587156	0.623377	0.595705	0.386555	0.569170	0.631068	0.624014	0.638498	0.644478	0.535005	0.473506	0.603624	0.510360	0.622002	0.620570	0.641322	0.412736	0.577954	0.226192	0.572271	0.631365	0.641064	0.617620	0.641026	0.635379	0.231884	0.365408	0.625082	0.612245	0.463727	0.626970	0.618911	0.607854	0.562249	0.628866	0.636905	0.519833	0.642968	0.589336	0.502811	0.365408	0.527331	0.309824	0.482835	0.461538	0.602927	0.520811	0.600905	0.619262	0.618569	0.625514	0.546992	0.636431	0.619343	0.268387	0.638188	0.635983	0.615804	0.607685	0.641369	0.596947	0.388956	0.393664	0.649175	0.655300	0.569709	0.624183	0.397980	0.637555	0.462921	0.364575	0.577603	0.643991	0.458190	0.591418	0.490219	0.242413	0.172716	0.512464	0.628717	0.441887	0.609360	0.635983	0.640177	0.359413	0.263907	0.623140	0.544885	0.512876	0.612281	0.570273	0.605128	0.503254	0.597353	0.156593	0.576577	0.245563	0.600739	0.471783	0.618881	0.575074	0.641509	0.640736	0.573280	0.460317	0.491111	0.609855	0.479190	0.635838	0.644277	0.438799	0.583251	0.633917	0.633648	0.206684	0.518280	0.659634	0.625850	0.337017	0.529952	0.581818	0.117585	0.590440	0.371359	0.436490	0.620932	0.516524	0.652141	0.567235	0.560162	0.041621	0.603943	0.541152	0.443169	0.503800	0.603116	0.535152	0.617864	0.540976	0.441618	0.635423	0.595745	0.639427	0.430233	0.610294	0.477667	0.632219	0.468931	0.618958	0.560081	0.466891	0.598881	0.357405	0.546201	0.531646	0.612282	0.625216	0.436280	0.596087	0.476404	0.320401	0.621260	0.470191	0.532344	0.309824	0.269749	0.621347	0.347291	0.510270	0.467416	0.645892	0.603433	0.605341	0.506592	0.554639	0.415981	0.507559	0.363489	0.394737	0.359413	0.414605	0.601134	0.633420	0.627288	0.625213	0.638730	0.639062	0.554192	0.651934	0.630273	0.582205	0.548654	0.627556	0.601130	0.193809	0.381182	0.545078	0.577143	0.631927	
0.420041	0.524450	0.602410	0.488746	0.302222	0.598677	0.609041	0.121206	0.524954	0.459082	0.429640	0.635971	0.432542	0.459190	0.510319	0.428378	0.584320	0.336720	0.424367	0.529883	0.618776	0.633871	0.517647	0.411846	0.451138	0.412663	0.617234	0.380212	0.350827	0.617065	0.216342	0.361429	0.425154	0.398045	0.624587	0.408304	0.537515	0.632782	0.290828	0.489902	0.574235	0.632601	0.641215	0.593481	0.437203	0.303479	0.638172	0.567305	0.547847	0.536976	0.429155	0.515809	0.574808	0.475690	0.343931	0.571429	0.383369	0.318415	0.368683	0.488658	0.590501	0.288275	0.581592	0.322108	0.618524	0.620581	0.329446	0.504768	0.351079	0.594771	0.454364	0.434432	0.605938	0.542720	0.460726	0.064369	0.373314	0.622063	0.601746	0.552585	0.387051	0.481818	0.328228	0.641527	0.417869	0.620902	0.478710	0.471438	0.147130	0.638469	0.291640	0.403058	0.580012	0.334302	0.616109	0.567757	0.402502	0.320879	0.567400	0.453512	0.511182	0.320879	0.509804	0.153568	0.594971	0.138099	0.594504	0.330206	0.629418	0.471984	0.198113	0.539339	0.258359	0.281859	0.562092	0.627919	0.318422	0.494859	0.622649	0.649189	0.554169	0.614820	0.144130	0.587276	0.148225	0.741028	0.462865	0.609631	0.480052	0.334302	0.601412	0.627418	0.294643	0.499681	0.561717	0.447721	0.496827	0.522924	0.246366	0.606445	0.590022	0.531614	0.500937	0.528302	0.559538	0.645740	0.603209	0.569492	0.127451	0.445037	0.532581	0.650892	0.473753	0.288275	0.600084	0.539290	0.524590	0.283146	0.604278	0.426341	0.547036	0.641895	0.142626	0.641270	0.634124	0.472679	0.405556	0.608313	0.537349	0.538272	0.626655	0.641951	0.537150	0.599890	1.000000	0.528181	0.368683	0.528090	0.505316	0.645437	0.635264	0.605170	0.549987	0.593548	0.647154	0.552710	0.535499	0.575893	0.553519	0.578793	0.268882	0.489081	0.620445	0.502219	0.644391	0.511772	0.574890	0.625519	0.563984	0.566392	0.632497	0.436070	0.572585	0.474510	0.458995	0.563795	0.362598	0.510931	0.472131	0.609660	0.417643	0.358166	0.600632	0.154589	0.388772	0.649839	0.527103	0.412944	0.639412	0.449664	0.188142	0.240982	0.452221	0.588899	0.413555	0.612103	0.621138	0.511392	0.580645	0.452302	0.172249	0.527830	0.130506	0.451699	0.432653	0.516722	0.526703	0.505452	0.499052	0.640553	0.333091	0.617512	0.607872	0.297177	0.234206	0.557377	0.359341	0.560847	0.423592	0.512789	0.532427	0.384561	0.466185	0.621719	0.297315	0.352265	0.242331	0.599204	0.580240	0.634245	0.450836	0.551642	0.409405	0.377385	0.358166	0.377919	0.464901	0.472058	0.643936	0.100597	0.586751	0.448925	0.384778	0.615863	0.512272	0.604502	0.157556	0.550060	0.337926	0.617202	0.651122	0.412939	0.491634	0.453512	0.469967	0.119770	0.472964	0.573027	0.629829	0.480104	0.380550	0.645570	0.154589	0.305987	0.597977	0.219114	0.567916	0.426521	0.562207	0.349892	0.583614	0.391579	0.343931	0.626661	0.474026	0.286996	0.336476	0.535932	0.358106	0.377385	0.470638	0.456795	0.300964	0.498403	0.563562	0.474774	0.247706	0.441157	0.573933	0.527228	0.561323	0.588759	0.395251	0.317181	0.645248	0.353448	0.564133	0.537990	0.555490	0.267574	0.438596	0.357678	0.454424	0.605749	0.592674	0.500000	0.527660	0.608602	0.142626	0.231481	0.621622	0.523096	0.578035	0.525665	0.606093	0.633513	0.429640	0.533252	0.591534	0.394976	0.596947	0.477979	0.616526	0.231481	0.370739	0.193853	0.336720	0.582309	0.449333	0.372521	0.506329	0.503153	0.623269	0.546746	0.620274	0.575824	0.511860	0.166400	0.637624	0.554491	0.500000	0.505646	0.588235	0.652406	0.247706	0.538620	0.598121	0.605263	0.436141	0.533255	0.545549	0.528395	0.320879	0.514437	0.446082	0.595106	0.299703	0.482224	0.597664	0.380968	0.277987	0.617385	0.530266	0.294643	0.467806	0.549701	0.596510	0.227378	0.163462	0.548368	0.393580	0.368159	0.530031	0.423497	0.633184	0.356478	0.469667	0.094763	0.426052	0.383502	0.485549	0.315944	0.523780	0.455154	0.584444	0.597141	0.638452	0.310980	0.333091	0.629091	0.319648	0.633858	0.626680	0.290828	0.451007	0.621112	0.573555	0.328932	0.368683	0.611492	0.531799	0.477451	0.619841	0.468421	0.192799	0.485084	0.235566	0.290828	0.523573	0.604921	0.591362	0.636258	0.418033	0.070053	0.506600	0.407740	0.297177	0.358166	0.489144	0.393557	0.626273	0.613737	0.289552	0.631728	0.454606	0.604278	0.283146	0.491363	0.588568	0.601898	0.601912	0.636364	0.421414	0.322108	0.484809	0.226006	0.407177	0.387913	0.496807	0.532762	0.297177	0.629010	0.320879	0.200942	0.613881	0.319648	0.382228	0.193853	0.413211	0.617862	0.219114	0.362857	0.320879	0.610493	0.514539	0.636111	0.607119	0.408304	0.271493	0.364026	0.517399	0.251716	0.227378	0.268882	0.470972	0.623081	0.548599	0.519102	0.634146	0.569801	0.411562	0.620905	0.541568	0.453280	0.402498	0.508750	0.639644	0.118227	0.242331	0.400000	0.459016	0.548694	
0.192689	0.287643	0.378093	0.245941	0.130727	0.372664	0.442389	0.282095	0.281084	0.218082	0.200494	0.470436	0.202711	0.220256	0.268843	0.205475	0.353837	0.147348	0.194926	0.281084	0.564743	0.550459	0.277023	0.189885	0.213170	0.619656	0.444916	0.168864	0.154965	0.607956	0.090969	0.160202	0.196042	0.178583	0.532062	0.185945	0.282602	0.558366	0.125321	0.235330	0.334095	0.434013	0.524043	0.646227	0.201603	0.131326	0.535075	0.657239	0.305547	0.598703	0.198827	0.276005	0.588283	0.228363	0.150872	0.349646	0.171160	0.138481	0.163098	0.239590	0.637610	0.124116	0.352908	0.140261	0.413905	0.552235	0.143812	0.255383	0.154382	0.382035	0.216993	0.209331	0.608237	0.300612	0.224589	0.156081	0.165409	0.433896	0.607286	0.310944	0.172306	0.237995	0.143221	0.481635	0.191569	0.432447	0.243300	0.228901	0.060505	0.443971	0.528972	0.182555	0.334095	0.146171	0.414879	0.325007	0.570730	0.139668	0.353837	0.213717	0.251199	0.139668	0.259547	0.348706	0.396703	0.056629	0.358469	0.530115	0.575193	0.225669	0.082813	0.302095	0.110139	0.121095	0.310944	0.450317	0.537184	0.246468	0.533622	0.541926	0.612800	0.577274	0.059215	0.383380	0.338285	0.636513	0.220799	0.428687	0.232121	0.146171	0.620012	0.525428	0.127127	0.251199	0.308005	0.212075	0.616993	0.276514	0.104613	0.405022	0.386169	0.284118	0.269870	0.291154	0.333619	0.450503	0.396594	0.352443	0.052087	0.216993	0.267300	0.579444	0.229439	0.124116	0.512066	0.602880	0.262139	0.121700	0.396594	0.201603	0.618462	0.493374	0.058569	0.507545	0.486996	0.226748	0.183121	0.451782	0.299621	0.279564	0.509289	0.462706	0.290653	0.374025	0.528181	1.000000	0.163098	0.270382	0.268843	0.486194	0.526316	0.438568	0.661412	0.392178	0.570078	0.308986	0.300612	0.362054	0.314847	0.322599	0.115024	0.617480	0.432880	0.257467	0.478531	0.276514	0.373571	0.421195	0.332190	0.320184	0.605042	0.208781	0.333143	0.232657	0.222967	0.598589	0.160782	0.269870	0.229976	0.576435	0.189323	0.157878	0.406105	0.063724	0.174593	0.499747	0.271919	0.593897	0.492908	0.210978	0.078393	0.102147	0.208781	0.626210	0.186509	0.445207	0.537934	0.259027	0.405243	0.215902	0.071405	0.268843	0.053387	0.216993	0.199938	0.659465	0.284118	0.248048	0.260584	0.495813	0.145582	0.424812	0.446268	0.128329	0.099055	0.323081	0.158460	0.319700	0.591449	0.270895	0.279056	0.174593	0.228901	0.490831	0.525316	0.154965	0.102764	0.347309	0.640579	0.440587	0.213717	0.307023	0.186509	0.168864	0.157878	0.167714	0.221884	0.227825	0.579504	0.237589	0.608784	0.209880	0.171160	0.422703	0.263690	0.394831	0.065008	0.298629	0.147937	0.472858	0.524233	0.190447	0.245414	0.213717	0.224589	0.048829	0.235330	0.613509	0.453878	0.234262	0.171160	0.509164	0.063724	0.132522	0.634650	0.092217	0.323081	0.196042	0.321151	0.153797	0.358007	0.174593	0.150872	0.519493	0.237995	0.123512	0.147937	0.290653	0.542398	0.168864	0.654747	0.638711	0.130128	0.251199	0.322599	0.241182	0.105229	0.209331	0.324526	0.277532	0.344495	0.364910	0.178583	0.137887	0.512961	0.155549	0.311433	0.285630	0.311921	0.114415	0.206579	0.577821	0.212075	0.425383	0.379444	0.256947	0.292155	0.392729	0.058569	0.097815	0.438843	0.270382	0.613681	0.278040	0.398133	0.503123	0.200494	0.289150	0.374930	0.179151	0.351977	0.240121	0.632601	0.097815	0.164832	0.080921	0.147348	0.630631	0.216448	0.167138	0.259027	0.262139	0.480569	0.314360	0.556260	0.375383	0.270382	0.068851	0.453706	0.304563	0.256947	0.266270	0.374930	0.514570	0.105229	0.634129	0.370391	0.377191	0.201048	0.318732	0.666310	0.279564	0.139668	0.634048	0.212623	0.365368	0.129529	0.241712	0.606223	0.609355	0.519169	0.610697	0.295647	0.127127	0.228363	0.304563	0.381692	0.095953	0.067572	0.311921	0.179151	0.164254	0.277023	0.196600	0.503374	0.158460	0.234262	0.038332	0.202157	0.569057	0.246995	0.137292	0.279056	0.213170	0.366284	0.402732	0.547037	0.134910	0.145582	0.490557	0.139075	0.453852	0.420513	0.125321	0.210978	0.431404	0.341671	0.542396	0.163098	0.406216	0.295149	0.604689	0.574895	0.227287	0.414232	0.239058	0.099674	0.125321	0.275495	0.600383	0.369024	0.579165	0.196600	0.169155	0.264723	0.187073	0.128329	0.157878	0.251723	0.176305	0.435877	0.568430	0.124719	0.481872	0.221341	0.396594	0.121700	0.250150	0.611100	0.362156	0.636617	0.471477	0.192689	0.140261	0.241712	0.095331	0.188199	0.173450	0.251723	0.286134	0.128329	0.497490	0.139668	0.084072	0.456379	0.139075	0.170586	0.080921	0.586345	0.460733	0.092217	0.160202	0.139668	0.402952	0.260066	0.489443	0.592125	0.185945	0.116242	0.160782	0.670259	0.107073	0.095953	0.115024	0.234262	0.449604	0.308005	0.294152	0.459566	0.345434	0.190447	0.418517	0.311433	0.221341	0.183686	0.269356	0.502988	0.048177	0.102764	0.183121	0.229976	0.311433	
0.603509	0.576769	0.500532	0.595808	0.587473	0.519957	0.429840	0.028741	0.586957	0.629870	0.640411	0.427379	0.622449	0.619355	0.592697	0.586847	0.523702	0.631365	0.616725	0.578804	0.297018	0.325173	0.576923	0.637168	0.616145	0.113946	0.458070	0.662879	0.630952	0.253549	0.618090	0.619883	0.600694	0.590826	0.337020	0.645161	0.584574	0.313749	0.647577	0.614198	0.542654	0.467290	0.365303	0.219027	0.621160	0.612069	0.350949	0.190722	0.573248	0.189258	0.636833	0.586777	0.231147	0.623622	0.643863	0.519954	0.627820	0.613445	0.644788	0.609756	0.232391	0.575221	0.522624	0.663883	0.484375	0.312236	0.585567	0.597668	0.632207	0.501581	0.628664	0.593333	0.249398	0.572903	0.633758	0.014919	0.632184	0.468721	0.247728	0.557789	0.647940	0.597243	0.657025	0.425497	0.637324	0.467606	0.576169	0.635220	0.491429	0.462238	0.074297	0.644928	0.556872	0.617587	0.489756	0.545455	0.110025	0.635983	0.510158	0.588816	0.613569	0.627615	0.602305	0.036900	0.490835	0.476744	0.535714	0.085733	0.297018	0.634921	0.561039	0.578406	0.582751	0.639821	0.570352	0.442274	0.082079	0.606876	0.343958	0.341689	0.196286	0.281675	0.465517	0.491597	0.035538	0.234814	0.618357	0.465728	0.632399	0.638037	0.232391	0.347418	0.595186	0.566372	0.579747	0.608264	0.153800	0.585970	0.600000	0.489066	0.495298	0.574124	0.577031	0.560847	0.538553	0.458929	0.492370	0.518686	0.462908	0.583062	0.620592	0.306328	0.609105	0.637168	0.343203	0.183104	0.609442	0.616071	0.500509	0.638225	0.185597	0.407583	0.478386	0.393020	0.405063	0.642405	0.618445	0.438687	0.558862	0.592087	0.375635	0.440241	0.574834	0.509677	0.368683	0.163098	1.000000	0.615385	0.564607	0.417420	0.362999	0.456722	0.177155	0.487153	0.329307	0.558081	0.572903	0.497238	0.549751	0.551220	0.604119	0.147620	0.453627	0.591304	0.423841	0.561210	0.501615	0.474544	0.526190	0.557055	0.277897	0.614357	0.551069	0.600311	0.624000	0.211948	0.618677	0.563025	0.601881	0.271488	0.641844	0.612967	0.480712	0.478873	0.635688	0.400929	0.601671	0.113796	0.400000	0.613599	0.529101	0.586538	0.641068	0.225022	0.644007	0.439327	0.329307	0.617605	0.472112	0.624183	0.512262	0.617978	0.466077	0.609121	0.641509	0.154213	0.584906	0.630952	0.591954	0.399065	0.635246	0.467167	0.448214	0.618736	0.569343	0.552984	0.592157	0.542998	0.119493	0.583799	0.571038	0.628253	0.600629	0.390023	0.075931	0.634921	0.580336	0.532110	0.211170	0.463661	0.628289	0.571066	0.647585	0.598485	0.648330	0.657795	0.629213	0.599369	0.305785	0.023656	0.226894	0.625624	0.616541	0.470250	0.578348	0.492339	0.509804	0.583658	0.630081	0.411717	0.373737	0.621908	0.584708	0.621711	0.646497	0.427711	0.574074	0.206457	0.431779	0.606811	0.624060	0.390943	0.495775	0.622318	0.227492	0.585000	0.567600	0.652778	0.570379	0.641434	0.534078	0.646840	0.611670	0.358230	0.588055	0.634146	0.605691	0.580132	0.094336	0.598485	0.135248	0.128123	0.623377	0.613569	0.536585	0.606980	0.584323	0.600000	0.558252	0.598080	0.526559	0.529670	0.623853	0.606316	0.379616	0.621782	0.577164	0.582550	0.553885	0.587156	0.635294	0.093824	0.651240	0.467484	0.503185	0.595065	0.562005	0.495375	0.495677	0.601467	0.448245	0.601399	0.215833	0.605479	0.487805	0.385130	0.616438	0.574468	0.515021	0.633700	0.546485	0.581431	0.249278	0.586797	0.625720	0.560209	0.594705	0.211601	0.613377	0.613333	0.594517	0.583691	0.398749	0.550436	0.323952	0.510182	0.576224	0.506887	0.444837	0.572158	0.583454	0.582744	0.512876	0.381724	0.617577	0.172840	0.522777	0.522946	0.632479	0.544335	0.175296	0.603001	0.652720	0.158458	0.636964	0.529089	0.603037	0.587879	0.235991	0.101093	0.070400	0.254545	0.546405	0.634573	0.604724	0.551724	0.504752	0.571429	0.531856	0.551378	0.641026	0.634615	0.598901	0.610052	0.381236	0.615686	0.613003	0.360759	0.609881	0.102513	0.594030	0.628692	0.571038	0.645799	0.519168	0.477046	0.324969	0.608511	0.639344	0.389947	0.595388	0.448908	0.473734	0.629956	0.643449	0.465549	0.518605	0.085183	0.652510	0.491089	0.554974	0.145098	0.276267	0.616114	0.047087	0.619847	0.626214	0.612335	0.590345	0.254046	0.500544	0.304706	0.596187	0.016273	0.582386	0.617857	0.644880	0.640472	0.583211	0.621072	0.456825	0.284459	0.622517	0.420796	0.601286	0.476094	0.593750	0.600592	0.225512	0.524336	0.219864	0.433531	0.624561	0.609603	0.603030	0.558025	0.622776	0.623134	0.594993	0.584450	0.627451	0.387632	0.619247	0.563307	0.431406	0.599581	0.598870	0.575916	0.113522	0.435456	0.565000	0.635478	0.631799	0.494000	0.618705	0.403771	0.247728	0.637993	0.624146	0.630350	0.157927	0.608491	0.546798	0.617849	0.606811	0.445230	0.559494	0.545932	0.426483	0.536866	0.618375	0.480695	0.549561	0.614148	0.602888	0.563815	0.381443	0.416918	0.575540	0.632911	0.579937	0.554580	
0.602347	0.642706	0.595070	0.615029	0.533333	0.615658	0.542706	0.050055	0.643087	0.649446	0.627401	0.569176	0.629299	0.638923	0.664466	0.600000	0.609418	0.575581	0.619974	0.628081	0.454405	0.483799	0.627027	0.601050	0.616915	0.192283	0.586524	0.617931	0.579173	0.401786	0.457143	0.585915	0.602846	0.587601	0.484429	0.635762	0.651709	0.474026	0.552995	0.650888	0.607109	0.598264	0.525077	0.355972	0.620690	0.553707	0.505678	0.313079	0.631365	0.310838	0.627249	0.621885	0.369975	0.644231	0.576369	0.614525	0.609053	0.552749	0.604196	0.640094	0.375103	0.508475	0.621647	0.568047	0.606061	0.467672	0.533724	0.638732	0.582857	0.614311	0.631319	0.594730	0.400176	0.635802	0.644848	0.026119	0.600834	0.611987	0.397727	0.622356	0.604651	0.609412	0.578561	0.576512	0.627451	0.592710	0.606977	0.643457	0.332724	0.595679	0.127214	0.611482	0.635927	0.571429	0.587561	0.622309	0.185933	0.568889	0.590951	0.621118	0.658286	0.539259	0.648709	0.064067	0.597116	0.314233	0.633120	0.146177	0.447192	0.648126	0.426117	0.625641	0.488818	0.540373	0.638469	0.571429	0.140135	0.635104	0.495596	0.504378	0.321580	0.441061	0.326606	0.595300	0.061734	0.377861	0.623472	0.591125	0.648391	0.603499	0.375103	0.503555	0.532110	0.612571	0.658561	0.620948	0.255820	0.621212	0.486224	0.601829	0.584055	0.621938	0.612514	0.616999	0.615385	0.584662	0.606780	0.585185	0.292135	0.596794	0.657837	0.472458	0.645084	0.545455	0.475342	0.301388	0.642857	0.524031	0.598305	0.620690	0.305221	0.567327	0.323529	0.545215	0.540726	0.641737	0.602667	0.550554	0.612371	0.651613	0.517766	0.582353	0.628151	0.614020	0.528090	0.270382	0.615385	1.000000	0.605061	0.558699	0.518473	0.579891	0.292214	0.588034	0.488136	0.624874	0.639918	0.593466	0.625375	0.641101	0.504732	0.246087	0.566096	0.635851	0.563701	0.621212	0.596803	0.596123	0.603664	0.628458	0.438622	0.625628	0.644851	0.628571	0.625304	0.345324	0.585091	0.610318	0.620359	0.420903	0.620237	0.580737	0.584437	0.347826	0.606803	0.557421	0.651366	0.192040	0.547411	0.615000	0.406957	0.482871	0.610553	0.364946	0.613757	0.561086	0.479096	0.642697	0.582848	0.622991	0.375887	0.662266	0.298507	0.606658	0.625641	0.256468	0.630458	0.644419	0.636058	0.547297	0.563504	0.584323	0.574032	0.551829	0.476974	0.612967	0.565771	0.613254	0.201236	0.617744	0.628633	0.590476	0.617047	0.534211	0.129933	0.584879	0.488599	0.621141	0.344151	0.599688	0.621118	0.641624	0.603175	0.593103	0.583569	0.625173	0.634146	0.613718	0.469593	0.041278	0.366935	0.629073	0.600823	0.602098	0.609566	0.591837	0.353791	0.621901	0.577649	0.552595	0.540745	0.615990	0.648148	0.631056	0.659394	0.275992	0.610651	0.337029	0.562362	0.635824	0.598080	0.542707	0.347826	0.533937	0.368634	0.462312	0.648330	0.636481	0.625247	0.566524	0.626374	0.606803	0.570605	0.496652	0.628235	0.533951	0.566038	0.636555	0.160338	0.593103	0.226471	0.215094	0.534143	0.644571	0.627335	0.614486	0.485437	0.597240	0.632713	0.647948	0.622766	0.634146	0.592992	0.544643	0.537718	0.575499	0.661972	0.643312	0.635176	0.511848	0.633838	0.159496	0.628429	0.589825	0.589991	0.636569	0.621990	0.603419	0.323529	0.481848	0.562691	0.651316	0.351174	0.662352	0.602879	0.527886	0.599232	0.621707	0.611160	0.627187	0.632067	0.608899	0.400879	0.465347	0.579387	0.411054	0.555233	0.344802	0.602469	0.590028	0.631461	0.625000	0.532520	0.608000	0.476615	0.594690	0.625000	0.371429	0.577444	0.636735	0.627540	0.610619	0.598760	0.539254	0.498382	0.285535	0.604111	0.617284	0.631714	0.596630	0.289340	0.643011	0.577778	0.263128	0.635118	0.626354	0.519757	0.599767	0.380435	0.171396	0.120715	0.407706	0.619543	0.553517	0.625000	0.610204	0.613636	0.464345	0.365591	0.613065	0.602961	0.588563	0.652973	0.604651	0.527273	0.579915	0.604982	0.222222	0.612245	0.173714	0.625144	0.557377	0.607104	0.651741	0.612613	0.587156	0.476829	0.548726	0.557664	0.529801	0.534125	0.573770	0.593248	0.543779	0.622500	0.580645	0.597919	0.145269	0.595804	0.603148	0.605619	0.242102	0.432432	0.628916	0.081443	0.633803	0.489327	0.528418	0.635575	0.406082	0.607527	0.468108	0.612403	0.028475	0.632630	0.602378	0.545732	0.586402	0.609589	0.582656	0.587127	0.444004	0.547692	0.556022	0.632479	0.596610	0.517829	0.627721	0.365678	0.644868	0.357227	0.570392	0.597132	0.547337	0.630105	0.455150	0.635046	0.605730	0.632420	0.646872	0.548780	0.529219	0.557037	0.424658	0.554572	0.540059	0.579670	0.424870	0.191597	0.571008	0.455611	0.577465	0.554074	0.603175	0.645740	0.546939	0.395979	0.603974	0.528302	0.582278	0.262295	0.495974	0.470978	0.514196	0.609727	0.576373	0.626140	0.602711	0.577941	0.595305	0.608126	0.600162	0.617706	0.622711	0.585885	0.613187	0.526045	0.272727	0.482085	0.592000	0.594012	0.623742	
0.573298	0.646872	0.587820	0.642691	0.523592	0.619090	0.584848	0.049734	0.630108	0.617284	0.606684	0.568966	0.608696	0.611794	0.615894	0.635324	0.620370	0.554745	0.601562	0.612903	0.449948	0.484611	0.620390	0.619236	0.616729	0.191139	0.583269	0.542936	0.581662	0.404113	0.432432	0.571429	0.612987	0.608931	0.497978	0.577128	0.645230	0.476965	0.496914	0.555819	0.622351	0.544304	0.531017	0.354045	0.592308	0.525836	0.510180	0.310653	0.643514	0.309110	0.609032	0.656522	0.371253	0.603136	0.561505	0.606909	0.542700	0.540299	0.556180	0.623529	0.369790	0.535604	0.634508	0.555721	0.599343	0.477064	0.556701	0.622727	0.582496	0.608924	0.621287	0.654912	0.397182	0.635707	0.615572	0.025949	0.594972	0.569170	0.395624	0.634343	0.582418	0.639906	0.542773	0.556348	0.598425	0.575060	0.641774	0.621687	0.334559	0.566125	0.126430	0.581769	0.624277	0.544656	0.597211	0.631992	0.184823	0.532738	0.627778	0.608479	0.596330	0.565476	0.628378	0.063659	0.607143	0.312268	0.590826	0.145285	0.447884	0.601942	0.417962	0.625514	0.497592	0.511700	0.626263	0.577273	0.139277	0.618772	0.496471	0.487719	0.319802	0.441712	0.328413	0.617801	0.061341	0.374167	0.618405	0.595711	0.626794	0.521230	0.373917	0.517507	0.546851	0.635321	0.589431	0.633292	0.254351	0.649294	0.482085	0.618333	0.620330	0.649573	0.647577	0.642105	0.636451	0.563166	0.604928	0.633240	0.293785	0.655941	0.595792	0.459416	0.584838	0.520124	0.497619	0.299702	0.613662	0.526480	0.603229	0.623077	0.303518	0.547945	0.325323	0.539683	0.563786	0.607748	0.607764	0.579882	0.647363	0.608414	0.536554	0.564480	0.651212	0.619217	0.505316	0.268843	0.564607	0.605061	1.000000	0.523033	0.520666	0.573438	0.290571	0.620394	0.464063	0.640974	0.643963	0.631483	0.621242	0.571992	0.516640	0.244666	0.592362	0.626697	0.562054	0.644951	0.619768	0.582996	0.634429	0.630327	0.432459	0.605296	0.640927	0.647551	0.637363	0.343442	0.581921	0.645374	0.634615	0.428164	0.577836	0.583215	0.615768	0.349727	0.598361	0.543742	0.631579	0.190898	0.555256	0.619824	0.409091	0.478689	0.582598	0.362981	0.573705	0.583522	0.487832	0.620068	0.601002	0.637717	0.385027	0.602649	0.300188	0.633663	0.589447	0.254996	0.643162	0.591224	0.651685	0.545701	0.574780	0.587302	0.576865	0.511485	0.462810	0.644335	0.576705	0.638889	0.200044	0.650549	0.647948	0.595628	0.636145	0.551088	0.129133	0.561605	0.484452	0.585366	0.342274	0.563622	0.635910	0.629328	0.602922	0.637119	0.566145	0.550000	0.616891	0.635266	0.462924	0.041012	0.365765	0.593711	0.589532	0.563107	0.638393	0.612106	0.352087	0.634197	0.565598	0.567814	0.516456	0.605263	0.624855	0.600998	0.603406	0.277567	0.638955	0.335183	0.575444	0.630952	0.592287	0.535879	0.349727	0.545455	0.365844	0.444444	0.606897	0.584416	0.615232	0.574713	0.618916	0.592896	0.578871	0.509756	0.639906	0.539535	0.588921	0.630137	0.159367	0.637119	0.225149	0.213831	0.564024	0.596330	0.621302	0.654162	0.497561	0.627204	0.607073	0.626219	0.637736	0.605072	0.592693	0.556054	0.531008	0.569385	0.591322	0.628328	0.641129	0.514286	0.610900	0.158530	0.578223	0.584861	0.619718	0.650057	0.653361	0.616967	0.325323	0.457711	0.593103	0.620462	0.349268	0.625541	0.551783	0.539311	0.627249	0.659619	0.602131	0.556757	0.618959	0.639248	0.396127	0.477612	0.595804	0.413194	0.560584	0.342922	0.636927	0.575800	0.626832	0.651736	0.556687	0.643932	0.455103	0.617569	0.631463	0.362657	0.575735	0.632549	0.636467	0.652608	0.616341	0.517086	0.478049	0.283924	0.637993	0.613616	0.613607	0.646123	0.287710	0.638619	0.526786	0.261623	0.605000	0.595475	0.564885	0.632319	0.379238	0.170365	0.119968	0.403769	0.638165	0.513057	0.636912	0.642784	0.615250	0.453333	0.363964	0.631048	0.608108	0.602241	0.583514	0.609598	0.538712	0.579545	0.638095	0.223529	0.627401	0.172670	0.634259	0.559880	0.645788	0.576779	0.621500	0.607023	0.484340	0.536145	0.557185	0.545455	0.542474	0.585512	0.602740	0.496914	0.602258	0.602524	0.618596	0.144382	0.587079	0.616279	0.647182	0.240701	0.430159	0.643289	0.080929	0.591284	0.468647	0.533951	0.631121	0.401254	0.632525	0.463569	0.627756	0.028290	0.634744	0.594164	0.511485	0.566145	0.641466	0.546939	0.568057	0.441687	0.510046	0.565614	0.625000	0.610025	0.532710	0.634483	0.363709	0.581056	0.355294	0.552727	0.612565	0.570579	0.625293	0.474124	0.579365	0.594521	0.643757	0.634043	0.505360	0.538158	0.565476	0.430293	0.588322	0.554396	0.598621	0.409722	0.190456	0.561947	0.447811	0.579915	0.550595	0.614740	0.609674	0.550784	0.396499	0.593085	0.508689	0.564972	0.260794	0.485437	0.470000	0.507132	0.650000	0.580694	0.623984	0.635983	0.560059	0.630885	0.631579	0.603252	0.641776	0.622549	0.604278	0.654906	0.539948	0.274286	0.481178	0.629183	0.644231	0.635721	
0.463357	0.559392	0.627595	0.516459	0.351119	0.607626	0.583014	0.102339	0.556098	0.498859	0.475448	0.618872	0.478632	0.492798	0.555634	0.465944	0.576656	0.384874	0.468185	0.554704	0.578797	0.619546	0.550806	0.458861	0.485452	0.364538	0.628319	0.431948	0.399002	0.582057	0.253418	0.404290	0.454902	0.427653	0.600179	0.475736	0.553547	0.611064	0.338248	0.525612	0.581983	0.661391	0.630137	0.563316	0.482490	0.352537	0.621609	0.521230	0.563342	0.489523	0.468750	0.543158	0.538776	0.514243	0.391304	0.591371	0.437043	0.364255	0.419063	0.523985	0.568989	0.335361	0.592546	0.373514	0.627974	0.592027	0.373311	0.534296	0.399334	0.598301	0.493526	0.474211	0.576369	0.573948	0.500377	0.054095	0.422604	0.641808	0.566308	0.567224	0.431468	0.502959	0.378698	0.653382	0.462510	0.631519	0.505140	0.509363	0.173499	0.654060	0.249772	0.446043	0.606610	0.382155	0.617169	0.569554	0.352876	0.370433	0.570347	0.483550	0.546115	0.372133	0.542714	0.130013	0.597264	0.162991	0.618182	0.284231	0.602538	0.513168	0.232472	0.570074	0.301418	0.328098	0.587291	0.612603	0.273324	0.521930	0.604989	0.624831	0.512882	0.593381	0.170010	0.591157	0.125434	0.574182	0.503030	0.621315	0.519016	0.385522	0.558743	0.600913	0.342561	0.519971	0.597717	0.480061	0.450947	0.544180	0.287757	0.600587	0.591787	0.551006	0.527955	0.555326	0.573281	0.646509	0.608799	0.567636	0.150579	0.476771	0.573864	0.629289	0.511976	0.335361	0.561098	0.498866	0.556509	0.329555	0.601665	0.479377	0.502579	0.633079	0.168260	0.640555	0.626592	0.518407	0.442492	0.605277	0.547554	0.572626	0.613090	0.638024	0.557084	0.596685	0.645437	0.486194	0.417420	0.558699	0.523033	1.000000	0.628410	0.615126	0.506210	0.598086	0.640845	0.552649	0.559023	0.564838	0.570858	0.618828	0.313380	0.438688	0.600671	0.534197	0.640797	0.531557	0.581081	0.612644	0.553606	0.577279	0.611783	0.489985	0.582738	0.503726	0.498489	0.528794	0.407255	0.543524	0.507105	0.578443	0.460808	0.405629	0.600000	0.182163	0.431690	0.648920	0.547636	0.364502	0.615385	0.479263	0.220984	0.281614	0.489985	0.558481	0.464229	0.607221	0.603873	0.543103	0.581327	0.488177	0.202627	0.571226	0.154143	0.485910	0.477379	0.466732	0.549618	0.541211	0.530466	0.632694	0.382477	0.603966	0.615723	0.345423	0.273874	0.573684	0.406948	0.572373	0.376639	0.530035	0.545073	0.433306	0.500375	0.599407	0.254753	0.400665	0.283154	0.621260	0.546320	0.642777	0.475899	0.577001	0.453100	0.422168	0.410596	0.427755	0.509834	0.508627	0.635186	0.084794	0.556003	0.495385	0.422421	0.642160	0.532477	0.603099	0.185606	0.567347	0.382872	0.608921	0.646523	0.456917	0.522694	0.489671	0.507913	0.141610	0.503341	0.531172	0.597738	0.518959	0.424045	0.647233	0.182163	0.355365	0.569220	0.256597	0.593421	0.481569	0.576517	0.396336	0.602258	0.434923	0.394649	0.598601	0.507396	0.332174	0.386230	0.566713	0.309532	0.422168	0.421285	0.403205	0.349699	0.543210	0.589862	0.505155	0.289286	0.472671	0.741957	0.560224	0.580192	0.617775	0.443730	0.366269	0.629323	0.400332	0.602941	0.566482	0.574482	0.311894	0.485317	0.308039	0.496933	0.617045	0.592322	0.520173	0.546328	0.604067	0.168260	0.270758	0.600000	0.557284	0.537593	0.568230	0.616756	0.620352	0.467654	0.545830	0.605763	0.446586	0.605946	0.507375	0.590565	0.270758	0.421311	0.227567	0.384874	0.541468	0.483232	0.416667	0.531609	0.522175	0.605662	0.568575	0.610096	0.591912	0.538897	0.195857	0.629913	0.578947	0.531700	0.524893	0.584917	0.652724	0.289286	0.490260	0.597162	0.625917	0.476636	0.563865	0.508484	0.562849	0.372133	0.468246	0.495019	0.609938	0.346552	0.523915	0.563234	0.329040	0.237806	0.591075	0.556011	0.342561	0.505247	0.554656	0.591738	0.266063	0.192453	0.575818	0.441767	0.408532	0.560617	0.460815	0.618022	0.406948	0.499628	0.112315	0.472784	0.333102	0.517166	0.363171	0.545073	0.499234	0.598015	0.598471	0.607065	0.359281	0.379107	0.616302	0.365646	0.629067	0.613975	0.338248	0.488479	0.620417	0.563182	0.282596	0.415776	0.607373	0.541353	0.431483	0.593629	0.510511	0.163761	0.525849	0.275428	0.338248	0.554775	0.575603	0.590853	0.625261	0.460815	0.058899	0.524590	0.451152	0.345423	0.407285	0.521045	0.435484	0.630631	0.588889	0.336806	0.619689	0.493565	0.601665	0.327812	0.523636	0.552737	0.623830	0.564975	0.644681	0.455477	0.368421	0.516556	0.264493	0.453608	0.430769	0.522496	0.559170	0.345423	0.622222	0.368734	0.235727	0.614639	0.365646	0.426016	0.227567	0.363360	0.620097	0.256597	0.407591	0.370433	0.607416	0.545194	0.632860	0.568459	0.453461	0.316344	0.410552	0.473486	0.293856	0.266063	0.313380	0.501115	0.616057	0.580255	0.553046	0.627282	0.575622	0.452174	0.615562	0.561497	0.493565	0.440543	0.531161	0.611570	0.139806	0.283154	0.445687	0.495138	0.566845	
0.413793	0.537998	0.598485	0.487001	0.297376	0.606754	0.624079	0.123389	0.534954	0.460328	0.434025	0.640721	0.431530	0.460432	0.521900	0.436751	0.584958	0.331429	0.420769	0.528875	0.633245	0.639488	0.532682	0.413840	0.451187	0.417599	0.640238	0.374391	0.346780	0.616531	0.212701	0.357243	0.424242	0.393398	0.645135	0.403545	0.530340	0.647656	0.286134	0.471419	0.570451	0.618494	0.651483	0.591326	0.433445	0.298616	0.649895	0.542897	0.554900	0.551838	0.425503	0.530887	0.593016	0.471503	0.338549	0.585666	0.378904	0.313357	0.362999	0.484345	0.588273	0.283615	0.585611	0.317003	0.623901	0.644081	0.324247	0.499060	0.345609	0.603875	0.458306	0.444003	0.618218	0.548694	0.468445	0.065565	0.367575	0.627273	0.615333	0.563050	0.381150	0.482714	0.323044	0.641474	0.414353	0.620061	0.492366	0.469903	0.144559	0.624502	0.296409	0.401095	0.577296	0.329041	0.616339	0.562860	0.408759	0.315789	0.592758	0.450890	0.507876	0.315789	0.512789	0.156286	0.617663	0.135674	0.585042	0.335491	0.628722	0.466537	0.194745	0.551274	0.254111	0.277286	0.565396	0.632924	0.323546	0.493029	0.643478	0.645773	0.568771	0.632460	0.141607	0.601827	0.150856	0.598395	0.461438	0.628166	0.474533	0.329041	0.602932	0.641667	0.289898	0.497795	0.555621	0.446499	0.511574	0.525672	0.242287	0.617232	0.614148	0.530588	0.520025	0.541742	0.577626	0.626910	0.614165	0.588170	0.125201	0.454366	0.514215	0.638462	0.470893	0.283615	0.625470	0.551097	0.517413	0.278556	0.609937	0.430769	0.556757	0.648276	0.140127	0.643018	0.634146	0.472421	0.400821	0.626996	0.548157	0.532278	0.646853	0.642857	0.540865	0.598151	0.635264	0.526316	0.362999	0.518473	0.520666	0.628410	1.000000	0.627569	0.538482	0.615303	0.630137	0.558495	0.554632	0.589857	0.565090	0.562175	0.264487	0.496152	0.627628	0.505316	0.644308	0.529340	0.600653	0.615385	0.564894	0.571926	0.631807	0.441645	0.574529	0.478093	0.460235	0.585744	0.358398	0.520025	0.477052	0.619098	0.412763	0.352609	0.625000	0.151899	0.384243	0.650613	0.524892	0.419703	0.646658	0.447090	0.184926	0.236981	0.445623	0.597322	0.408719	0.635918	0.636583	0.506866	0.611605	0.453649	0.169279	0.519432	0.128205	0.453053	0.428954	0.520150	0.531799	0.489564	0.508411	0.640511	0.327845	0.622785	0.633810	0.292398	0.230303	0.563006	0.353770	0.567615	0.431732	0.524308	0.527727	0.385625	0.473786	0.645161	0.302160	0.346780	0.238311	0.571589	0.584771	0.626253	0.450890	0.555097	0.405995	0.374391	0.352609	0.372125	0.463446	0.470512	0.646177	0.102429	0.598371	0.441060	0.377516	0.611994	0.509001	0.613347	0.154818	0.547619	0.332620	0.646399	0.643137	0.414915	0.491117	0.452208	0.464541	0.117647	0.486834	0.583382	0.639574	0.479743	0.378904	0.647269	0.151899	0.301091	0.598242	0.215432	0.566474	0.421549	0.577057	0.344437	0.589800	0.385625	0.338549	0.636093	0.485275	0.282353	0.332620	0.542067	0.363750	0.374391	0.469719	0.460016	0.296134	0.504096	0.569115	0.482143	0.243609	0.442677	0.562031	0.527473	0.580282	0.594832	0.392022	0.312139	0.651348	0.347949	0.565064	0.533253	0.562390	0.263197	0.441489	0.363297	0.447820	0.618274	0.608320	0.506884	0.539892	0.605739	0.140127	0.227618	0.640594	0.518473	0.591115	0.529591	0.602219	0.645963	0.428667	0.541842	0.604020	0.393127	0.595198	0.487867	0.609977	0.227618	0.366434	0.190550	0.331429	0.590408	0.457293	0.370990	0.513109	0.511194	0.641682	0.559579	0.616427	0.608035	0.522167	0.163522	0.628795	0.556738	0.504380	0.518564	0.593156	0.644307	0.243609	0.544291	0.608411	0.604550	0.432396	0.568274	0.544513	0.531060	0.315789	0.517472	0.450165	0.596703	0.294891	0.489484	0.610825	0.386541	0.282569	0.618207	0.543608	0.289898	0.471503	0.559102	0.601293	0.223574	0.160630	0.555360	0.394502	0.365290	0.521686	0.421265	0.643872	0.353770	0.483601	0.093061	0.435829	0.389131	0.493984	0.310918	0.524071	0.449868	0.605928	0.612245	0.640831	0.306019	0.327845	0.649865	0.314574	0.634859	0.619632	0.286134	0.447090	0.626324	0.569813	0.334192	0.362999	0.620115	0.545129	0.488948	0.636494	0.469520	0.196138	0.485934	0.231643	0.286134	0.523868	0.622117	0.592998	0.644691	0.425303	0.071350	0.517049	0.408441	0.292398	0.352609	0.497481	0.387586	0.618328	0.632234	0.284875	0.653271	0.461137	0.617336	0.278556	0.498423	0.605739	0.590182	0.596018	0.634450	0.416498	0.317003	0.490758	0.222222	0.409245	0.382007	0.497481	0.542598	0.292398	0.648770	0.315789	0.197531	0.641199	0.314574	0.376389	0.190550	0.421053	0.647030	0.215432	0.357243	0.315789	0.618125	0.511222	0.649863	0.614667	0.406271	0.267062	0.358398	0.517069	0.247562	0.223574	0.264487	0.478457	0.634983	0.557975	0.546978	0.629344	0.589758	0.413559	0.624165	0.559203	0.461137	0.401914	0.517879	0.651081	0.116129	0.238311	0.400821	0.474467	0.559203	
0.499121	0.605923	0.613139	0.579288	0.391853	0.638127	0.621015	0.088968	0.604294	0.535473	0.522569	0.637599	0.513841	0.535354	0.581250	0.525409	0.613480	0.428706	0.506130	0.590491	0.595156	0.612679	0.594136	0.508385	0.537872	0.323426	0.646392	0.474453	0.436567	0.559173	0.287785	0.455134	0.508741	0.486972	0.618527	0.495560	0.596787	0.603876	0.379648	0.546053	0.624646	0.616606	0.636455	0.525060	0.514731	0.397287	0.620352	0.465286	0.609017	0.470197	0.504787	0.581144	0.523318	0.540316	0.441315	0.628374	0.472727	0.409962	0.456722	0.553922	0.527708	0.378431	0.622590	0.416428	0.652010	0.590930	0.415954	0.572568	0.442577	0.627554	0.543147	0.529110	0.556522	0.600149	0.550167	0.046871	0.466055	0.650397	0.552839	0.615836	0.471869	0.545455	0.422053	0.646396	0.503521	0.625842	0.562145	0.548173	0.198257	0.644271	0.219363	0.489286	0.613314	0.425733	0.636535	0.607322	0.313495	0.413002	0.614856	0.537415	0.563403	0.414914	0.581616	0.113241	0.651613	0.186404	0.622951	0.250227	0.584775	0.547579	0.264428	0.613670	0.341023	0.370443	0.615836	0.643447	0.240442	0.567502	0.619094	0.607486	0.485812	0.577482	0.194323	0.650000	0.109218	0.529200	0.541632	0.646663	0.555372	0.423841	0.543439	0.614862	0.384390	0.561798	0.599411	0.535379	0.416159	0.580695	0.325911	0.645489	0.626885	0.592366	0.583463	0.592145	0.623671	0.632701	0.638298	0.618884	0.172376	0.527919	0.566954	0.600266	0.560996	0.376471	0.595910	0.463939	0.580900	0.372047	0.625403	0.519931	0.476332	0.628135	0.192350	0.632025	0.627729	0.546667	0.490633	0.643105	0.605518	0.579554	0.620442	0.637782	0.595616	0.626168	0.605170	0.438568	0.456722	0.579891	0.573438	0.615126	0.627569	1.000000	0.453608	0.632057	0.593181	0.594118	0.610573	0.615071	0.618076	0.602305	0.354229	0.403728	0.631261	0.573927	0.638514	0.597683	0.625251	0.632691	0.606534	0.611714	0.582237	0.524422	0.622695	0.556565	0.539816	0.509296	0.454713	0.585023	0.547264	0.567851	0.496466	0.449396	0.639645	0.208017	0.481013	0.632258	0.586314	0.323047	0.640474	0.529462	0.251586	0.319106	0.526135	0.530314	0.498669	0.626989	0.609995	0.569389	0.637405	0.533898	0.231016	0.584375	0.176406	0.538071	0.512598	0.420168	0.593893	0.562903	0.569620	0.636413	0.424242	0.624235	0.649289	0.389484	0.310521	0.613391	0.454545	0.603473	0.337344	0.582555	0.593846	0.477396	0.559801	0.630354	0.223816	0.436567	0.320812	0.615278	0.508441	0.636858	0.542517	0.607670	0.496894	0.470803	0.449396	0.464351	0.547439	0.529118	0.601238	0.073626	0.526131	0.513259	0.469091	0.639752	0.584252	0.641241	0.211892	0.603435	0.430189	0.629939	0.617195	0.504409	0.558704	0.545918	0.546823	0.162222	0.550987	0.505687	0.632677	0.553542	0.472727	0.638141	0.208017	0.398453	0.530756	0.291322	0.611951	0.505245	0.609386	0.444860	0.627478	0.471971	0.435681	0.614697	0.543817	0.372915	0.428302	0.594104	0.272982	0.470803	0.375171	0.358707	0.388350	0.571429	0.610951	0.557457	0.327604	0.527397	0.604885	0.595220	0.629010	0.623816	0.485175	0.408437	0.637877	0.447344	0.602198	0.597106	0.607613	0.352590	0.521066	0.271637	0.528559	0.638428	0.625166	0.563246	0.594268	0.638546	0.192350	0.307062	0.636093	0.576773	0.516846	0.587057	0.631443	0.630423	0.519097	0.598485	0.641333	0.486535	0.624828	0.555102	0.554800	0.307062	0.466483	0.258947	0.426818	0.517905	0.536833	0.475755	0.582078	0.577743	0.631294	0.627279	0.586064	0.627582	0.575214	0.223416	0.638448	0.611399	0.587112	0.577255	0.632000	0.618182	0.327604	0.456662	0.633557	0.640532	0.525585	0.611594	0.459268	0.590315	0.413002	0.427417	0.534923	0.613928	0.390671	0.570033	0.542888	0.290583	0.208680	0.553208	0.603151	0.384390	0.545303	0.602517	0.636304	0.301848	0.219591	0.598829	0.482944	0.457721	0.583333	0.510044	0.627943	0.450835	0.556837	0.128959	0.522944	0.294254	0.570275	0.406910	0.581538	0.527660	0.634706	0.634395	0.593895	0.404624	0.429924	0.623073	0.411483	0.658494	0.639009	0.379648	0.524338	0.630938	0.599440	0.248759	0.456722	0.653992	0.597598	0.394393	0.576341	0.556203	0.142968	0.560916	0.312245	0.375734	0.597061	0.559264	0.624075	0.600529	0.508297	0.051051	0.578616	0.491135	0.387537	0.447539	0.567763	0.479711	0.633435	0.575973	0.378061	0.640356	0.542857	0.627982	0.370079	0.573955	0.529843	0.620924	0.528728	0.639222	0.504394	0.408787	0.555375	0.300103	0.502655	0.474638	0.559743	0.607306	0.389484	0.629356	0.411090	0.268063	0.636943	0.413397	0.460419	0.258947	0.322354	0.641618	0.291322	0.455134	0.411090	0.644133	0.581156	0.644215	0.552839	0.500888	0.357498	0.451017	0.426195	0.332661	0.301848	0.354229	0.560132	0.643529	0.612666	0.598496	0.628538	0.630919	0.500882	0.647132	0.612454	0.547899	0.491979	0.587041	0.634476	0.160178	0.320812	0.495986	0.547264	0.622711	
0.209005	0.310618	0.404783	0.266103	0.142210	0.399640	0.456399	0.260904	0.303628	0.236267	0.217391	0.482797	0.219773	0.238599	0.290571	0.222741	0.377278	0.160166	0.211409	0.303628	0.566747	0.555639	0.299298	0.205991	0.230999	0.604718	0.463727	0.183367	0.168385	0.621713	0.099144	0.174032	0.212609	0.193833	0.540705	0.201754	0.305246	0.573330	0.136364	0.254748	0.359385	0.457422	0.532950	0.641375	0.218583	0.142857	0.545080	0.661070	0.329677	0.602372	0.215601	0.298212	0.583602	0.247287	0.163968	0.375876	0.185841	0.150590	0.177155	0.259308	0.634736	0.135059	0.378116	0.152513	0.435569	0.558426	0.156347	0.276197	0.167755	0.405961	0.235099	0.226880	0.612982	0.324426	0.243243	0.143565	0.179645	0.453264	0.605737	0.335415	0.187075	0.257601	0.155709	0.500830	0.207801	0.458081	0.263278	0.247863	0.066038	0.466762	0.510770	0.198107	0.360000	0.158895	0.437190	0.350356	0.560585	0.151872	0.377278	0.231586	0.271725	0.151872	0.280645	0.324130	0.419717	0.061818	0.385827	0.527936	0.580241	0.244401	0.090290	0.326005	0.119929	0.131791	0.335415	0.463760	0.523116	0.266667	0.532209	0.556349	0.606541	0.583746	0.064633	0.405599	0.313862	0.640503	0.239181	0.448286	0.251312	0.158895	0.617476	0.533231	0.138316	0.271725	0.332290	0.229824	0.608937	0.298755	0.113942	0.427902	0.406185	0.306861	0.291667	0.314358	0.358880	0.472490	0.419593	0.375798	0.056872	0.235099	0.288925	0.591652	0.248439	0.135059	0.520041	0.606304	0.283414	0.132446	0.421363	0.218583	0.616510	0.508715	0.063930	0.520945	0.500272	0.245556	0.198716	0.468575	0.323372	0.302007	0.517305	0.480247	0.313825	0.398681	0.549987	0.661412	0.177155	0.292214	0.290571	0.506210	0.538482	0.453608	1.000000	0.413140	0.580548	0.333333	0.324426	0.385382	0.339564	0.347799	0.125220	0.613694	0.455508	0.278424	0.493082	0.298755	0.395802	0.443284	0.357363	0.345234	0.607026	0.226290	0.358990	0.251886	0.241504	0.602887	0.174658	0.291667	0.249014	0.580899	0.205387	0.171527	0.429031	0.069540	0.189538	0.517036	0.293854	0.585513	0.503788	0.228647	0.085489	0.111269	0.226290	0.624469	0.202361	0.461103	0.549887	0.280090	0.424047	0.233930	0.077894	0.290571	0.058288	0.235099	0.216795	0.644579	0.306861	0.268356	0.281754	0.510165	0.158258	0.444124	0.460579	0.139616	0.107916	0.348311	0.172154	0.344720	0.580329	0.292761	0.301466	0.189538	0.247863	0.502548	0.508886	0.168385	0.111938	0.374009	0.633464	0.461494	0.231586	0.331246	0.202361	0.183367	0.171527	0.182128	0.240343	0.246711	0.591220	0.219314	0.612497	0.227469	0.185841	0.447216	0.285071	0.417134	0.070937	0.322317	0.160801	0.486382	0.541667	0.206595	0.265539	0.231586	0.243243	0.053324	0.254748	0.617701	0.472503	0.253604	0.185841	0.522112	0.069540	0.144150	0.643605	0.100499	0.348311	0.212609	0.346261	0.167125	0.383520	0.189538	0.163968	0.534787	0.257601	0.134407	0.160801	0.313825	0.530328	0.183367	0.644965	0.625833	0.141562	0.271725	0.347799	0.261011	0.114609	0.226880	0.349845	0.299841	0.369804	0.392039	0.193833	0.149948	0.523404	0.169014	0.335935	0.308474	0.336454	0.124560	0.223925	0.562382	0.229824	0.445919	0.402628	0.277868	0.315424	0.416099	0.063930	0.106572	0.456639	0.292214	0.614232	0.300383	0.424779	0.517195	0.217391	0.312223	0.399641	0.194444	0.378954	0.259876	0.626673	0.106572	0.179023	0.088235	0.160166	0.621755	0.234515	0.181508	0.280090	0.283414	0.494980	0.339046	0.568290	0.399521	0.292214	0.075117	0.475841	0.328630	0.277868	0.287825	0.399041	0.533085	0.114609	0.631871	0.396034	0.403231	0.217987	0.343692	0.654729	0.302007	0.151872	0.629780	0.230412	0.391920	0.140914	0.261579	0.611606	0.590438	0.499590	0.613375	0.319142	0.138316	0.247287	0.328630	0.405010	0.104552	0.073726	0.336454	0.194444	0.178401	0.299298	0.213208	0.513204	0.172154	0.253604	0.041881	0.219178	0.560665	0.267230	0.149306	0.301466	0.230999	0.391684	0.424883	0.555000	0.146732	0.158258	0.509277	0.151231	0.474233	0.441935	0.136364	0.228647	0.448276	0.367422	0.528809	0.177155	0.429157	0.318612	0.599063	0.582107	0.246134	0.391736	0.258739	0.108588	0.136364	0.297668	0.598425	0.392782	0.587433	0.213208	0.155680	0.286174	0.202967	0.139616	0.171527	0.272285	0.191381	0.458800	0.577242	0.135712	0.493814	0.239762	0.416052	0.132446	0.270604	0.617053	0.389728	0.632927	0.490103	0.209005	0.152513	0.261579	0.103878	0.204178	0.188307	0.272285	0.309010	0.139616	0.512326	0.151872	0.091658	0.466760	0.151231	0.185223	0.088235	0.574257	0.477018	0.100499	0.174032	0.151872	0.421022	0.281200	0.501223	0.599956	0.201754	0.126538	0.174658	0.654238	0.116608	0.104552	0.125220	0.253604	0.465235	0.332290	0.317551	0.480807	0.371411	0.206595	0.439279	0.335935	0.239762	0.199324	0.291119	0.515940	0.052612	0.111938	0.198716	0.249014	0.335935	
0.522927	0.612957	0.606887	0.589492	0.433551	0.635311	0.638836	0.077281	0.611251	0.567694	0.540905	0.627949	0.548418	0.563721	0.601542	0.562977	0.647278	0.473573	0.546161	0.602855	0.561164	0.583984	0.598478	0.543137	0.564972	0.285543	0.645780	0.494405	0.488008	0.522018	0.325909	0.491736	0.547042	0.528000	0.604418	0.523198	0.623116	0.586895	0.420242	0.545784	0.620477	0.595410	0.611853	0.483688	0.536023	0.437432	0.605904	0.426995	0.630645	0.436090	0.546332	0.623201	0.494807	0.561468	0.470588	0.639640	0.494428	0.453276	0.476876	0.579658	0.480626	0.418964	0.651232	0.453961	0.643678	0.579943	0.465957	0.588957	0.484342	0.635328	0.565014	0.578199	0.522117	0.634146	0.566944	0.040597	0.499488	0.621232	0.516104	0.628297	0.509606	0.586643	0.451544	0.618160	0.537634	0.614474	0.608229	0.568286	0.226087	0.621622	0.192271	0.524330	0.637413	0.457627	0.641892	0.645312	0.276583	0.443730	0.644295	0.568203	0.591350	0.456592	0.605744	0.098530	0.656924	0.212766	0.618801	0.219794	0.549341	0.560369	0.300000	0.621249	0.384615	0.412417	0.621902	0.637571	0.211055	0.590747	0.588475	0.580416	0.451842	0.555362	0.221669	0.643923	0.095004	0.489290	0.572491	0.650000	0.572470	0.455508	0.507452	0.611511	0.432018	0.596646	0.604016	0.571698	0.373529	0.610829	0.368000	0.646133	0.650142	0.619883	0.621044	0.622626	0.647149	0.622222	0.638387	0.641256	0.196970	0.583723	0.582474	0.568500	0.571429	0.416759	0.593509	0.431181	0.592721	0.414175	0.628651	0.555235	0.437461	0.626380	0.219451	0.615905	0.627109	0.572217	0.523810	0.647241	0.636808	0.601010	0.618321	0.622991	0.629752	0.641155	0.593548	0.392178	0.487153	0.588034	0.620394	0.598086	0.615303	0.632057	0.413140	1.000000	0.566075	0.630313	0.630894	0.648529	0.627482	0.585098	0.394619	0.360242	0.645078	0.599127	0.616957	0.624365	0.638728	0.640374	0.633205	0.642520	0.547650	0.552182	0.649190	0.595628	0.574074	0.474646	0.493292	0.624465	0.580055	0.545916	0.529931	0.483402	0.653479	0.237037	0.519637	0.622782	0.613811	0.285201	0.631519	0.565217	0.285714	0.360505	0.540797	0.488937	0.508876	0.650253	0.595661	0.597561	0.648389	0.562324	0.262774	0.586118	0.201511	0.576239	0.529865	0.374410	0.626566	0.562555	0.622068	0.624856	0.462354	0.635108	0.642540	0.420131	0.351039	0.631661	0.497409	0.631994	0.298121	0.611443	0.614996	0.525680	0.577452	0.620922	0.196235	0.475495	0.362385	0.601356	0.467675	0.621271	0.579492	0.621078	0.524655	0.510682	0.489627	0.491335	0.573284	0.584022	0.575151	0.063887	0.495982	0.543561	0.504559	0.610554	0.594641	0.641562	0.241379	0.628059	0.475185	0.636580	0.602933	0.534770	0.600713	0.556914	0.565097	0.185515	0.600181	0.467611	0.639802	0.588556	0.510638	0.620225	0.237037	0.436482	0.494876	0.329825	0.631661	0.525703	0.622642	0.484848	0.632593	0.511581	0.478992	0.599684	0.584838	0.419426	0.477297	0.621488	0.240161	0.510682	0.333256	0.317474	0.434024	0.575463	0.625882	0.590664	0.369863	0.576303	0.611415	0.599662	0.649508	0.628571	0.530000	0.455914	0.624655	0.483333	0.610224	0.615000	0.632083	0.395062	0.546667	0.238956	0.530189	0.626649	0.639943	0.608392	0.629843	0.642857	0.219451	0.347222	0.655172	0.589744	0.481261	0.612658	0.594858	0.627778	0.556304	0.623032	0.641673	0.503497	0.646223	0.591727	0.513225	0.347222	0.510246	0.293907	0.475687	0.470548	0.565543	0.489796	0.601045	0.608319	0.641292	0.626391	0.549172	0.642651	0.611966	0.254279	0.632242	0.621971	0.608392	0.607573	0.654650	0.596026	0.367580	0.413094	0.653595	0.636494	0.532692	0.631413	0.415836	0.611111	0.441586	0.383459	0.557964	0.622255	0.434498	0.591928	0.507925	0.255960	0.182772	0.517269	0.622951	0.423246	0.576147	0.638126	0.646220	0.341463	0.250000	0.620910	0.527473	0.508718	0.581572	0.542636	0.617353	0.497409	0.592189	0.147860	0.562380	0.259259	0.611556	0.449946	0.608256	0.534840	0.654971	0.643789	0.591508	0.443243	0.460233	0.622172	0.444206	0.643750	0.648469	0.418042	0.557656	0.644866	0.629658	0.218482	0.493320	0.653925	0.633306	0.354783	0.551931	0.571691	0.124651	0.576577	0.352941	0.422442	0.613559	0.524459	0.643377	0.578190	0.558140	0.044230	0.609146	0.535961	0.417943	0.487552	0.601411	0.512048	0.613577	0.563269	0.420705	0.635824	0.575673	0.645341	0.416390	0.601238	0.497820	0.607800	0.491640	0.617359	0.538537	0.462527	0.597309	0.339535	0.523107	0.510595	0.592593	0.624480	0.422319	0.623245	0.452304	0.304038	0.641884	0.452790	0.515213	0.293907	0.284576	0.624613	0.329825	0.489669	0.445874	0.657045	0.593043	0.626157	0.523959	0.533070	0.398210	0.489164	0.381794	0.375427	0.341463	0.396861	0.592189	0.637681	0.624900	0.624486	0.627936	0.642479	0.546523	0.647887	0.632588	0.568245	0.535183	0.614726	0.618864	0.183206	0.362385	0.531746	0.592864	0.638978	
0.379077	0.495565	0.575727	0.445734	0.268775	0.567104	0.571298	0.137750	0.491346	0.420108	0.392923	0.607190	0.391966	0.415522	0.481041	0.399272	0.540958	0.300129	0.384285	0.495812	0.610218	0.623112	0.483455	0.375309	0.410349	0.450991	0.602588	0.339861	0.314304	0.635249	0.191328	0.322704	0.385040	0.352500	0.604938	0.370738	0.499443	0.628973	0.258449	0.450969	0.533965	0.628706	0.632430	0.613450	0.396100	0.269914	0.632161	0.590825	0.506522	0.542194	0.387531	0.486244	0.582524	0.440237	0.306701	0.548654	0.344045	0.283475	0.329307	0.451198	0.616322	0.256138	0.543579	0.286832	0.594517	0.608696	0.293506	0.464101	0.313222	0.556886	0.409826	0.398792	0.623244	0.509290	0.430184	0.073459	0.333545	0.619944	0.616020	0.509995	0.346130	0.432084	0.292398	0.647813	0.377079	0.617925	0.444703	0.430514	0.129537	0.635097	0.327395	0.364655	0.538178	0.297927	0.587500	0.525532	0.429637	0.285714	0.528594	0.412508	0.467398	0.285714	0.468839	0.174120	0.569465	0.121515	0.568939	0.361561	0.629511	0.430861	0.175000	0.512821	0.229111	0.250333	0.525122	0.592389	0.355960	0.447796	0.613042	0.637884	0.571738	0.624050	0.126871	0.552068	0.168127	0.623122	0.422434	0.589623	0.438421	0.297927	0.616931	0.624509	0.261905	0.448932	0.533333	0.406024	0.520009	0.479237	0.218305	0.574478	0.556660	0.486366	0.468061	0.487024	0.523709	0.610575	0.576055	0.527348	0.112069	0.415818	0.488662	0.649672	0.438534	0.256138	0.587170	0.548919	0.481186	0.251497	0.576055	0.392444	0.567343	0.638518	0.125535	0.634640	0.613195	0.436277	0.363184	0.586534	0.494530	0.505593	0.616270	0.607755	0.498343	0.560202	0.647154	0.570078	0.329307	0.488136	0.464063	0.640845	0.630137	0.593181	0.580548	0.566075	1.000000	0.511099	0.511475	0.533673	0.518558	0.553600	0.238606	0.511394	0.578358	0.471060	0.631905	0.485971	0.549395	0.589695	0.512929	0.521925	0.639945	0.403869	0.537691	0.435807	0.423810	0.576736	0.325048	0.478236	0.428825	0.601417	0.376776	0.319693	0.573088	0.136170	0.349027	0.635705	0.479413	0.446941	0.612367	0.407720	0.166085	0.213460	0.403869	0.622580	0.371747	0.592491	0.621005	0.477117	0.567266	0.411518	0.151899	0.493492	0.114778	0.412223	0.394383	0.550521	0.486366	0.466705	0.468304	0.621044	0.296824	0.570486	0.595862	0.264201	0.207367	0.519190	0.320767	0.514714	0.453061	0.464145	0.476777	0.349027	0.435245	0.597981	0.333376	0.314304	0.214674	0.557343	0.607754	0.614379	0.408900	0.513294	0.368030	0.339861	0.319693	0.337761	0.423123	0.427472	0.653328	0.114500	0.603355	0.407005	0.342785	0.605627	0.463290	0.571288	0.138810	0.506024	0.301228	0.604203	0.643998	0.376311	0.450639	0.414913	0.427807	0.105263	0.438050	0.590909	0.592860	0.442093	0.344045	0.636975	0.136170	0.272189	0.619448	0.193814	0.542644	0.388719	0.527778	0.312139	0.542564	0.349027	0.306701	0.607757	0.433255	0.254980	0.301228	0.503867	0.387718	0.339861	0.512180	0.491958	0.267633	0.467398	0.532267	0.443407	0.219512	0.402417	0.544971	0.495516	0.532015	0.575064	0.355000	0.282353	0.633458	0.315385	0.534557	0.501111	0.515920	0.237425	0.403636	0.397202	0.412048	0.584121	0.558838	0.457569	0.485383	0.571006	0.125535	0.204918	0.580794	0.487006	0.594501	0.492997	0.599313	0.615833	0.390482	0.484781	0.561651	0.358526	0.558596	0.446262	0.637727	0.204918	0.332487	0.171190	0.300129	0.598344	0.412470	0.336709	0.466819	0.462942	0.599829	0.520990	0.630746	0.546278	0.474576	0.146685	0.616088	0.516866	0.463303	0.467650	0.547559	0.640133	0.219512	0.559724	0.563480	0.575301	0.393902	0.515265	0.584539	0.494407	0.285714	0.542091	0.408188	0.551373	0.266491	0.445481	0.615385	0.421427	0.312374	0.628479	0.509890	0.261905	0.429586	0.509249	0.558442	0.201232	0.144068	0.510523	0.354778	0.331429	0.493550	0.383578	0.614679	0.320767	0.433862	0.083151	0.394641	0.414538	0.454493	0.281230	0.479015	0.416366	0.555894	0.556150	0.618347	0.276721	0.296824	0.605574	0.284595	0.606364	0.582303	0.258449	0.410133	0.592767	0.516971	0.366592	0.329307	0.582082	0.491479	0.502919	0.615017	0.432464	0.217983	0.449123	0.208589	0.258449	0.488764	0.614738	0.536981	0.650454	0.386029	0.079912	0.468448	0.369040	0.264201	0.319693	0.457901	0.353383	0.606942	0.612656	0.257294	0.614173	0.420990	0.564279	0.251497	0.454073	0.607995	0.583971	0.615069	0.624329	0.381538	0.286832	0.445481	0.200000	0.374768	0.348209	0.461361	0.505275	0.264201	0.615708	0.285714	0.177531	0.589883	0.284595	0.341740	0.171190	0.444998	0.606225	0.193814	0.323980	0.285714	0.561557	0.475429	0.617698	0.605849	0.370738	0.240964	0.325048	0.561938	0.223124	0.201232	0.238606	0.431511	0.601738	0.507317	0.490919	0.606853	0.526261	0.375077	0.581540	0.515119	0.418605	0.364201	0.469457	0.612516	0.103896	0.214674	0.364428	0.426462	0.510799	
0.580569	0.643206	0.601814	0.626327	0.507463	0.617818	0.601429	0.058261	0.641584	0.620225	0.592075	0.597826	0.587007	0.610738	0.624746	0.606690	0.643103	0.535948	0.594340	0.615842	0.501487	0.523835	0.616766	0.600715	0.608400	0.221162	0.610268	0.546135	0.544987	0.445404	0.404762	0.559085	0.602353	0.586081	0.537824	0.567308	0.645607	0.521558	0.486264	0.570499	0.642218	0.578869	0.560284	0.400909	0.583721	0.495935	0.553143	0.355184	0.645892	0.354035	0.617544	0.658000	0.417495	0.616062	0.539559	0.620330	0.535980	0.525333	0.540404	0.615054	0.413104	0.506887	0.649396	0.523240	0.616333	0.521469	0.542819	0.620833	0.537967	0.634505	0.617117	0.610984	0.443216	0.648236	0.596452	0.030462	0.565327	0.593309	0.442283	0.635514	0.566832	0.645092	0.525066	0.569501	0.596200	0.579537	0.631804	0.615385	0.291667	0.594319	0.147116	0.571429	0.633274	0.519004	0.617398	0.655141	0.213970	0.513298	0.653448	0.605442	0.623950	0.523936	0.626033	0.074483	0.614650	0.275081	0.610256	0.168778	0.489594	0.617257	0.379363	0.638783	0.472262	0.488211	0.628037	0.604286	0.161883	0.625663	0.532584	0.529609	0.365946	0.483673	0.286174	0.629690	0.071785	0.417742	0.612291	0.618372	0.617904	0.516383	0.422693	0.552975	0.514364	0.632353	0.605263	0.605233	0.292696	0.637363	0.440922	0.625000	0.636881	0.651575	0.647773	0.648544	0.641003	0.591105	0.628481	0.634399	0.255319	0.630631	0.610376	0.506870	0.592755	0.495868	0.529545	0.343539	0.610483	0.493075	0.622116	0.600000	0.347798	0.574026	0.283414	0.562814	0.591678	0.598234	0.592503	0.603352	0.657116	0.621648	0.575923	0.592902	0.635569	0.627907	0.552710	0.308986	0.558081	0.624874	0.640974	0.552649	0.558495	0.594118	0.333333	0.630313	0.511099	1.000000	0.644423	0.658185	0.634508	0.595978	0.481013	0.281787	0.622157	0.609959	0.582996	0.647353	0.630091	0.609886	0.639138	0.644628	0.481759	0.597938	0.634409	0.632497	0.634038	0.389257	0.565990	0.637652	0.614035	0.472961	0.589499	0.561941	0.638132	0.305246	0.583744	0.568327	0.641129	0.220887	0.590793	0.618016	0.365031	0.446377	0.588774	0.409161	0.559424	0.602994	0.524093	0.624612	0.621283	0.625282	0.336973	0.616633	0.261011	0.608108	0.606768	0.293421	0.663386	0.598309	0.641237	0.584457	0.524934	0.614925	0.602582	0.491132	0.423358	0.646575	0.566327	0.652574	0.231287	0.656566	0.648111	0.559113	0.615385	0.576080	0.150225	0.555270	0.445731	0.612565	0.390172	0.587803	0.619048	0.634652	0.578631	0.583541	0.546616	0.547500	0.608696	0.636564	0.505081	0.048081	0.413766	0.592000	0.573201	0.586626	0.631148	0.636872	0.310618	0.643062	0.553525	0.593480	0.560241	0.590476	0.635494	0.582766	0.596452	0.240924	0.629067	0.383040	0.606145	0.615217	0.565757	0.565353	0.305246	0.505405	0.415523	0.406528	0.622831	0.560000	0.630614	0.541237	0.639863	0.573892	0.552529	0.544186	0.647249	0.496552	0.545692	0.623907	0.184909	0.583541	0.259747	0.246931	0.505435	0.611345	0.623400	0.638800	0.457554	0.610984	0.619308	0.620140	0.643860	0.633446	0.568987	0.528705	0.560197	0.562259	0.603175	0.630029	0.651119	0.490141	0.596087	0.183952	0.577929	0.605243	0.644737	0.639668	0.668605	0.627105	0.283414	0.427526	0.625271	0.614762	0.396410	0.621514	0.569157	0.571958	0.596737	0.658869	0.631841	0.543902	0.631488	0.627282	0.442177	0.436310	0.550943	0.371951	0.554248	0.390889	0.613303	0.550688	0.632885	0.647482	0.583387	0.646240	0.498665	0.626346	0.630940	0.326531	0.588486	0.622517	0.639668	0.646279	0.636816	0.560392	0.440288	0.325894	0.645485	0.639141	0.586729	0.640884	0.330133	0.643496	0.510638	0.300875	0.588636	0.619409	0.511565	0.620985	0.429324	0.197481	0.139675	0.447813	0.648701	0.506156	0.624862	0.652791	0.633907	0.423529	0.321260	0.636194	0.580488	0.569270	0.608782	0.608696	0.572665	0.551020	0.630435	0.193220	0.606272	0.200113	0.629237	0.529412	0.630219	0.578888	0.633530	0.630094	0.531049	0.513441	0.511811	0.582231	0.529960	0.613108	0.622256	0.472527	0.613455	0.617211	0.638448	0.167742	0.555556	0.640187	0.643545	0.277315	0.481154	0.615215	0.094545	0.592034	0.434402	0.505495	0.624625	0.453091	0.645432	0.505572	0.611046	0.033204	0.644172	0.580336	0.485675	0.551724	0.631689	0.557055	0.599556	0.489737	0.492435	0.599336	0.622768	0.641209	0.490305	0.642105	0.413069	0.597623	0.403802	0.580069	0.604265	0.539177	0.627409	0.430044	0.569378	0.572840	0.623295	0.629412	0.485675	0.573750	0.537234	0.387292	0.608514	0.535286	0.583851	0.375000	0.220385	0.586351	0.418398	0.556544	0.515957	0.632653	0.615067	0.580478	0.443129	0.567308	0.471248	0.550761	0.299944	0.458453	0.426471	0.481013	0.634783	0.607397	0.633459	0.648649	0.597077	0.642732	0.604762	0.629008	0.646125	0.604911	0.582126	0.654509	0.571078	0.238017	0.454414	0.607013	0.631579	0.640523	
0.594921	0.654076	0.596990	0.646486	0.516667	0.641892	0.607375	0.056455	0.648540	0.627721	0.639715	0.593814	0.617751	0.643101	0.656347	0.630588	0.643920	0.553476	0.613718	0.634441	0.484758	0.517838	0.633503	0.605839	0.631944	0.214866	0.609078	0.583439	0.562418	0.438261	0.424427	0.566234	0.607443	0.600998	0.522854	0.593865	0.648594	0.506289	0.503516	0.596685	0.644868	0.583271	0.556418	0.392830	0.588375	0.527046	0.545874	0.345106	0.646833	0.344689	0.622912	0.663276	0.409127	0.632287	0.557029	0.640212	0.562738	0.532060	0.549677	0.628697	0.410298	0.513399	0.645048	0.540761	0.630757	0.507307	0.544474	0.632025	0.565789	0.630182	0.624569	0.625438	0.437018	0.653101	0.653107	0.029505	0.595635	0.611446	0.433560	0.655271	0.584071	0.621978	0.550607	0.589761	0.610909	0.597579	0.654348	0.629339	0.299835	0.607670	0.142758	0.595797	0.628520	0.546917	0.622465	0.654344	0.207855	0.552381	0.631671	0.617341	0.645989	0.536054	0.639327	0.072193	0.626312	0.282862	0.626193	0.163836	0.481759	0.626832	0.392523	0.651208	0.481050	0.514205	0.632479	0.607375	0.157125	0.632829	0.532048	0.524535	0.356354	0.475191	0.294215	0.635236	0.069575	0.406821	0.621868	0.618759	0.631813	0.546917	0.413516	0.538902	0.515406	0.641711	0.630372	0.640371	0.284690	0.644309	0.472674	0.630245	0.619440	0.652653	0.640577	0.647581	0.647273	0.588235	0.633871	0.633333	0.262626	0.619977	0.627329	0.503080	0.615213	0.516220	0.530120	0.334413	0.638075	0.519149	0.617742	0.623962	0.338583	0.577807	0.291391	0.565079	0.585141	0.625422	0.600000	0.596466	0.640777	0.636364	0.561125	0.595775	0.650198	0.636900	0.535499	0.300612	0.572903	0.639918	0.643963	0.559023	0.554632	0.610573	0.324426	0.630894	0.511475	0.644423	1.000000	0.629948	0.654100	0.612813	0.492795	0.274031	0.610698	0.637804	0.589761	0.652439	0.629005	0.614792	0.634458	0.654851	0.473362	0.609813	0.647862	0.642222	0.623583	0.380600	0.578470	0.646756	0.641341	0.462818	0.582217	0.563969	0.626183	0.313725	0.593711	0.582311	0.646154	0.214598	0.577893	0.613953	0.374803	0.454681	0.593458	0.400156	0.575980	0.607504	0.515847	0.648421	0.624901	0.630610	0.346154	0.635707	0.268456	0.629162	0.616667	0.285398	0.656657	0.613563	0.665268	0.570130	0.547651	0.597128	0.618736	0.505587	0.452096	0.645640	0.578879	0.644258	0.224739	0.639260	0.628918	0.606289	0.640538	0.567089	0.145783	0.567674	0.456973	0.611160	0.380812	0.613095	0.645087	0.650718	0.593137	0.596178	0.566580	0.574713	0.636364	0.619529	0.504357	0.046583	0.403937	0.596737	0.567807	0.612779	0.633994	0.637540	0.319218	0.651751	0.550067	0.590848	0.542909	0.612394	0.627706	0.624277	0.635028	0.247878	0.638674	0.373102	0.592226	0.642303	0.593156	0.576485	0.313725	0.525588	0.404104	0.426180	0.632653	0.595438	0.662942	0.558630	0.635417	0.593711	0.554377	0.539049	0.635165	0.525424	0.566088	0.642292	0.179541	0.596178	0.252508	0.240000	0.522949	0.613904	0.636955	0.646288	0.466077	0.613769	0.629047	0.647059	0.655387	0.642674	0.598504	0.538251	0.566108	0.569554	0.637571	0.650699	0.654028	0.487734	0.615023	0.178609	0.605568	0.600910	0.622185	0.649049	0.660099	0.624390	0.291391	0.444444	0.606725	0.627572	0.388408	0.652482	0.607575	0.565543	0.623068	0.642220	0.632464	0.585305	0.656716	0.632385	0.432548	0.441441	0.588689	0.384977	0.545455	0.381516	0.632184	0.580563	0.644211	0.658996	0.576823	0.643396	0.495690	0.631933	0.631687	0.335484	0.604317	0.636538	0.657505	0.643154	0.635828	0.552664	0.469027	0.317148	0.632740	0.628141	0.612827	0.637979	0.321295	0.652525	0.538776	0.292683	0.628042	0.618151	0.534819	0.621592	0.418434	0.191786	0.135522	0.438918	0.645793	0.518207	0.630045	0.657692	0.634551	0.437406	0.330097	0.619905	0.605230	0.589447	0.639594	0.597122	0.562500	0.568449	0.637874	0.198953	0.627962	0.194350	0.632147	0.536252	0.630940	0.611111	0.642735	0.608419	0.506753	0.541953	0.550336	0.571975	0.525886	0.601997	0.618098	0.503516	0.613953	0.608565	0.619517	0.162827	0.590968	0.636148	0.632713	0.269663	0.470919	0.631461	0.091668	0.633772	0.451420	0.514768	0.633401	0.441638	0.629252	0.503832	0.618705	0.032162	0.638918	0.604651	0.508380	0.574413	0.641026	0.568922	0.596702	0.474495	0.515493	0.594086	0.630262	0.617742	0.510638	0.649518	0.403289	0.621878	0.394183	0.585535	0.602177	0.551630	0.634678	0.435045	0.600733	0.592686	0.641026	0.652044	0.508380	0.558433	0.555102	0.397516	0.597458	0.553134	0.581218	0.384977	0.214108	0.591966	0.426180	0.571429	0.533333	0.630072	0.634454	0.581699	0.431857	0.598773	0.491379	0.583658	0.291773	0.464023	0.443439	0.489914	0.653378	0.609071	0.657116	0.637880	0.591549	0.641778	0.619684	0.629544	0.650854	0.634812	0.596794	0.651546	0.562229	0.244898	0.462908	0.609877	0.630168	0.664137	
0.539185	0.635563	0.597285	0.612322	0.461176	0.621005	0.630535	0.070179	0.614426	0.586241	0.568486	0.615773	0.562051	0.575968	0.606005	0.581633	0.650432	0.489749	0.559834	0.598397	0.543407	0.559596	0.597309	0.560924	0.591549	0.261910	0.618984	0.502732	0.520763	0.495473	0.351592	0.508889	0.562825	0.549356	0.580042	0.529101	0.623446	0.568204	0.432818	0.539130	0.625508	0.575154	0.593906	0.452035	0.546763	0.453584	0.580784	0.398324	0.638225	0.409731	0.561983	0.628931	0.472603	0.561644	0.493213	0.618671	0.491839	0.472769	0.497238	0.600192	0.455657	0.448153	0.648308	0.471132	0.618001	0.563050	0.493119	0.602050	0.496629	0.634731	0.581419	0.581560	0.495130	0.635112	0.585222	0.036802	0.528053	0.598080	0.495561	0.627219	0.521173	0.611538	0.479908	0.586834	0.552880	0.590909	0.619048	0.592375	0.246947	0.594886	0.175567	0.536741	0.622258	0.477169	0.617564	0.650165	0.253582	0.471676	0.661430	0.576884	0.591549	0.476301	0.610546	0.089567	0.639883	0.232558	0.598597	0.200964	0.524636	0.566372	0.326425	0.621459	0.414216	0.436451	0.606932	0.630535	0.192893	0.604167	0.576862	0.559117	0.424983	0.534591	0.242177	0.636296	0.086346	0.459699	0.577381	0.630854	0.585034	0.468037	0.480887	0.596379	0.457346	0.599061	0.594732	0.584677	0.344075	0.626571	0.394052	0.643216	0.653274	0.621789	0.633969	0.638670	0.639024	0.594559	0.630657	0.647244	0.215470	0.603397	0.585766	0.538980	0.554688	0.443385	0.577683	0.401119	0.593002	0.438323	0.621898	0.571429	0.405916	0.604961	0.239782	0.597067	0.621442	0.569185	0.553191	0.630421	0.648276	0.591071	0.607022	0.605161	0.639229	0.642369	0.575893	0.362054	0.497238	0.593466	0.631483	0.564838	0.589857	0.615071	0.385382	0.648529	0.533673	0.658185	0.629948	1.000000	0.623006	0.570008	0.422330	0.331622	0.651762	0.596100	0.598119	0.635548	0.644377	0.613445	0.660147	0.643927	0.519769	0.569980	0.647681	0.615534	0.596838	0.449311	0.519423	0.623070	0.595122	0.522004	0.536278	0.513393	0.640916	0.258760	0.534054	0.603931	0.619005	0.261591	0.621348	0.577778	0.311111	0.386052	0.539554	0.462626	0.526427	0.635884	0.574490	0.598148	0.642703	0.586587	0.286472	0.591447	0.220386	0.579421	0.548454	0.344901	0.625332	0.564684	0.626039	0.613174	0.496000	0.629043	0.631719	0.444444	0.375940	0.634106	0.526198	0.641132	0.273613	0.629193	0.618409	0.529730	0.590420	0.612865	0.179220	0.493827	0.390547	0.581414	0.445070	0.599729	0.586935	0.616170	0.536998	0.550820	0.504464	0.510405	0.570297	0.587659	0.544930	0.057979	0.469663	0.562753	0.524483	0.597621	0.607897	0.639824	0.263441	0.632124	0.502844	0.625000	0.582064	0.558237	0.605313	0.558794	0.567488	0.203060	0.604831	0.439917	0.633010	0.584705	0.528836	0.584112	0.258760	0.468933	0.460961	0.358323	0.607616	0.527518	0.621262	0.499438	0.636505	0.529730	0.502262	0.591380	0.617308	0.448687	0.496018	0.602452	0.219803	0.550820	0.306379	0.291648	0.464075	0.578404	0.618061	0.604207	0.396040	0.585613	0.597853	0.603943	0.651237	0.615266	0.536481	0.470998	0.603102	0.513453	0.589527	0.602473	0.636287	0.417983	0.560081	0.218687	0.546371	0.618785	0.636569	0.635688	0.639301	0.642647	0.239782	0.374372	0.652870	0.600726	0.454970	0.610564	0.564551	0.605081	0.560247	0.644425	0.623199	0.514469	0.633570	0.620690	0.484381	0.374372	0.517621	0.319896	0.494305	0.445855	0.586000	0.510965	0.605556	0.633517	0.619448	0.633613	0.521652	0.639394	0.627949	0.277333	0.621053	0.617094	0.620818	0.627057	0.647460	0.566514	0.396040	0.381797	0.652406	0.620846	0.547325	0.647206	0.385996	0.621429	0.460116	0.353392	0.565962	0.608629	0.469340	0.595989	0.483346	0.234440	0.166817	0.493807	0.630208	0.436019	0.589041	0.651282	0.646177	0.368222	0.272727	0.621097	0.550911	0.513782	0.582960	0.574689	0.609249	0.501672	0.607938	0.162162	0.583162	0.237500	0.605487	0.476190	0.625559	0.539235	0.650769	0.652268	0.569409	0.471412	0.484571	0.624706	0.476852	0.640992	0.638773	0.432818	0.571717	0.636550	0.631917	0.199753	0.510497	0.649964	0.641182	0.326510	0.530504	0.574510	0.113453	0.564299	0.380476	0.449465	0.613309	0.500412	0.635528	0.548155	0.570539	0.040102	0.626948	0.549102	0.442080	0.497768	0.626642	0.523707	0.599727	0.539855	0.445238	0.625464	0.592666	0.646715	0.445509	0.603951	0.468703	0.580945	0.458622	0.602041	0.564263	0.489607	0.590258	0.368687	0.535300	0.543879	0.604128	0.619594	0.444444	0.601284	0.480925	0.330749	0.626132	0.479167	0.538126	0.319896	0.261010	0.608134	0.358323	0.508889	0.469364	0.650324	0.585952	0.616867	0.496368	0.522751	0.426150	0.508324	0.352332	0.399507	0.370744	0.424757	0.604066	0.630678	0.618522	0.642298	0.615484	0.648606	0.575026	0.639494	0.645270	0.580773	0.544102	0.647273	0.610888	0.200557	0.393035	0.563830	0.602927	0.645270	
0.593458	0.653140	0.602449	0.628931	0.504673	0.629843	0.603399	0.059534	0.636008	0.611973	0.602299	0.605121	0.752860	0.626932	0.631263	0.607509	0.634812	0.543115	0.595349	0.637965	0.503448	0.525812	0.633136	0.589894	0.622620	0.225579	0.623656	0.565111	0.541772	0.449979	0.400585	0.563204	0.596288	0.575211	0.539770	0.587678	0.640000	0.523490	0.494595	0.610278	0.653097	0.594395	0.569249	0.409657	0.605505	0.506667	0.552781	0.361759	0.647993	0.359907	0.606690	0.648221	0.423427	0.618893	0.544061	0.625967	0.581907	0.527559	0.552239	0.611465	0.424652	0.501355	0.632479	0.522876	0.633588	0.515167	0.523995	0.648148	0.552598	0.628340	0.617778	0.613995	0.451968	0.661640	0.617068	0.031138	0.556931	0.620486	0.451830	0.637708	0.578049	0.598509	0.522078	0.591700	0.604215	0.592154	0.621707	0.607375	0.286164	0.606498	0.150179	0.601432	0.642478	0.531613	0.631579	0.639064	0.218262	0.526178	0.631399	0.606264	0.612033	0.528796	0.648980	0.076096	0.623028	0.269841	0.631134	0.172250	0.491626	0.617904	0.375559	0.642857	0.458741	0.480218	0.634011	0.609065	0.165227	0.626178	0.547991	0.543840	0.372650	0.482824	0.280757	0.630048	0.073341	0.425361	0.613010	0.618801	0.627155	0.523871	0.427833	0.552617	0.511440	0.626556	0.617100	0.617284	0.298303	0.629812	0.447592	0.622291	0.627514	0.630350	0.640000	0.652591	0.639504	0.603129	0.638298	0.644996	0.250401	0.602222	0.615075	0.514922	0.630553	0.482385	0.532731	0.349920	0.625381	0.493188	0.616233	0.603211	0.354241	0.576031	0.278041	0.576060	0.584516	0.610022	0.593564	0.601108	0.647781	0.608440	0.566967	0.600414	0.632085	0.629934	0.553519	0.314847	0.549751	0.625375	0.621242	0.570858	0.565090	0.618076	0.339564	0.627482	0.518558	0.634508	0.654100	0.623006	1.000000	0.607595	0.481328	0.287220	0.609455	0.637295	0.598394	0.649556	0.623868	0.614921	0.626998	0.663034	0.483721	0.594350	0.632979	0.620022	0.608123	0.397070	0.552500	0.640000	0.616883	0.479490	0.590588	0.555975	0.618350	0.299532	0.570388	0.581749	0.651394	0.225300	0.586294	0.602925	0.358434	0.441595	0.610169	0.415765	0.584615	0.610601	0.525013	0.623085	0.603101	0.601336	0.330781	0.629259	0.256000	0.615556	0.596087	0.299040	0.643969	0.613779	0.645621	0.579987	0.524548	0.613905	0.610242	0.499329	0.433286	0.641373	0.552764	0.629091	0.235880	0.638723	0.632613	0.587379	0.624729	0.573027	0.153348	0.549367	0.440967	0.614853	0.396495	0.616169	0.608501	0.635009	0.589349	0.565111	0.558491	0.559113	0.613861	0.613043	0.519192	0.049137	0.418840	0.595265	0.567237	0.615964	0.629555	0.632411	0.304821	0.641438	0.537275	0.588779	0.562201	0.600939	0.627492	0.617450	0.619256	0.236246	0.625268	0.389982	0.592798	0.637339	0.579462	0.582247	0.299532	0.505319	0.419821	0.408163	0.630533	0.577726	0.632820	0.545685	0.641829	0.580097	0.541507	0.545035	0.626198	0.496608	0.529563	0.626321	0.188679	0.565111	0.264820	0.251790	0.505348	0.645228	0.622061	0.617989	0.449788	0.604966	0.632432	0.640394	0.637153	0.633779	0.592058	0.525624	0.571951	0.548673	0.622345	0.638215	0.649446	0.468144	0.608400	0.187704	0.610550	0.607275	0.636808	0.623590	0.641762	0.627482	0.278041	0.420144	0.608447	0.611389	0.405063	0.629921	0.596850	0.566524	0.625287	0.641618	0.638752	0.581731	0.638699	0.619300	0.450931	0.431655	0.577447	0.368263	0.537967	0.398683	0.607341	0.569667	0.612870	0.637563	0.584026	0.640955	0.517772	0.631665	0.639361	0.320493	0.596195	0.647334	0.644103	0.628399	0.628900	0.562386	0.452617	0.332013	0.644040	0.637776	0.613088	0.621129	0.336316	0.631992	0.515707	0.306610	0.630045	0.631579	0.508701	0.625793	0.432890	0.201479	0.142595	0.456700	0.639391	0.500673	0.608035	0.628625	0.626115	0.424855	0.315301	0.634686	0.576923	0.573201	0.627219	0.586327	0.580724	0.555276	0.618026	0.189369	0.602520	0.204158	0.631799	0.515789	0.632613	0.606943	0.627189	0.630435	0.522340	0.526455	0.540052	0.575360	0.513761	0.609364	0.627157	0.502703	0.596175	0.623529	0.628272	0.171195	0.554726	0.637346	0.636190	0.282676	0.486812	0.607182	0.096571	0.620616	0.429799	0.497297	0.646884	0.461935	0.627386	0.514602	0.600232	0.033938	0.632323	0.593381	0.499329	0.545912	0.627979	0.590085	0.606016	0.492644	0.489851	0.605142	0.614537	0.622537	0.485014	0.634096	0.418118	0.611765	0.412566	0.590320	0.595794	0.528105	0.625793	0.422576	0.580189	0.591241	0.627979	0.645349	0.507383	0.566998	0.534031	0.377415	0.607612	0.529489	0.565483	0.368263	0.224789	0.592541	0.408163	0.555695	0.523560	0.643857	0.615698	0.588839	0.447623	0.594787	0.474483	0.562500	0.305665	0.456338	0.421965	0.470263	0.635193	0.612130	0.650558	0.641221	0.604555	0.642981	0.593897	0.621785	0.638966	0.614537	0.602381	0.628629	0.577859	0.233387	0.432432	0.591180	0.619048	0.650046	
0.564220	0.608944	0.614021	0.579381	0.473203	0.624898	0.549020	0.061228	0.616570	0.605664	0.571106	0.581333	0.577528	0.577007	0.629191	0.549721	0.604377	0.517024	0.563927	0.622351	0.503421	0.531926	0.601942	0.553633	0.574257	0.231436	0.598157	0.568675	0.523573	0.465672	0.394286	0.520245	0.553531	0.521842	0.511147	0.590698	0.620557	0.522273	0.492063	0.625263	0.610820	0.634111	0.562791	0.417698	0.590090	0.488251	0.553431	0.371769	0.620055	0.363277	0.570781	0.601167	0.423909	0.593383	0.520651	0.615776	0.570743	0.483290	0.553659	0.607516	0.435401	0.453581	0.615514	0.501921	0.613876	0.509944	0.477764	0.613360	0.521739	0.623501	0.574236	0.547672	0.460698	0.610956	0.591398	0.032037	0.548544	0.632192	0.458838	0.602914	0.564593	0.578010	0.511450	0.614570	0.565517	0.630578	0.567876	0.590618	0.279141	0.629550	0.154248	0.564403	0.631763	0.520860	0.608892	0.598048	0.223952	0.505128	0.562290	0.582418	0.632653	0.500000	0.604418	0.078243	0.588785	0.263158	0.631052	0.176860	0.502444	0.613734	0.363901	0.614815	0.426813	0.475300	0.646630	0.586835	0.169666	0.591143	0.530973	0.552255	0.379463	0.493227	0.273846	0.594896	0.075413	0.441786	0.593716	0.594001	0.605932	0.530973	0.436191	0.532069	0.471673	0.579592	0.657509	0.560088	0.305722	0.585034	0.429363	0.597859	0.587768	0.603448	0.598425	0.584121	0.583406	0.628692	0.611673	0.572152	0.244131	0.550218	0.642928	0.528851	0.611289	0.474801	0.491051	0.358352	0.637363	0.456000	0.602335	0.581081	0.362108	0.589286	0.271186	0.571605	0.564496	0.595289	0.554386	0.567123	0.593488	0.643478	0.553242	0.607509	0.603595	0.613636	0.578793	0.322599	0.551220	0.641101	0.571992	0.618828	0.562175	0.602305	0.347799	0.585098	0.553600	0.595978	0.612813	0.570008	0.607595	1.000000	0.435724	0.294411	0.562185	0.612903	0.593377	0.586978	0.586515	0.598660	0.581436	0.615936	0.493075	0.566038	0.627622	0.584127	0.582524	0.404224	0.522059	0.580709	0.576596	0.461538	0.558891	0.527744	0.586443	0.292237	0.540476	0.592221	0.613725	0.231150	0.565327	0.581215	0.347059	0.420613	0.603774	0.426267	0.583043	0.580014	0.516267	0.613065	0.583461	0.577681	0.322870	0.635108	0.249610	0.572052	0.574011	0.306474	0.588123	0.624230	0.591182	0.570347	0.493671	0.593567	0.587904	0.488830	0.412342	0.601959	0.517241	0.593190	0.241967	0.573674	0.593810	0.530952	0.579957	0.541538	0.157496	0.521092	0.422809	0.643952	0.406534	0.624910	0.575824	0.631193	0.543554	0.522892	0.530210	0.572464	0.611892	0.585470	0.530060	0.050543	0.427853	0.606866	0.532374	0.641369	0.583665	0.602654	0.297420	0.620690	0.513854	0.568256	0.582938	0.564516	0.608875	0.580220	0.612903	0.230284	0.572632	0.397012	0.571233	0.601266	0.549161	0.574063	0.292237	0.492188	0.431175	0.398860	0.630454	0.603645	0.609473	0.517413	0.618212	0.550000	0.505632	0.528604	0.598953	0.464807	0.501259	0.609272	0.193682	0.522892	0.271539	0.258228	0.471204	0.630612	0.622103	0.570239	0.426003	0.549889	0.655417	0.607177	0.602740	0.632013	0.536009	0.489060	0.578502	0.508055	0.651501	0.628462	0.610909	0.444444	0.584169	0.192684	0.599779	0.591343	0.594855	0.589304	0.581132	0.619608	0.271186	0.413502	0.574664	0.631268	0.409326	0.624031	0.612753	0.567092	0.566591	0.588235	0.617504	0.584906	0.646959	0.558916	0.463866	0.402250	0.517618	0.356725	0.506936	0.406545	0.568306	0.532044	0.598995	0.601399	0.551550	0.602715	0.524987	0.591093	0.586037	0.312782	0.588153	0.634101	0.589304	0.584737	0.580227	0.585895	0.439834	0.340103	0.607843	0.621469	0.590755	0.567325	0.344489	0.628019	0.520513	0.314198	0.581498	0.615004	0.466579	0.588358	0.438927	0.206782	0.146475	0.463843	0.592315	0.484848	0.586980	0.588018	0.613291	0.398305	0.307692	0.616364	0.549528	0.530414	0.625243	0.548350	0.564134	0.527094	0.569620	0.184466	0.557930	0.209524	0.586420	0.489691	0.580271	0.613861	0.613992	0.588957	0.525316	0.500000	0.496203	0.565944	0.480103	0.583276	0.601927	0.481481	0.605525	0.590116	0.590361	0.175779	0.536585	0.605183	0.564728	0.289773	0.485071	0.596791	0.099266	0.603971	0.417367	0.478836	0.617332	0.463050	0.609337	0.524476	0.555176	0.034917	0.598410	0.542923	0.488830	0.532676	0.576962	0.540925	0.629442	0.489873	0.482119	0.587084	0.575758	0.589883	0.450667	0.599182	0.424009	0.650083	0.421369	0.600135	0.543578	0.486556	0.586279	0.396040	0.576389	0.539379	0.599388	0.633588	0.494087	0.558968	0.492308	0.365747	0.576318	0.480103	0.523409	0.356725	0.230627	0.596995	0.384615	0.520245	0.505128	0.597542	0.623872	0.582857	0.446302	0.539535	0.458839	0.524510	0.313233	0.424242	0.403955	0.457375	0.573840	0.594142	0.598901	0.586466	0.597952	0.584615	0.546083	0.606876	0.595086	0.573593	0.546729	0.581281	0.550602	0.227488	0.411683	0.545029	0.563830	0.609645	
0.556237	0.502994	0.405594	0.548552	0.617801	0.420804	0.340670	0.019842	0.516031	0.557009	0.596421	0.318711	0.571992	0.571429	0.507132	0.574219	0.437267	0.639024	0.588235	0.494656	0.214071	0.235450	0.522411	0.599174	0.577947	0.079731	0.346304	0.581655	0.628842	0.181448	0.567823	0.625000	0.589899	0.586207	0.244505	0.557652	0.513678	0.226752	0.616622	0.514991	0.461337	0.359960	0.266268	0.155867	0.570297	0.626632	0.255197	0.135104	0.480114	0.134036	0.596000	0.514729	0.164815	0.541516	0.629808	0.434673	0.576497	0.622785	0.599542	0.542609	0.165736	0.657682	0.438356	0.613065	0.377519	0.225602	0.613861	0.525620	0.620853	0.410138	0.566604	0.581888	0.178357	0.495677	0.581353	0.010277	0.612245	0.359596	0.177114	0.475524	0.609272	0.527972	0.610422	0.315883	0.607803	0.353659	0.529210	0.558559	0.572491	0.349705	0.051662	0.602972	0.453473	0.622549	0.377119	0.462366	0.076940	0.644836	0.434783	0.561670	0.536013	0.639798	0.528548	0.025507	0.392897	0.547529	0.429448	0.059722	0.214071	0.557377	0.598684	0.490674	0.643678	0.628415	0.478322	0.340670	0.057143	0.540816	0.249825	0.248084	0.139171	0.202503	0.576779	0.404133	0.024560	0.167529	0.559259	0.361789	0.549020	0.588235	0.165736	0.252482	0.632979	0.536013	0.465444	0.564885	0.108305	0.513932	0.648968	0.384865	0.401826	0.505295	0.508689	0.503704	0.454068	0.342637	0.394678	0.436409	0.523438	0.559099	0.490446	0.221118	0.543165	0.614555	0.253381	0.129549	0.508091	0.648501	0.394678	0.570297	0.131365	0.300422	0.571429	0.287793	0.300930	0.558984	0.597458	0.330548	0.497110	0.484663	0.274268	0.329020	0.498516	0.414605	0.268882	0.115024	0.604119	0.504732	0.516640	0.313380	0.264487	0.354229	0.125220	0.394619	0.238606	0.481013	0.492795	0.422330	0.481328	0.435724	1.000000	0.103851	0.353175	0.528736	0.315883	0.504644	0.410377	0.370833	0.453228	0.471390	0.199663	0.571429	0.449409	0.569395	0.569853	0.150656	0.605081	0.508689	0.545781	0.194855	0.587992	0.616822	0.380645	0.598540	0.617068	0.293972	0.521193	0.079624	0.294458	0.574713	0.612795	0.620896	0.536680	0.160288	0.585774	0.339695	0.238606	0.519608	0.383532	0.561205	0.594406	0.516640	0.534884	0.581614	0.589641	0.108603	0.499244	0.517766	0.533333	0.296173	0.614251	0.361421	0.342637	0.603175	0.612121	0.470270	0.610723	0.472033	0.083686	0.529134	0.509985	0.630197	0.565766	0.286634	0.052811	0.619385	0.636905	0.424779	0.150084	0.353877	0.595825	0.486563	0.610879	0.626398	0.616822	0.584270	0.560886	0.553345	0.220707	0.016318	0.161671	0.573077	0.616408	0.368366	0.518519	0.396437	0.557971	0.481159	0.632603	0.310105	0.272797	0.614433	0.539249	0.569260	0.541133	0.541833	0.543210	0.146623	0.330548	0.555752	0.620843	0.286174	0.598540	0.638961	0.162113	0.601881	0.459459	0.553535	0.470109	0.650831	0.429975	0.582057	0.620192	0.260806	0.548951	0.637838	0.627737	0.504451	0.065804	0.626398	0.094959	0.089854	0.640420	0.522613	0.451962	0.543253	0.635294	0.551060	0.452221	0.509259	0.445860	0.427021	0.612069	0.644670	0.279654	0.641509	0.469274	0.509036	0.488145	0.642254	0.599222	0.065441	0.538168	0.363265	0.408827	0.529605	0.508124	0.396861	0.563910	0.597561	0.345631	0.492114	0.153514	0.508475	0.383167	0.281646	0.584493	0.506706	0.415981	0.584946	0.436954	0.545139	0.178267	0.634146	0.595455	0.598007	0.634146	0.150401	0.582707	0.608108	0.503268	0.537217	0.297162	0.481994	0.234519	0.413146	0.523659	0.595745	0.338403	0.487179	0.539474	0.523962	0.415981	0.278997	0.617647	0.122085	0.423306	0.413551	0.579365	0.462380	0.123869	0.515337	0.614610	0.111669	0.575238	0.426506	0.652632	0.542314	0.168401	0.070593	0.048921	0.182190	0.485380	0.632979	0.555957	0.464387	0.406467	0.627692	0.571429	0.479777	0.593548	0.619590	0.503864	0.596774	0.282092	0.610723	0.548673	0.485106	0.565217	0.071601	0.553480	0.615776	0.509985	0.551331	0.420673	0.386536	0.235294	0.642674	0.638821	0.288961	0.601010	0.334586	0.368530	0.627346	0.570881	0.358510	0.444159	0.059333	0.631579	0.383208	0.486091	0.102035	0.198439	0.539855	0.032601	0.536585	0.604230	0.654155	0.515528	0.181818	0.420048	0.219889	0.600806	0.011213	0.523274	0.576200	0.603175	0.612150	0.535117	0.569565	0.357430	0.204598	0.591398	0.309565	0.565619	0.390244	0.621253	0.557983	0.160650	0.417983	0.156484	0.323636	0.601227	0.648241	0.549223	0.635802	0.569647	0.632967	0.535117	0.499248	0.613757	0.285944	0.644836	0.620915	0.330241	0.636364	0.617778	0.584718	0.079429	0.329325	0.633229	0.615741	0.639798	0.387378	0.524430	0.298658	0.177114	0.574423	0.631285	0.614319	0.111285	0.629738	0.621538	0.657303	0.562832	0.338725	0.479549	0.496329	0.329020	0.444727	0.581443	0.372775	0.474860	0.558226	0.596195	0.515823	0.278778	0.536000	0.601190	0.610169	0.556553	0.483240	
0.174670	0.262032	0.346056	0.223558	0.118124	0.340990	0.419723	0.309318	0.255970	0.197948	0.181818	0.439723	0.183850	0.199945	0.244666	0.186384	0.323446	0.133257	0.176718	0.255970	0.553326	0.531414	0.252218	0.172103	0.193441	0.604219	0.410732	0.152884	0.140200	0.585221	0.082030	0.144977	0.177740	0.161765	0.526060	0.168498	0.257373	0.544162	0.113208	0.213795	0.305085	0.395469	0.496258	0.602315	0.182835	0.118669	0.508619	0.617838	0.278602	0.644204	0.180291	0.251278	0.612003	0.207391	0.136468	0.319545	0.154982	0.125180	0.147620	0.217713	0.583908	0.112112	0.322581	0.126801	0.380075	0.547097	0.130035	0.232255	0.139668	0.350254	0.196949	0.189919	0.590371	0.274031	0.203924	0.172364	0.149730	0.396356	0.595435	0.283602	0.156028	0.216246	0.129496	0.436294	0.173644	0.394970	0.221128	0.207885	0.054475	0.406357	0.559671	0.165397	0.305085	0.132184	0.380976	0.296646	0.623458	0.126261	0.323446	0.193943	0.228400	0.126261	0.236092	0.380997	0.363957	0.050975	0.327759	0.586073	0.540232	0.204916	0.074645	0.275405	0.099415	0.109366	0.283602	0.417294	0.586541	0.224044	0.515455	0.513867	0.631972	0.570600	0.053309	0.351509	0.369898	0.591880	0.200443	0.395957	0.210845	0.132184	0.608429	0.516734	0.114849	0.228400	0.280878	0.192436	0.651360	0.251748	0.094400	0.373280	0.353597	0.258773	0.245614	0.265279	0.304643	0.413525	0.364368	0.322148	0.046875	0.196949	0.243243	0.541649	0.208379	0.112112	0.517757	0.636770	0.238482	0.109916	0.364368	0.182835	0.642684	0.457129	0.052726	0.472499	0.458284	0.205907	0.165914	0.429983	0.273114	0.254565	0.491076	0.428503	0.264816	0.342260	0.489081	0.617480	0.147620	0.246087	0.244666	0.438688	0.496152	0.403728	0.613694	0.360242	0.511394	0.281787	0.274031	0.331622	0.287220	0.294411	0.103851	1.000000	0.405882	0.234175	0.439152	0.251748	0.341837	0.386905	0.303315	0.292170	0.562719	0.189415	0.304200	0.211337	0.202434	0.626311	0.145506	0.245614	0.208873	0.579302	0.171589	0.142857	0.375312	0.057382	0.158118	0.463694	0.247506	0.618056	0.466713	0.191430	0.070644	0.092163	0.189415	0.601549	0.169014	0.419903	0.531113	0.235613	0.372966	0.195948	0.064324	0.244666	0.048048	0.196949	0.181309	0.647244	0.258773	0.225498	0.237049	0.465138	0.131647	0.396845	0.415957	0.115942	0.089359	0.294858	0.143388	0.291721	0.627901	0.246561	0.254096	0.158118	0.207885	0.478442	0.565372	0.140200	0.092723	0.317370	0.613152	0.402158	0.193943	0.279968	0.169014	0.152884	0.142857	0.151834	0.201439	0.206897	0.540875	0.261170	0.604096	0.190423	0.154982	0.387305	0.239913	0.362720	0.058542	0.272196	0.133793	0.451185	0.487092	0.172617	0.223073	0.193943	0.203924	0.043936	0.213795	0.632364	0.429501	0.212813	0.154982	0.474050	0.057382	0.119757	0.600987	0.083161	0.294858	0.177740	0.293067	0.139135	0.327329	0.158118	0.136468	0.505296	0.216246	0.111563	0.133793	0.264816	0.603867	0.152884	0.617212	0.636622	0.117579	0.228400	0.294411	0.219178	0.094959	0.189919	0.296199	0.252688	0.314752	0.333761	0.161765	0.124639	0.481933	0.140732	0.284055	0.260171	0.284508	0.103297	0.187395	0.616306	0.192436	0.394373	0.347318	0.233696	0.266204	0.360242	0.052726	0.088235	0.412969	0.246087	0.623632	0.253158	0.364780	0.481089	0.181818	0.263425	0.343105	0.162284	0.321714	0.218202	0.575261	0.088235	0.149203	0.072932	0.133257	0.618496	0.196448	0.151308	0.235613	0.238482	0.465574	0.286769	0.519390	0.343527	0.246087	0.062016	0.419011	0.277689	0.233696	0.242293	0.343105	0.477461	0.094959	0.643955	0.338870	0.345214	0.182327	0.290823	0.621258	0.254565	0.126261	0.643450	0.192939	0.334188	0.117034	0.219666	0.602777	0.604559	0.558315	0.583764	0.269436	0.114849	0.207391	0.277689	0.349416	0.086547	0.060859	0.284508	0.162284	0.148676	0.252218	0.178251	0.480849	0.143388	0.212813	0.034472	0.183343	0.618100	0.224529	0.124098	0.254096	0.193441	0.335041	0.372151	0.535224	0.121930	0.131647	0.471654	0.125721	0.423114	0.389302	0.113208	0.191430	0.399508	0.312127	0.591490	0.147620	0.375406	0.268975	0.645024	0.574188	0.206402	0.453259	0.217224	0.089921	0.113208	0.250807	0.588867	0.337596	0.541889	0.178251	0.186664	0.240866	0.169530	0.115942	0.142857	0.228883	0.159683	0.400197	0.565669	0.112660	0.450971	0.200941	0.364368	0.109916	0.227434	0.611195	0.331194	0.613054	0.434803	0.174670	0.126801	0.219666	0.085984	0.170560	0.157074	0.228883	0.260637	0.115942	0.474404	0.126261	0.075784	0.428434	0.125721	0.154458	0.072932	0.630130	0.431014	0.083161	0.144977	0.126261	0.371336	0.236571	0.462008	0.596222	0.168498	0.104956	0.145506	0.626694	0.096633	0.086547	0.103851	0.212813	0.420082	0.280878	0.268052	0.429466	0.315626	0.172617	0.385399	0.284055	0.200941	0.166432	0.245140	0.486089	0.043347	0.092723	0.165914	0.208873	0.284055	
0.492550	0.601515	0.621192	0.568200	0.390716	0.622163	0.652917	0.089276	0.596787	0.542544	0.521212	0.637648	0.500431	0.539043	0.576773	0.530928	0.628689	0.425612	0.506550	0.579954	0.580562	0.612754	0.585065	0.503521	0.539898	0.324018	0.642857	0.462238	0.442791	0.548585	0.286894	0.457565	0.514385	0.491039	0.619545	0.487157	0.589313	0.612961	0.374634	0.521739	0.616254	0.600853	0.627451	0.516349	0.509939	0.388406	0.624328	0.472772	0.607670	0.481258	0.524306	0.598304	0.532006	0.550580	0.438202	0.622928	0.453309	0.406877	0.444444	0.554197	0.514286	0.377322	0.633677	0.411429	0.636991	0.609865	0.422348	0.568019	0.443203	0.630263	0.533333	0.536294	0.547583	0.607727	0.533778	0.047037	0.457457	0.621194	0.548460	0.615947	0.463348	0.570261	0.417062	0.616076	0.502195	0.611247	0.578606	0.543496	0.197611	0.626347	0.220072	0.489760	0.614841	0.420755	0.629073	0.626074	0.314453	0.408008	0.638298	0.525869	0.563651	0.415634	0.573913	0.113629	0.638764	0.185792	0.605317	0.251021	0.565875	0.532889	0.263598	0.609340	0.340000	0.369352	0.594001	0.634060	0.241209	0.575806	0.609533	0.607571	0.491589	0.583402	0.193689	0.640840	0.109593	0.529348	0.536913	0.644254	0.535862	0.416981	0.540000	0.629486	0.385214	0.579664	0.586334	0.537415	0.418380	0.597843	0.324924	0.646798	0.641361	0.604722	0.599222	0.611907	0.625177	0.622117	0.637066	0.642366	0.171806	0.535021	0.562500	0.591512	0.533113	0.377322	0.615459	0.471176	0.574803	0.368989	0.635779	0.518583	0.479477	0.621666	0.191721	0.623610	0.644142	0.533666	0.492883	0.655870	0.605655	0.581288	0.634872	0.629758	0.603318	0.639574	0.620445	0.432880	0.453627	0.566096	0.592362	0.600671	0.627628	0.631261	0.455508	0.645078	0.578358	0.622157	0.610698	0.651762	0.609455	0.562185	0.353175	0.405882	1.000000	0.563045	0.630691	0.591680	0.633333	0.637717	0.625089	0.627706	0.574949	0.524786	0.621373	0.566722	0.546823	0.513433	0.455300	0.594553	0.555831	0.573618	0.495154	0.450000	0.635904	0.207343	0.481515	0.634461	0.592708	0.324029	0.650188	0.536627	0.250790	0.318136	0.507692	0.524191	0.484956	0.647059	0.614739	0.571203	0.637460	0.532544	0.230277	0.565861	0.175824	0.538397	0.507799	0.421883	0.604722	0.547064	0.585635	0.636462	0.423041	0.638974	0.633944	0.386408	0.309572	0.622126	0.447734	0.636823	0.338361	0.590521	0.598619	0.476105	0.553438	0.642027	0.224537	0.442791	0.319838	0.604297	0.507937	0.620024	0.534351	0.596026	0.495575	0.473157	0.442593	0.461258	0.537688	0.552697	0.590728	0.073883	0.536090	0.518771	0.476881	0.593924	0.584446	0.638710	0.211207	0.619970	0.428975	0.644444	0.615227	0.497801	0.560582	0.515691	0.533778	0.161683	0.562756	0.514286	0.640833	0.550534	0.475068	0.627637	0.207343	0.397300	0.528090	0.290422	0.597701	0.500436	0.612392	0.439888	0.637108	0.477908	0.434457	0.610808	0.566993	0.373777	0.428975	0.603318	0.273837	0.473157	0.374915	0.359775	0.391094	0.547638	0.611071	0.569106	0.326613	0.527754	0.596416	0.586154	0.622129	0.627954	0.482079	0.407266	0.629610	0.444238	0.587719	0.577508	0.617969	0.351539	0.518010	0.272489	0.515306	0.640931	0.634501	0.574603	0.620015	0.641192	0.191721	0.306122	0.644471	0.580093	0.521037	0.584166	0.601929	0.638831	0.517749	0.604686	0.630739	0.472695	0.620785	0.558632	0.544356	0.306122	0.463370	0.258132	0.431262	0.516727	0.543919	0.459854	0.568038	0.587402	0.642162	0.614265	0.567742	0.640957	0.584759	0.222698	0.638498	0.599705	0.580952	0.599374	0.656021	0.619295	0.326613	0.456278	0.641661	0.633952	0.510381	0.613160	0.452638	0.590491	0.409914	0.427604	0.535259	0.632928	0.389535	0.562145	0.545192	0.291484	0.209358	0.559478	0.606287	0.385214	0.560531	0.617430	0.638999	0.300921	0.218884	0.616508	0.488809	0.461962	0.571209	0.512195	0.635319	0.449584	0.568611	0.128523	0.521589	0.295164	0.572119	0.405742	0.606293	0.516129	0.633423	0.643357	0.612471	0.405379	0.423041	0.638004	0.414122	0.649184	0.636588	0.376585	0.528109	0.649240	0.628931	0.249549	0.459137	0.648956	0.618727	0.397006	0.587081	0.543189	0.143450	0.541599	0.311292	0.376585	0.580247	0.560153	0.640268	0.594452	0.517422	0.051231	0.578824	0.495137	0.386408	0.450000	0.569600	0.476619	0.614078	0.587793	0.376953	0.651498	0.533110	0.647362	0.370952	0.574178	0.530683	0.595254	0.530236	0.630137	0.510079	0.415238	0.560520	0.299180	0.485437	0.476965	0.572800	0.581625	0.386408	0.635741	0.411821	0.267223	0.634682	0.408397	0.477314	0.258132	0.323335	0.626659	0.290422	0.455720	0.413727	0.656906	0.563981	0.636659	0.558227	0.494243	0.356436	0.457143	0.423267	0.331658	0.300921	0.353175	0.563681	0.644745	0.609846	0.609152	0.640138	0.633773	0.508355	0.648413	0.631579	0.543168	0.483556	0.591900	0.638673	0.159645	0.319838	0.496441	0.552523	0.616959	
0.622642	0.640608	0.563456	0.642857	0.557480	0.616924	0.551618	0.047376	0.634361	0.626904	0.645503	0.551825	0.634211	0.636364	0.635747	0.619608	0.618147	0.597285	0.619303	0.649780	0.442589	0.470255	0.622222	0.616011	0.629012	0.182705	0.582358	0.608571	0.582840	0.386456	0.463158	0.601460	0.625668	0.613668	0.478642	0.613699	0.641054	0.459682	0.552716	0.619512	0.633858	0.570048	0.510692	0.339771	0.625330	0.559748	0.492718	0.298476	0.626959	0.296322	0.624170	0.643653	0.357232	0.634449	0.585949	0.615825	0.610795	0.580247	0.594203	0.642512	0.359017	0.548077	0.625000	0.568356	0.598662	0.455489	0.563166	0.645688	0.601481	0.606601	0.641221	0.626943	0.382392	0.650475	0.647500	0.024705	0.602305	0.593725	0.380910	0.626033	0.609065	0.640000	0.573171	0.547826	0.629730	0.562652	0.637126	0.636139	0.348659	0.579072	0.120661	0.624309	0.631890	0.583964	0.601504	0.627884	0.176639	0.575385	0.599244	0.625641	0.642353	0.572308	0.648961	0.060662	0.604853	0.329457	0.614232	0.138719	0.437370	0.653367	0.445242	0.637895	0.522463	0.536349	0.636364	0.571649	0.132963	0.630202	0.489869	0.483412	0.306652	0.422675	0.342308	0.608541	0.058449	0.361648	0.635561	0.573969	0.643735	0.571861	0.359017	0.490679	0.543720	0.630588	0.629938	0.628057	0.243503	0.634038	0.516892	0.592530	0.588131	0.647702	0.636569	0.631466	0.624631	0.577399	0.600866	0.604739	0.306483	0.620865	0.624291	0.454106	0.630408	0.544872	0.471653	0.287238	0.645235	0.545161	0.597403	0.617414	0.290921	0.535466	0.339114	0.527517	0.536212	0.629353	0.615172	0.556391	0.620106	0.625414	0.514507	0.555805	0.638619	0.609800	0.502219	0.257467	0.591304	0.635851	0.626697	0.534197	0.505316	0.573927	0.278424	0.599127	0.471060	0.609959	0.637804	0.596100	0.637295	0.612903	0.528736	0.234175	0.563045	1.000000	0.549275	0.627364	0.603088	0.582028	0.620553	0.646403	0.420432	0.625162	0.625247	0.633129	0.652447	0.329511	0.606414	0.636569	0.634568	0.409615	0.625000	0.596182	0.583263	0.364326	0.605634	0.536885	0.662921	0.182472	0.537620	0.624516	0.425455	0.489796	0.619974	0.348424	0.601915	0.564181	0.469914	0.628902	0.574830	0.645408	0.397032	0.642534	0.313112	0.628499	0.622517	0.244123	0.645514	0.639810	0.649770	0.534708	0.575758	0.583199	0.566563	0.535658	0.483705	0.626385	0.595308	0.618661	0.191258	0.630631	0.630531	0.611268	0.638614	0.520401	0.123248	0.591716	0.509338	0.605364	0.328381	0.586180	0.633333	0.637500	0.607387	0.614286	0.590308	0.590258	0.646541	0.627792	0.456592	0.039059	0.351120	0.631307	0.605114	0.602965	0.643021	0.594266	0.370510	0.634146	0.578313	0.542470	0.518614	0.620596	0.631704	0.638462	0.637500	0.289683	0.624390	0.321522	0.554887	0.638142	0.607955	0.533066	0.360531	0.573668	0.351980	0.468531	0.620342	0.614973	0.637007	0.587537	0.620431	0.600000	0.573991	0.488257	0.623030	0.539326	0.581325	0.625674	0.152216	0.614286	0.215392	0.204508	0.561514	0.642353	0.618952	0.637786	0.509275	0.608808	0.622490	0.650388	0.626204	0.609982	0.616457	0.562597	0.520315	0.587888	0.631579	0.652126	0.635052	0.523026	0.628422	0.151414	0.635779	0.574209	0.599641	0.627178	0.634409	0.604367	0.335260	0.481928	0.572097	0.649380	0.335148	0.629712	0.583045	0.518128	0.632275	0.636364	0.614130	0.621170	0.629981	0.627262	0.382222	0.488812	0.588745	0.440433	0.582202	0.329008	0.611465	0.619799	0.638150	0.636051	0.534804	0.629744	0.450593	0.595475	0.633596	0.385047	0.560920	0.636649	0.645761	0.625711	0.603261	0.519294	0.495784	0.272010	0.606947	0.598738	0.620872	0.603659	0.275664	0.647514	0.556923	0.250509	0.642674	0.626039	0.562401	0.637019	0.364174	0.162764	0.114475	0.389669	0.633938	0.559618	0.627014	0.603141	0.607685	0.480969	0.382739	0.620619	0.626741	0.598266	0.635556	0.622163	0.532013	0.598240	0.640587	0.233607	0.611331	0.164976	0.646081	0.569659	0.621681	0.662388	0.602765	0.591141	0.465459	0.573209	0.587879	0.525253	0.560863	0.567957	0.593929	0.571885	0.616774	0.589085	0.622093	0.137854	0.591304	0.600677	0.632479	0.230358	0.418173	0.631056	0.077150	0.662636	0.496575	0.552716	0.644370	0.389869	0.619615	0.449786	0.616822	0.026935	0.627854	0.609290	0.538827	0.587372	0.646298	0.597475	0.576461	0.426493	0.553600	0.558803	0.642317	0.592208	0.541935	0.650943	0.349129	0.605948	0.340981	0.554324	0.617251	0.559140	0.653846	0.481802	0.623978	0.610169	0.636898	0.631808	0.554675	0.523364	0.566154	0.443649	0.558978	0.563945	0.600284	0.433213	0.182049	0.550225	0.475524	0.607299	0.569231	0.597270	0.638985	0.546713	0.380910	0.624658	0.527005	0.597668	0.249710	0.506711	0.470588	0.528736	0.640587	0.572086	0.625780	0.625268	0.557303	0.607692	0.623306	0.597682	0.619195	0.632242	0.630854	0.637288	0.521569	0.286282	0.499151	0.606897	0.656790	0.639835	
0.469841	0.590688	0.604052	0.533137	0.353859	0.636982	0.607930	0.101427	0.573633	0.511485	0.485086	0.646186	0.489828	0.512977	0.566334	0.495713	0.607868	0.391194	0.474684	0.580645	0.613804	0.614980	0.568406	0.476494	0.510409	0.361727	0.644803	0.436782	0.408710	0.586901	0.255515	0.412303	0.477093	0.446964	0.620566	0.469551	0.586424	0.625374	0.340909	0.536622	0.607562	0.637500	0.636622	0.557119	0.484326	0.355286	0.637119	0.507340	0.584407	0.496644	0.479937	0.574859	0.552712	0.520755	0.401011	0.608807	0.436989	0.372213	0.427152	0.548291	0.562521	0.338004	0.607370	0.376390	0.635939	0.607918	0.384681	0.546512	0.407376	0.615009	0.506135	0.494574	0.576798	0.581570	0.525038	0.053601	0.432343	0.639409	0.578209	0.582773	0.436275	0.519732	0.383305	0.659642	0.467409	0.635897	0.541020	0.524887	0.175000	0.653997	0.247716	0.463768	0.607562	0.388465	0.633236	0.594059	0.351241	0.375000	0.609137	0.503852	0.557018	0.375000	0.556358	0.128870	0.637560	0.164410	0.633039	0.281937	0.603944	0.522727	0.234419	0.587193	0.303843	0.330695	0.600269	0.633260	0.271104	0.543046	0.634791	0.620127	0.515470	0.595492	0.171484	0.623630	0.124329	0.554558	0.509535	0.637037	0.528529	0.390161	0.570058	0.628152	0.345248	0.538012	0.591892	0.501931	0.453425	0.567396	0.290090	0.633255	0.620522	0.579609	0.561254	0.571231	0.601435	0.639779	0.631201	0.602670	0.151899	0.503067	0.557541	0.623268	0.521477	0.338004	0.605699	0.494459	0.570194	0.332162	0.626420	0.484326	0.510198	0.654397	0.169720	0.647410	0.640737	0.521936	0.455350	0.620130	0.572796	0.570625	0.639923	0.641123	0.584083	0.617284	0.644391	0.478531	0.423841	0.563701	0.562054	0.640797	0.644308	0.638514	0.493082	0.616957	0.631905	0.582996	0.589761	0.598119	0.598394	0.593377	0.315883	0.439152	0.630691	0.549275	1.000000	0.565984	0.616430	0.636626	0.592157	0.605980	0.615505	0.491854	0.609661	0.532633	0.509506	0.539247	0.420266	0.555556	0.518072	0.591224	0.465710	0.415346	0.620811	0.183732	0.442997	0.642785	0.568182	0.361312	0.641414	0.490333	0.222846	0.283906	0.504267	0.558155	0.470777	0.637713	0.619532	0.553868	0.616293	0.502304	0.204352	0.572040	0.155491	0.515337	0.487038	0.462830	0.565642	0.555066	0.558442	0.641662	0.388795	0.612756	0.647514	0.348129	0.276113	0.599603	0.415000	0.589096	0.376517	0.561878	0.559775	0.442997	0.526395	0.628912	0.252662	0.407035	0.285456	0.620999	0.545339	0.650535	0.500770	0.591340	0.469175	0.438424	0.417014	0.435855	0.519421	0.519637	0.625839	0.084031	0.557013	0.500387	0.438625	0.643187	0.557471	0.627921	0.187202	0.585900	0.392555	0.640959	0.640655	0.469745	0.542373	0.516179	0.522003	0.142857	0.521674	0.540794	0.632035	0.531437	0.438625	0.647146	0.183732	0.358131	0.564206	0.258716	0.610192	0.489731	0.611812	0.404362	0.620820	0.446254	0.399326	0.626404	0.534624	0.336547	0.392555	0.582699	0.307070	0.438424	0.416372	0.399746	0.352431	0.549708	0.602649	0.541142	0.291629	0.499225	0.610304	0.582100	0.613111	0.630000	0.456680	0.370815	0.639922	0.410042	0.599866	0.571429	0.594086	0.314387	0.496498	0.305587	0.501931	0.635066	0.626225	0.556925	0.581492	0.632592	0.169720	0.272975	0.620766	0.555160	0.551456	0.569014	0.630824	0.637838	0.481947	0.571429	0.611591	0.453074	0.619593	0.549369	0.594653	0.272975	0.427746	0.229478	0.391194	0.541109	0.514198	0.436214	0.553868	0.550036	0.632809	0.596115	0.595893	0.611214	0.555160	0.197531	0.649479	0.594705	0.552574	0.559771	0.610358	0.638984	0.291629	0.493626	0.635236	0.631838	0.489412	0.595206	0.502606	0.579058	0.375000	0.467795	0.510802	0.612117	0.350999	0.536296	0.573310	0.326453	0.235835	0.591560	0.584192	0.345248	0.517736	0.579769	0.619426	0.268248	0.194101	0.590054	0.453074	0.426446	0.572638	0.481452	0.643384	0.415000	0.523952	0.113320	0.485513	0.330489	0.542647	0.369416	0.562588	0.505783	0.628821	0.625296	0.612084	0.363793	0.388795	0.627059	0.373608	0.652861	0.644790	0.340909	0.507347	0.646259	0.589677	0.280313	0.423841	0.630588	0.570839	0.433803	0.603509	0.520030	0.162347	0.541264	0.277677	0.340909	0.579505	0.583364	0.596644	0.631799	0.476717	0.058362	0.556671	0.460800	0.348129	0.417014	0.547845	0.441917	0.646293	0.598168	0.339458	0.647579	0.522866	0.622833	0.332162	0.553441	0.565785	0.624843	0.558766	0.650989	0.474603	0.376390	0.536296	0.266667	0.472843	0.438825	0.550767	0.584958	0.348129	0.625000	0.375000	0.237697	0.620876	0.371894	0.432432	0.229478	0.360937	0.647948	0.258716	0.417290	0.375000	0.622485	0.563177	0.651044	0.569579	0.466346	0.318866	0.423588	0.468010	0.296230	0.268248	0.315883	0.520958	0.635565	0.586486	0.577135	0.626012	0.602054	0.471338	0.629200	0.587761	0.518293	0.456592	0.567356	0.630859	0.141038	0.285456	0.461786	0.522590	0.594486	
0.575096	0.653445	0.564460	0.643101	0.544643	0.628521	0.588764	0.051338	0.624339	0.627879	0.617907	0.575693	0.617315	0.617612	0.612378	0.628429	0.613699	0.562857	0.610473	0.624339	0.466974	0.496115	0.625400	0.604651	0.625000	0.196845	0.590288	0.578019	0.572230	0.411190	0.431631	0.576177	0.619108	0.591512	0.507446	0.599739	0.639241	0.483871	0.527903	0.588098	0.622982	0.555121	0.537185	0.363636	0.608805	0.523031	0.519881	0.319316	0.649899	0.317719	0.600000	0.654545	0.381224	0.592417	0.560907	0.611418	0.558704	0.548905	0.572215	0.621965	0.378999	0.529501	0.633120	0.546512	0.603406	0.482869	0.547550	0.618994	0.550562	0.611399	0.626974	0.625464	0.408574	0.650407	0.640382	0.026797	0.582763	0.571875	0.406957	0.636816	0.586810	0.638051	0.545455	0.557516	0.620335	0.563579	0.637615	0.615385	0.325581	0.574924	0.130344	0.588699	0.621083	0.567335	0.614263	0.655706	0.190360	0.550218	0.622831	0.621787	0.626832	0.553130	0.631229	0.065698	0.606213	0.307414	0.602715	0.149736	0.455709	0.624553	0.407407	0.642351	0.489028	0.521341	0.628856	0.581273	0.143558	0.617312	0.513120	0.500870	0.328652	0.450195	0.319569	0.621878	0.063307	0.384265	0.624096	0.590267	0.634548	0.535817	0.383921	0.523529	0.540541	0.640361	0.598599	0.619165	0.261672	0.647436	0.473768	0.604115	0.631218	0.660358	0.647887	0.640415	0.636882	0.577878	0.620805	0.628205	0.285714	0.626974	0.614379	0.472632	0.593381	0.520424	0.506195	0.308097	0.614537	0.526636	0.609060	0.613836	0.312000	0.554576	0.316547	0.547479	0.555329	0.615933	0.595801	0.583760	0.631365	0.605096	0.539043	0.575802	0.643154	0.623354	0.511772	0.276514	0.561210	0.621212	0.644951	0.531557	0.529340	0.597683	0.298755	0.624365	0.485971	0.647353	0.652439	0.635548	0.649556	0.586978	0.504644	0.251748	0.591680	0.627364	0.565984	1.000000	0.620387	0.588800	0.631077	0.640625	0.441872	0.599010	0.635585	0.640845	0.633094	0.352808	0.578147	0.639220	0.630460	0.436467	0.592497	0.571031	0.611475	0.340426	0.597055	0.544970	0.638619	0.196597	0.572382	0.608374	0.398637	0.467200	0.599010	0.372760	0.580729	0.596413	0.494949	0.631929	0.616653	0.628502	0.375000	0.614549	0.291971	0.617254	0.603535	0.262332	0.641430	0.603859	0.638674	0.554960	0.553802	0.577255	0.592927	0.523952	0.461290	0.634951	0.570236	0.631476	0.205986	0.648649	0.620616	0.599732	0.653254	0.552219	0.133125	0.572230	0.482428	0.592044	0.351615	0.587963	0.631579	0.629890	0.604167	0.618725	0.579387	0.552381	0.615385	0.619217	0.476090	0.042341	0.375602	0.609877	0.582996	0.593125	0.632272	0.614478	0.346290	0.636735	0.570613	0.578581	0.524138	0.621935	0.618721	0.626683	0.621266	0.269871	0.634772	0.344371	0.586686	0.629240	0.591093	0.550196	0.340426	0.539259	0.375704	0.453202	0.613592	0.578344	0.635478	0.565401	0.615942	0.589023	0.558074	0.518429	0.635731	0.527273	0.576320	0.616183	0.164211	0.618725	0.231741	0.220132	0.530551	0.622322	0.618076	0.619816	0.485714	0.608158	0.613746	0.626866	0.645581	0.607685	0.604775	0.546784	0.545106	0.571429	0.596421	0.633124	0.651440	0.514729	0.619403	0.163351	0.604423	0.579528	0.613380	0.632517	0.647363	0.624365	0.316547	0.453074	0.601515	0.616883	0.358758	0.628328	0.561609	0.541828	0.630517	0.647242	0.606486	0.572185	0.623281	0.639723	0.406646	0.453074	0.583562	0.409475	0.557143	0.352277	0.635036	0.580381	0.636364	0.651982	0.563172	0.642292	0.467920	0.619965	0.634199	0.363636	0.602086	0.629032	0.648107	0.635371	0.609991	0.532567	0.473016	0.291953	0.633068	0.609075	0.602015	0.642507	0.295828	0.630573	0.553130	0.269120	0.615951	0.601786	0.546269	0.637514	0.389351	0.175511	0.123695	0.411765	0.634497	0.513514	0.623223	0.641129	0.629758	0.455285	0.354386	0.615690	0.593377	0.589849	0.608324	0.600509	0.552835	0.575800	0.633918	0.217143	0.613065	0.177879	0.632537	0.556369	0.631243	0.598039	0.638146	0.601156	0.485857	0.533137	0.559541	0.550591	0.530612	0.586411	0.600318	0.521870	0.608374	0.606391	0.608045	0.148808	0.585970	0.615258	0.633094	0.247685	0.442418	0.617577	0.083497	0.629630	0.466989	0.533937	0.635974	0.415480	0.606383	0.471451	0.615776	0.029213	0.626506	0.587776	0.502994	0.557103	0.628378	0.562667	0.587869	0.452217	0.519637	0.576389	0.640193	0.609060	0.508371	0.641808	0.373504	0.601977	0.364912	0.562590	0.613607	0.558140	0.630610	0.459283	0.604410	0.593289	0.641892	0.649215	0.517964	0.547231	0.561863	0.419463	0.583333	0.556851	0.589189	0.406091	0.196144	0.583516	0.443350	0.581717	0.535662	0.613730	0.628319	0.558704	0.406957	0.578879	0.500000	0.578147	0.268272	0.477093	0.461789	0.507740	0.647953	0.599553	0.644645	0.632338	0.577259	0.633240	0.609032	0.613655	0.632207	0.632972	0.610747	0.650759	0.546267	0.266667	0.476038	0.622047	0.651712	0.636183	
0.542304	0.625862	0.597037	0.594995	0.450801	0.623318	0.623292	0.072692	0.610288	0.588121	0.562814	0.633934	0.562563	0.580019	0.610864	0.577689	0.644564	0.485588	0.556345	0.612031	0.549420	0.570858	0.598771	0.559426	0.579568	0.270325	0.625000	0.504792	0.491803	0.508557	0.343634	0.502165	0.557244	0.539749	0.583162	0.532508	0.629565	0.568380	0.430058	0.564684	0.631076	0.596894	0.606889	0.466138	0.541625	0.443429	0.585056	0.409338	0.623746	0.419949	0.558468	0.627968	0.481146	0.575526	0.491189	0.630435	0.502651	0.457723	0.497309	0.592315	0.465909	0.440324	0.644015	0.462921	0.648084	0.572947	0.477679	0.619872	0.492341	0.635294	0.569756	0.575668	0.504019	0.625632	0.589028	0.038143	0.514469	0.615385	0.503597	0.634631	0.518519	0.605263	0.475978	0.601606	0.549540	0.605691	0.601490	0.592168	0.239159	0.607947	0.181498	0.535826	0.632669	0.477778	0.629526	0.642395	0.261770	0.465692	0.647648	0.563297	0.598714	0.470191	0.609955	0.092740	0.648959	0.225166	0.609028	0.207655	0.537355	0.591739	0.316583	0.624054	0.402381	0.419580	0.616404	0.629798	0.199345	0.592593	0.585290	0.571873	0.432787	0.539556	0.234519	0.651504	0.089411	0.467711	0.577519	0.632791	0.583096	0.473333	0.490152	0.601472	0.449309	0.598714	0.606162	0.574803	0.354591	0.622144	0.387485	0.642202	0.649123	0.624458	0.629333	0.623822	0.644338	0.615284	0.644189	0.655332	0.208556	0.581463	0.583929	0.557564	0.572519	0.428737	0.578809	0.411728	0.605405	0.428405	0.629842	0.575727	0.415365	0.612999	0.232190	0.607287	0.614925	0.563758	0.545643	0.632250	0.628378	0.596154	0.612291	0.621347	0.626072	0.633855	0.574890	0.373571	0.501615	0.596803	0.619768	0.581081	0.600653	0.625251	0.395802	0.638728	0.549395	0.630091	0.629005	0.644377	0.623868	0.586515	0.410377	0.341837	0.633333	0.603088	0.616430	0.620387	1.000000	0.634986	0.660272	0.632953	0.538901	0.552475	0.638468	0.607211	0.586873	0.459545	0.523243	0.608000	0.589133	0.529539	0.533333	0.506522	0.644163	0.250653	0.528978	0.608338	0.616475	0.269998	0.620811	0.575937	0.301648	0.374849	0.554455	0.476226	0.523711	0.624675	0.575605	0.601449	0.641696	0.566960	0.277635	0.591273	0.213333	0.577561	0.555332	0.355438	0.626193	0.576177	0.617886	0.612751	0.482759	0.622884	0.646636	0.434483	0.369830	0.633117	0.505972	0.628571	0.282343	0.624667	0.610674	0.522655	0.584527	0.618224	0.185262	0.493989	0.381643	0.615744	0.458101	0.618158	0.580962	0.615513	0.538144	0.532481	0.508696	0.516542	0.576402	0.587560	0.554869	0.060068	0.474388	0.565217	0.528102	0.615279	0.612758	0.641727	0.255208	0.622673	0.487265	0.620732	0.594324	0.548618	0.597403	0.578999	0.567854	0.196501	0.593012	0.450685	0.633525	0.580889	0.538706	0.603687	0.250653	0.458381	0.474702	0.347719	0.618506	0.547112	0.635179	0.492881	0.635528	0.528978	0.495595	0.589122	0.592105	0.433875	0.489480	0.615780	0.227042	0.532481	0.315963	0.300853	0.453608	0.578512	0.633631	0.603738	0.387019	0.569733	0.610526	0.621053	0.648395	0.628312	0.527197	0.476298	0.606232	0.502183	0.602649	0.612457	0.633581	0.410862	0.560636	0.225893	0.574803	0.622283	0.632668	0.605455	0.633020	0.647399	0.232190	0.360976	0.638633	0.607460	0.466738	0.620508	0.590681	0.615034	0.566834	0.638005	0.622487	0.522466	0.637278	0.604869	0.496585	0.365854	0.517167	0.310214	0.481153	0.455404	0.582031	0.512821	0.594203	0.621622	0.624852	0.640857	0.527363	0.647321	0.612789	0.268734	0.625648	0.624791	0.609091	0.624329	0.635890	0.597285	0.384615	0.393192	0.642161	0.620178	0.560241	0.642682	0.395722	0.636364	0.467942	0.364130	0.574238	0.620272	0.449541	0.608777	0.493477	0.242096	0.172480	0.515944	0.629252	0.437788	0.585086	0.639866	0.645066	0.359853	0.264249	0.626964	0.539185	0.515575	0.588235	0.550607	0.608894	0.505972	0.594134	0.156809	0.565130	0.245242	0.601295	0.463277	0.622922	0.557957	0.648036	0.645435	0.569576	0.463110	0.476085	0.613689	0.475225	0.641388	0.647462	0.436994	0.571992	0.638384	0.635720	0.206408	0.503767	0.650246	0.624681	0.336599	0.536308	0.584291	0.117420	0.585366	0.369380	0.439306	0.617958	0.511020	0.636090	0.559924	0.558704	0.041561	0.606278	0.552008	0.441379	0.489130	0.605505	0.510504	0.607527	0.545699	0.437500	0.638246	0.580833	0.642755	0.435390	0.614535	0.480059	0.608365	0.469823	0.614322	0.556575	0.469663	0.590103	0.357843	0.544707	0.519535	0.607339	0.613656	0.448276	0.610248	0.472441	0.320802	0.638217	0.477477	0.515924	0.310214	0.269401	0.629371	0.347719	0.515152	0.465692	0.657690	0.598553	0.621140	0.505995	0.532508	0.416471	0.503784	0.363045	0.392814	0.359853	0.415094	0.599811	0.635126	0.614488	0.625746	0.620076	0.647381	0.554759	0.651002	0.632450	0.578896	0.549223	0.622776	0.617298	0.194070	0.381643	0.553942	0.596759	0.635762	
0.521500	0.610063	0.612859	0.577666	0.409736	0.634483	0.613705	0.084331	0.611597	0.549605	0.534779	0.634515	0.527453	0.552931	0.589474	0.537634	0.631654	0.435897	0.523245	0.606831	0.579621	0.605860	0.597922	0.522059	0.546903	0.308542	0.638480	0.487155	0.465433	0.547155	0.301846	0.467181	0.524113	0.503745	0.600971	0.503238	0.613312	0.599816	0.397134	0.578992	0.623263	0.630257	0.627512	0.509695	0.535618	0.415400	0.618309	0.462488	0.611621	0.454601	0.521739	0.597278	0.510854	0.556131	0.450980	0.630000	0.496682	0.422422	0.470701	0.566582	0.513081	0.395897	0.624023	0.433134	0.650291	0.587534	0.434524	0.583954	0.463938	0.637228	0.548813	0.525378	0.536923	0.617874	0.556038	0.044378	0.482297	0.643664	0.543994	0.627748	0.493851	0.566327	0.438928	0.633160	0.520623	0.627204	0.556492	0.559103	0.208477	0.639951	0.208672	0.507907	0.618873	0.442688	0.644703	0.614243	0.298987	0.429570	0.625976	0.537577	0.582848	0.427572	0.591619	0.107410	0.636545	0.196078	0.649753	0.238233	0.560212	0.558543	0.277533	0.619523	0.357143	0.385567	0.618650	0.633111	0.228856	0.582215	0.599310	0.607160	0.470588	0.569009	0.204363	0.633220	0.103583	0.521070	0.554196	0.637280	0.568240	0.446640	0.527616	0.608739	0.402041	0.582848	0.613861	0.542553	0.400411	0.588800	0.341463	0.638326	0.625676	0.602372	0.593371	0.597342	0.616398	0.634206	0.633466	0.633001	0.181395	0.540018	0.594156	0.591689	0.563793	0.395897	0.582379	0.451074	0.602291	0.389289	0.644090	0.522994	0.456850	0.623812	0.202299	0.623574	0.628987	0.561039	0.505576	0.637716	0.611111	0.613057	0.616193	0.634638	0.607199	0.637302	0.625519	0.421195	0.474544	0.596123	0.582996	0.612644	0.615385	0.632691	0.443284	0.640374	0.589695	0.609886	0.614792	0.613445	0.614921	0.598660	0.370833	0.386905	0.637717	0.582028	0.636626	0.588800	0.634986	1.000000	0.628026	0.620329	0.567239	0.540107	0.624176	0.560892	0.552265	0.497472	0.466731	0.593371	0.566753	0.561909	0.517019	0.459302	0.623207	0.218679	0.493874	0.642424	0.602740	0.308177	0.637617	0.539964	0.264151	0.334398	0.540107	0.509027	0.523105	0.629540	0.598282	0.583882	0.620825	0.548018	0.242697	0.595951	0.185615	0.543536	0.540687	0.402885	0.605534	0.580753	0.585726	0.625692	0.439169	0.630585	0.640292	0.405295	0.325482	0.629464	0.464666	0.623785	0.321943	0.587571	0.594422	0.491989	0.555651	0.618635	0.212934	0.459591	0.336170	0.619355	0.501344	0.636025	0.534041	0.614798	0.528651	0.477640	0.463178	0.484271	0.547993	0.560069	0.593595	0.069759	0.511761	0.539146	0.492891	0.628754	0.582857	0.631158	0.222727	0.613601	0.443350	0.627854	0.631744	0.521579	0.574790	0.546419	0.557776	0.170760	0.567037	0.493404	0.631767	0.571429	0.487204	0.630952	0.218679	0.414560	0.519286	0.305525	0.617560	0.520473	0.626866	0.458537	0.640339	0.488219	0.452941	0.601320	0.566327	0.392197	0.439409	0.613459	0.260060	0.477640	0.359292	0.342532	0.408122	0.586178	0.625465	0.566836	0.343220	0.532502	0.617669	0.607029	0.627790	0.640614	0.507491	0.426854	0.625466	0.463035	0.621212	0.610410	0.637396	0.367049	0.549195	0.258769	0.544326	0.635101	0.626621	0.580858	0.613583	0.635027	0.202299	0.321888	0.634027	0.589661	0.502908	0.604948	0.626410	0.616702	0.531165	0.597647	0.633677	0.507016	0.634875	0.567797	0.539023	0.321888	0.471264	0.271823	0.445759	0.501515	0.547535	0.484733	0.590461	0.581015	0.629301	0.612368	0.569274	0.634615	0.589661	0.234763	0.641304	0.620214	0.574257	0.590244	0.636426	0.621277	0.343220	0.439773	0.633910	0.635616	0.530686	0.611236	0.443358	0.605096	0.427572	0.410865	0.542073	0.635983	0.408537	0.564666	0.523179	0.276961	0.198452	0.553557	0.605590	0.402041	0.566494	0.604900	0.627211	0.316469	0.230769	0.617714	0.503274	0.475551	0.604317	0.523636	0.629153	0.464666	0.568007	0.135876	0.515315	0.280488	0.563286	0.427282	0.599203	0.550442	0.630919	0.633443	0.590458	0.416918	0.437191	0.623094	0.428000	0.646283	0.639490	0.397134	0.547069	0.642455	0.616052	0.236826	0.470701	0.660144	0.609169	0.380650	0.561301	0.558824	0.135717	0.565365	0.327273	0.397134	0.602564	0.545667	0.626907	0.589294	0.527273	0.048340	0.586797	0.522622	0.407332	0.468992	0.570715	0.494361	0.637500	0.566553	0.395492	0.643101	0.553712	0.636122	0.387230	0.580484	0.512766	0.641906	0.511983	0.636150	0.521500	0.429142	0.571429	0.314655	0.521659	0.483475	0.587354	0.606777	0.403259	0.619794	0.429570	0.281319	0.629013	0.430000	0.489564	0.271823	0.307511	0.624332	0.305525	0.469112	0.431568	0.631648	0.582923	0.636971	0.543229	0.510638	0.372141	0.478303	0.409677	0.348469	0.316469	0.370833	0.566296	0.629607	0.618431	0.605447	0.637011	0.621136	0.514233	0.645285	0.607576	0.553712	0.506964	0.588997	0.620946	0.168618	0.336170	0.505576	0.549526	0.612121	
0.578475	0.633053	0.593180	0.608081	0.504459	0.621297	0.616022	0.063342	0.623819	0.605544	0.589404	0.607895	0.586813	0.605096	0.609284	0.601093	0.644040	0.521525	0.569196	0.608696	0.521781	0.537859	0.628571	0.586246	0.600646	0.238702	0.613557	0.536471	0.525424	0.467653	0.380556	0.538922	0.585746	0.583622	0.554061	0.550000	0.646560	0.543335	0.461340	0.560825	0.643225	0.568966	0.571264	0.425754	0.572687	0.478372	0.559511	0.375905	0.643180	0.379209	0.582503	0.625954	0.443231	0.589342	0.527473	0.623853	0.529274	0.501253	0.526190	0.615542	0.434339	0.483204	0.645108	0.499376	0.631501	0.537102	0.525403	0.611111	0.523636	0.646735	0.598291	0.605206	0.461859	0.643573	0.595789	0.033160	0.542654	0.605887	0.471612	0.635063	0.546729	0.631795	0.511166	0.572549	0.575281	0.582552	0.617259	0.605428	0.270833	0.599578	0.159309	0.578947	0.639794	0.515413	0.616184	0.652136	0.231014	0.502500	0.658940	0.591398	0.602000	0.512500	0.627953	0.080919	0.631902	0.255255	0.615764	0.182590	0.503388	0.592437	0.356436	0.634545	0.442077	0.457737	0.627907	0.628453	0.175185	0.619576	0.557987	0.554951	0.391084	0.505322	0.265672	0.626374	0.077997	0.437500	0.604454	0.617159	0.601660	0.498150	0.445316	0.567016	0.490372	0.628000	0.591727	0.599784	0.314905	0.619638	0.420485	0.634036	0.648944	0.639098	0.635135	0.640074	0.636910	0.595007	0.632950	0.653942	0.236722	0.608974	0.591659	0.521610	0.600626	0.475452	0.548673	0.368772	0.617042	0.464935	0.631418	0.583700	0.373273	0.584383	0.263079	0.589024	0.597730	0.572327	0.566857	0.613514	0.646575	0.604739	0.582011	0.610101	0.635097	0.635783	0.563984	0.332190	0.526190	0.603664	0.634429	0.553606	0.564894	0.606534	0.357363	0.633205	0.512929	0.639138	0.634458	0.660147	0.626998	0.581436	0.453228	0.303315	0.625089	0.620553	0.592157	0.631077	0.660272	0.628026	1.000000	0.647318	0.502287	0.586319	0.642612	0.623834	0.608237	0.417209	0.547847	0.642857	0.612500	0.493274	0.575621	0.536703	0.621155	0.283604	0.551163	0.591078	0.634615	0.238408	0.601737	0.590270	0.340000	0.422764	0.581976	0.431402	0.540295	0.624397	0.543536	0.602956	0.621418	0.605996	0.313498	0.607350	0.242057	0.604701	0.581215	0.315675	0.633459	0.595573	0.626719	0.590654	0.520988	0.622478	0.610264	0.466069	0.406548	0.645669	0.538462	0.649648	0.249517	0.641618	0.624288	0.558140	0.599165	0.598176	0.162654	0.532688	0.416779	0.599665	0.415135	0.596167	0.606452	0.619820	0.574347	0.562353	0.529483	0.530660	0.594709	0.606695	0.525794	0.052298	0.436852	0.576381	0.555035	0.596774	0.632812	0.625673	0.288660	0.627630	0.525799	0.602192	0.574941	0.574324	0.616785	0.593548	0.587368	0.223242	0.620619	0.409749	0.612162	0.599174	0.550351	0.570735	0.283604	0.492386	0.435552	0.385042	0.600175	0.559020	0.644425	0.526699	0.642564	0.553488	0.529915	0.569005	0.625641	0.476067	0.520885	0.623955	0.199897	0.562353	0.279865	0.266208	0.494898	0.592000	0.618214	0.613660	0.427995	0.596529	0.610820	0.620362	0.646465	0.616883	0.576701	0.511920	0.584726	0.524788	0.607685	0.626054	0.639286	0.448549	0.588877	0.198870	0.580367	0.605929	0.623418	0.631058	0.637037	0.633205	0.263079	0.399453	0.630844	0.638380	0.424688	0.619772	0.586524	0.591482	0.591611	0.646182	0.625199	0.541475	0.637874	0.633299	0.460000	0.404925	0.540925	0.349432	0.521525	0.416606	0.601070	0.543093	0.618719	0.640548	0.594628	0.638222	0.507028	0.637450	0.621022	0.303650	0.602062	0.624434	0.635015	0.627794	0.633174	0.569387	0.422611	0.350105	0.643087	0.624305	0.577729	0.633157	0.354593	0.635071	0.495000	0.323587	0.603448	0.611517	0.487867	0.619145	0.450536	0.213368	0.151302	0.472635	0.625575	0.480103	0.614420	0.629864	0.630418	0.401099	0.298682	0.633929	0.569124	0.546318	0.603810	0.582870	0.583784	0.528846	0.623967	0.178683	0.598460	0.216186	0.641129	0.500000	0.629981	0.561895	0.634818	0.637462	0.537578	0.492424	0.518519	0.594495	0.508135	0.613497	0.634039	0.471649	0.583784	0.628940	0.636210	0.181477	0.554762	0.636637	0.655617	0.298561	0.502503	0.586387	0.102623	0.607984	0.414169	0.476804	0.632283	0.473528	0.654311	0.523244	0.593993	0.036140	0.629630	0.575964	0.466069	0.531889	0.631369	0.546929	0.596140	0.511433	0.472258	0.613007	0.603814	0.640613	0.475325	0.613226	0.437572	0.592170	0.429425	0.589488	0.585202	0.511860	0.619145	0.401651	0.549774	0.554779	0.629371	0.632959	0.476312	0.597087	0.505000	0.361072	0.609048	0.503129	0.560375	0.349432	0.237871	0.594340	0.390582	0.531737	0.502500	0.638427	0.607670	0.591850	0.471612	0.563636	0.446781	0.540670	0.322599	0.434316	0.398352	0.455863	0.619835	0.610729	0.631295	0.632841	0.607407	0.642017	0.590090	0.628866	0.643432	0.595339	0.577626	0.639614	0.590476	0.220521	0.424899	0.571429	0.618750	0.654155	
0.597463	0.644359	0.606796	0.621762	0.515789	0.637255	0.607168	0.060699	0.646660	0.622125	0.606129	0.614047	0.610169	0.612868	0.634291	0.611236	0.633981	0.532995	0.594719	0.646660	0.509554	0.532275	0.634146	0.596288	0.621681	0.229610	0.614509	0.574545	0.549313	0.457265	0.400000	0.565432	0.595647	0.589074	0.543075	0.587135	0.646718	0.530801	0.495340	0.605291	0.657318	0.602780	0.576093	0.413223	0.595696	0.507227	0.552735	0.367740	0.645102	0.365194	0.605923	0.645161	0.427108	0.609442	0.546599	0.625213	0.562123	0.520052	0.554601	0.629591	0.425178	0.499332	0.638442	0.523196	0.637396	0.522495	0.547315	0.634791	0.542500	0.645265	0.623491	0.626533	0.454086	0.654851	0.631351	0.031756	0.566545	0.624269	0.457286	0.633120	0.570397	0.625263	0.522407	0.587375	0.587283	0.591777	0.639583	0.623794	0.281298	0.611748	0.152978	0.591284	0.648554	0.539440	0.629349	0.650624	0.222178	0.526452	0.637363	0.609945	0.629744	0.518710	0.647830	0.077572	0.622361	0.265211	0.630344	0.175422	0.496815	0.623517	0.369501	0.643721	0.454545	0.497312	0.645929	0.619817	0.168281	0.627329	0.547976	0.551572	0.378747	0.490637	0.275969	0.630905	0.074766	0.430683	0.625272	0.628488	0.617678	0.534351	0.436263	0.548098	0.506631	0.637949	0.618215	0.616408	0.303411	0.646484	0.443515	0.627782	0.629984	0.635226	0.640950	0.645774	0.638596	0.616796	0.639062	0.635593	0.246057	0.601537	0.630219	0.520121	0.623126	0.493992	0.537297	0.355726	0.634538	0.491275	0.628125	0.609287	0.360104	0.583493	0.273292	0.573375	0.588085	0.615716	0.592941	0.611684	0.650467	0.613592	0.569212	0.609589	0.633080	0.645477	0.566392	0.320184	0.557055	0.628458	0.630327	0.577279	0.571926	0.611714	0.345234	0.642520	0.521925	0.644628	0.654851	0.643927	0.663034	0.615936	0.471390	0.292170	0.627706	0.646403	0.605980	0.640625	0.632953	0.620329	0.647318	1.000000	0.487737	0.598214	0.654960	0.636170	0.622560	0.404962	0.569667	0.636993	0.620321	0.483447	0.583043	0.555831	0.629969	0.294479	0.577246	0.589050	0.904433	0.229326	0.597353	0.595556	0.352593	0.434783	0.595982	0.424009	0.581776	0.610098	0.529412	0.624242	0.610300	0.618262	0.325301	0.634291	0.251572	0.612514	0.604545	0.304158	0.656400	0.615067	0.644512	0.587342	0.522293	0.623624	0.611150	0.497354	0.420904	0.649374	0.555143	0.639064	0.240069	0.639684	0.645287	0.574850	0.630225	0.582716	0.156202	0.554307	0.439776	0.627887	0.404364	0.609827	0.614365	0.635945	0.588785	0.576970	0.558313	0.554070	0.626087	0.616541	0.521346	0.050104	0.425581	0.605791	0.569361	0.619866	0.632633	0.623824	0.299694	0.638577	0.542459	0.587156	0.570410	0.604867	0.632780	0.627624	0.605405	0.232114	0.622222	0.395581	0.604811	0.625663	0.576598	0.573366	0.294479	0.508519	0.425796	0.401722	0.640429	0.586483	0.648115	0.543179	0.639262	0.567665	0.554156	0.553069	0.625263	0.494652	0.537389	0.638783	0.192122	0.576970	0.269445	0.256221	0.508564	0.619487	0.630260	0.619247	0.445682	0.604236	0.636931	0.645224	0.653482	0.631317	0.581948	0.525907	0.579043	0.563591	0.632541	0.644914	0.644749	0.472033	0.605381	0.191131	0.603104	0.617084	0.629540	0.632860	0.646445	0.628346	0.273292	0.416431	0.610795	0.640316	0.409344	0.636806	0.601093	0.582217	0.612940	0.655863	0.639544	0.581257	0.646310	0.626834	0.455579	0.422096	0.567237	0.362297	0.550761	0.405100	0.608791	0.566910	0.620202	0.640562	0.582487	0.640000	0.509494	0.632520	0.640316	0.315152	0.601399	0.650000	0.632860	0.627490	0.637917	0.571947	0.442897	0.337583	0.646432	0.638574	0.594104	0.636610	0.341943	0.652427	0.516129	0.311834	0.617940	0.632450	0.509235	0.629049	0.440610	0.205128	0.145265	0.459691	0.621469	0.498674	0.624464	0.638889	0.633441	0.412518	0.310030	0.646575	0.581257	0.575275	0.640000	0.588101	0.591463	0.557621	0.629905	0.185971	0.597285	0.207850	0.637022	0.508431	0.639456	0.606195	0.639669	0.634334	0.528821	0.521512	0.527389	0.580124	0.529716	0.614424	0.635417	0.484687	0.602222	0.619985	0.639585	0.174349	0.557055	0.644223	0.637135	0.287561	0.489871	0.595699	0.098424	0.609244	0.428773	0.495340	0.641879	0.460616	0.656250	0.518778	0.601831	0.034612	0.647353	0.588098	0.489418	0.545906	0.637295	0.579952	0.611354	0.497639	0.485333	0.611257	0.611534	0.634375	0.493960	0.637205	0.424056	0.621149	0.417640	0.596752	0.599769	0.533505	0.635319	0.413105	0.584400	0.581032	0.645492	0.636625	0.497354	0.585336	0.526452	0.374269	0.615385	0.521964	0.582126	0.362297	0.228807	0.615490	0.404591	0.538272	0.523871	0.652274	0.625000	0.583439	0.456449	0.584795	0.470109	0.564735	0.310875	0.454924	0.418208	0.474114	0.638388	0.624213	0.658694	0.638338	0.609589	0.655794	0.595597	0.627157	0.643510	0.611534	0.589894	0.637624	0.588520	0.229299	0.442577	0.592941	0.622460	0.648995	
0.324635	0.455370	0.540044	0.405164	0.225539	0.543775	0.578479	0.165729	0.446686	0.363914	0.336788	0.608491	0.340228	0.367243	0.433431	0.344507	0.517025	0.252586	0.328125	0.453410	0.634951	0.637632	0.446480	0.320251	0.356375	0.500679	0.583299	0.287086	0.264865	0.646798	0.159404	0.273265	0.329865	0.302485	0.629899	0.314076	0.451799	0.637971	0.216667	0.390171	0.506849	0.581954	0.625181	0.641337	0.338509	0.226519	0.624380	0.618415	0.478649	0.592701	0.334198	0.444981	0.616114	0.379606	0.258275	0.518219	0.290735	0.238200	0.277897	0.395604	0.649510	0.214683	0.519283	0.241096	0.571308	0.632280	0.246860	0.420276	0.263926	0.540305	0.362245	0.350462	0.637453	0.468647	0.373860	0.089003	0.281585	0.585023	0.638929	0.484594	0.292553	0.394197	0.245902	0.614722	0.322884	0.577354	0.401195	0.379415	0.107311	0.601227	0.384948	0.308746	0.502283	0.250681	0.560945	0.491018	0.486290	0.240132	0.516129	0.357216	0.412055	0.240132	0.422549	0.208658	0.552405	0.100592	0.533452	0.417163	0.649191	0.375506	0.145581	0.469868	0.191549	0.209704	0.480859	0.586570	0.410082	0.405955	0.633941	0.633124	0.604768	0.635479	0.105077	0.542211	0.201608	0.643581	0.368073	0.570718	0.385312	0.250681	0.635524	0.629538	0.219634	0.411067	0.480337	0.354690	0.571065	0.443801	0.182333	0.558673	0.541033	0.452107	0.433010	0.458611	0.497031	0.597729	0.554745	0.516824	0.092692	0.362245	0.433090	0.649984	0.381241	0.214683	0.599576	0.592096	0.429340	0.210702	0.553886	0.338509	0.606720	0.617152	0.103957	0.629129	0.605364	0.377149	0.309637	0.586262	0.467202	0.452140	0.625321	0.597051	0.457877	0.539543	0.632497	0.605042	0.277897	0.438622	0.432459	0.611783	0.631807	0.582237	0.607026	0.547650	0.639945	0.481759	0.473362	0.519769	0.483721	0.493075	0.199663	0.562719	0.574949	0.420432	0.615505	0.441872	0.538901	0.567239	0.502287	0.487737	1.000000	0.349614	0.503656	0.386124	0.371385	0.611609	0.274194	0.436893	0.382056	0.628765	0.319372	0.269542	0.562580	0.112875	0.296178	0.633055	0.439922	0.498813	0.617602	0.353002	0.138051	0.178207	0.349614	0.632675	0.314961	0.580202	0.626242	0.420795	0.558298	0.360572	0.126095	0.435374	0.094955	0.362245	0.335925	0.595962	0.453065	0.408325	0.424094	0.607836	0.249727	0.565506	0.583942	0.221607	0.173022	0.494693	0.270474	0.486111	0.504489	0.436469	0.447546	0.296178	0.379415	0.606220	0.390059	0.264865	0.179240	0.517583	0.633851	0.592684	0.357216	0.477038	0.314961	0.287086	0.269542	0.285256	0.369731	0.378788	0.650000	0.138106	0.637641	0.351310	0.290735	0.575377	0.429688	0.549677	0.115091	0.465753	0.253536	0.594175	0.625183	0.321130	0.404372	0.357216	0.373860	0.087008	0.390171	0.622568	0.583866	0.388554	0.290735	0.631973	0.112875	0.228477	0.642009	0.161512	0.495616	0.329865	0.499307	0.262987	0.526551	0.296178	0.258275	0.621060	0.394197	0.213689	0.253536	0.464541	0.443469	0.287086	0.556414	0.547040	0.224558	0.414032	0.491228	0.399002	0.183362	0.350462	0.496774	0.448193	0.511754	0.531915	0.302485	0.237232	0.626667	0.265802	0.488101	0.456241	0.479478	0.198653	0.346213	0.456968	0.354690	0.565019	0.542832	0.418673	0.459125	0.551100	0.103957	0.170940	0.577127	0.437652	0.625734	0.447977	0.549356	0.619844	0.336788	0.457579	0.529412	0.303383	0.523339	0.397404	0.657710	0.170940	0.280664	0.142361	0.252586	0.634159	0.361409	0.284340	0.422756	0.424450	0.604190	0.483015	0.617997	0.535323	0.435711	0.121709	0.592981	0.481916	0.419656	0.430589	0.534680	0.634110	0.183362	0.605572	0.532628	0.543145	0.337649	0.492122	0.617996	0.449254	0.240132	0.585482	0.355533	0.529907	0.223575	0.398804	0.631460	0.477280	0.368796	0.649512	0.462340	0.219634	0.379606	0.472522	0.542521	0.167808	0.119508	0.478545	0.303383	0.279743	0.444552	0.330733	0.619561	0.270474	0.388554	0.068592	0.339369	0.470386	0.405754	0.236264	0.443696	0.356375	0.528552	0.557070	0.621769	0.232379	0.249727	0.605491	0.239166	0.596548	0.569996	0.216667	0.353002	0.575207	0.504080	0.419820	0.277897	0.564516	0.460664	0.557771	0.635827	0.377969	0.259982	0.394803	0.174061	0.216667	0.448093	0.643427	0.522737	0.657912	0.330733	0.096754	0.428293	0.315845	0.221607	0.269542	0.408889	0.298887	0.576971	0.635302	0.215675	0.619325	0.368902	0.550451	0.210702	0.410485	0.628054	0.533333	0.647758	0.607835	0.324635	0.241096	0.397807	0.166762	0.317610	0.294368	0.411852	0.459847	0.221607	0.612275	0.240132	0.147721	0.595609	0.239166	0.289824	0.142361	0.499238	0.594099	0.161512	0.273265	0.240132	0.556692	0.425282	0.622375	0.630783	0.314076	0.201681	0.274194	0.593169	0.186441	0.167808	0.199663	0.385542	0.586764	0.478464	0.461101	0.592268	0.509485	0.321130	0.565911	0.479701	0.368902	0.310526	0.436134	0.620562	0.085868	0.179240	0.309637	0.382056	0.478768	
0.623656	0.614458	0.545098	0.627503	0.580882	0.569444	0.508699	0.037561	0.619339	0.639885	0.625564	0.498827	0.636771	0.627675	0.645649	0.605341	0.581179	0.587413	0.632061	0.614443	0.372603	0.405018	0.622991	0.622291	0.613372	0.146963	0.527731	0.614122	0.622222	0.320151	0.496868	0.626263	0.642314	0.626198	0.419036	0.594679	0.626829	0.392610	0.564486	0.606310	0.598919	0.526499	0.448299	0.278005	0.629685	0.594495	0.427746	0.243118	0.605081	0.241306	0.616314	0.607187	0.292851	0.631285	0.615917	0.576200	0.613377	0.596050	0.614357	0.629579	0.294372	0.574109	0.592746	0.603571	0.562896	0.389655	0.593640	0.628422	0.613014	0.565049	0.638849	0.634361	0.315107	0.616822	0.617772	0.019540	0.616915	0.529514	0.313076	0.602052	0.643902	0.615804	0.605310	0.482545	0.637904	0.511344	0.604839	0.619247	0.412993	0.520339	0.096413	0.622433	0.601081	0.596491	0.549729	0.598234	0.141992	0.597496	0.572906	0.615385	0.621871	0.601073	0.627097	0.048162	0.543744	0.385882	0.587513	0.111057	0.369315	0.630098	0.497854	0.607683	0.560784	0.575758	0.606613	0.515327	0.106383	0.624000	0.422180	0.420789	0.250000	0.354167	0.400932	0.549855	0.046394	0.297333	0.618234	0.535777	0.655602	0.596491	0.294372	0.428753	0.568773	0.629776	0.587830	0.635569	0.197159	0.618812	0.546906	0.548298	0.566474	0.626974	0.611321	0.616487	0.577922	0.519567	0.563910	0.572614	0.363636	0.621583	0.607595	0.383747	0.635097	0.581614	0.410976	0.233677	0.612821	0.563327	0.546992	0.632684	0.236769	0.482554	0.401869	0.461758	0.480297	0.622721	0.627760	0.502018	0.613583	0.628993	0.454795	0.509646	0.612440	0.567755	0.436070	0.208781	0.614357	0.625628	0.605296	0.489985	0.441645	0.524422	0.226290	0.552182	0.403869	0.597938	0.609813	0.569980	0.594350	0.566038	0.571429	0.189415	0.524786	0.625162	0.491854	0.599010	0.552475	0.540107	0.586319	0.598214	0.349614	1.000000	0.602384	0.610497	0.637394	0.269307	0.628571	0.611321	0.631433	0.341880	0.641860	0.596610	0.553114	0.431193	0.620355	0.480699	0.625782	0.146773	0.481400	0.628655	0.474946	0.539235	0.611765	0.285355	0.618750	0.510744	0.411125	0.614987	0.532719	0.620491	0.459821	0.627995	0.380952	0.633094	0.623494	0.197674	0.619684	0.624170	0.622909	0.480938	0.597540	0.530078	0.526228	0.559259	0.540650	0.585366	0.612521	0.610056	0.153986	0.614806	0.605166	0.620355	0.622036	0.464387	0.098508	0.618803	0.538153	0.579224	0.268350	0.525685	0.609579	0.619102	0.631250	0.617406	0.613559	0.606260	0.633523	0.620979	0.383099	0.030940	0.287648	0.621701	0.626427	0.527159	0.623244	0.554717	0.438356	0.600939	0.607330	0.485496	0.453988	0.646059	0.641711	0.621190	0.626234	0.353511	0.641975	0.262548	0.500404	0.643741	0.642741	0.472262	0.422018	0.592322	0.288380	0.540541	0.603104	0.624049	0.599109	0.614065	0.581967	0.613893	0.615917	0.433530	0.618529	0.575188	0.600349	0.622010	0.122039	0.617406	0.173869	0.164888	0.600368	0.629776	0.590455	0.618919	0.549801	0.622614	0.596685	0.617284	0.576558	0.591322	0.629393	0.586331	0.457143	0.604096	0.610478	0.612591	0.605233	0.560928	0.636095	0.121385	0.618076	0.534151	0.565005	0.618182	0.607867	0.550285	0.406542	0.530612	0.510067	0.620603	0.274083	0.626387	0.525822	0.461431	0.622556	0.617047	0.572557	0.625199	0.593977	0.612466	0.314961	0.526531	0.634551	0.479482	0.611888	0.268881	0.613833	0.630363	0.614987	0.607692	0.475000	0.599548	0.398810	0.564103	0.620603	0.441441	0.509061	0.622685	0.628571	0.621827	0.582428	0.461752	0.545817	0.220923	0.574277	0.571709	0.639640	0.591265	0.223979	0.628993	0.597496	0.202985	0.634643	0.574597	0.575646	0.620783	0.298770	0.130644	0.091410	0.321361	0.614657	0.579926	0.642458	0.594907	0.552529	0.529774	0.452489	0.609784	0.628389	0.615641	0.605686	0.641337	0.463483	0.619289	0.632737	0.287154	0.619760	0.132450	0.623169	0.590991	0.619926	0.627907	0.571429	0.552170	0.402388	0.595281	0.590510	0.470588	0.577061	0.517129	0.547872	0.586916	0.631579	0.533333	0.582359	0.110354	0.624374	0.553621	0.608284	0.186250	0.347648	0.624650	0.061361	0.616848	0.535497	0.579439	0.632754	0.320755	0.574000	0.381808	0.626140	0.021309	0.629299	0.633385	0.581481	0.637288	0.610526	0.607717	0.530225	0.357518	0.580524	0.495427	0.637269	0.550752	0.555766	0.623514	0.285955	0.574619	0.279032	0.499208	0.645161	0.589286	0.647773	0.522634	0.622084	0.622366	0.607895	0.609432	0.574074	0.461976	0.593918	0.512821	0.509677	0.612903	0.601307	0.492441	0.146425	0.497184	0.536383	0.622896	0.597496	0.562442	0.626289	0.477105	0.313076	0.616588	0.557692	0.601681	0.202321	0.550495	0.525667	0.563707	0.618982	0.512778	0.608496	0.607355	0.508039	0.587987	0.630603	0.555058	0.608200	0.625889	0.629921	0.599496	0.462821	0.344660	0.546185	0.624606	0.617524	0.603645	
0.552573	0.650513	0.601742	0.625000	0.490470	0.634692	0.626207	0.063553	0.628302	0.610638	0.590308	0.616294	0.581140	0.610169	0.635135	0.612868	0.641322	0.530061	0.599109	0.630189	0.508704	0.542514	0.617871	0.589426	0.597207	0.239425	0.626657	0.546948	0.545894	0.473173	0.385042	0.537634	0.593333	0.568470	0.551316	0.562358	0.652869	0.541772	0.473008	0.592593	0.638699	0.602582	0.572905	0.429156	0.589011	0.484772	0.563333	0.378947	0.649234	0.378308	0.587845	0.647619	0.443665	0.615224	0.528624	0.631141	0.544393	0.500000	0.539192	0.618367	0.439483	0.466495	0.644040	0.510585	0.649852	0.533535	0.509271	0.629703	0.539299	0.625295	0.607676	0.595238	0.470637	0.655141	0.621849	0.033272	0.555556	0.620789	0.467909	0.651786	0.547786	0.618219	0.519802	0.608355	0.594170	0.626350	0.634245	0.622917	0.270030	0.615601	0.159814	0.570776	0.642123	0.514145	0.631579	0.657963	0.231717	0.516209	0.634711	0.605150	0.626747	0.518703	0.634578	0.081186	0.649311	0.254491	0.650820	0.183161	0.500000	0.607966	0.355430	0.640653	0.446215	0.461738	0.644643	0.611034	0.175735	0.622356	0.554098	0.546739	0.392170	0.503005	0.264881	0.631661	0.078255	0.443478	0.605291	0.630670	0.606625	0.514145	0.451234	0.570799	0.486556	0.614770	0.630162	0.611410	0.315818	0.635585	0.424731	0.637594	0.638564	0.630394	0.643545	0.627778	0.646101	0.599723	0.630451	0.641259	0.236006	0.603412	0.611810	0.531017	0.616025	0.474227	0.546961	0.369807	0.652981	0.468912	0.635042	0.600000	0.374318	0.603774	0.262295	0.595615	0.596977	0.600418	0.563284	0.603239	0.647220	0.631977	0.586025	0.606590	0.643188	0.649123	0.572585	0.333143	0.551069	0.644851	0.640927	0.582738	0.574529	0.622695	0.358990	0.649190	0.537691	0.634409	0.647862	0.647681	0.632979	0.627622	0.449409	0.304200	0.621373	0.625247	0.609661	0.635585	0.638468	0.624176	0.642612	0.654960	0.503656	0.602384	1.000000	0.626680	0.613277	0.415462	0.548926	0.628131	0.607069	0.488351	0.583333	0.540216	0.639700	0.282769	0.575406	0.596535	0.633397	0.239130	0.596035	0.606257	0.339031	0.418919	0.593716	0.435644	0.557191	0.623538	0.539800	0.631268	0.632530	0.615385	0.312590	0.625483	0.241327	0.607676	0.577729	0.316590	0.641651	0.616466	0.639216	0.601120	0.522167	0.624460	0.620499	0.475096	0.408163	0.635808	0.539568	0.637961	0.250268	0.628846	0.643939	0.563805	0.612500	0.586521	0.163168	0.521739	0.423752	0.608696	0.416277	0.623671	0.620172	0.633094	0.566251	0.556338	0.533013	0.550588	0.604013	0.613779	0.535183	0.052473	0.438819	0.596757	0.558411	0.612006	0.604288	0.632387	0.287812	0.637443	0.531863	0.607856	0.584795	0.582022	0.633703	0.603004	0.615546	0.222561	0.623457	0.409460	0.620783	0.610309	0.563084	0.594300	0.282769	0.498734	0.440600	0.386740	0.635808	0.588889	0.653812	0.535109	0.636587	0.561485	0.526188	0.567232	0.620266	0.477419	0.526961	0.643188	0.200516	0.556338	0.280693	0.267003	0.491094	0.610778	0.641608	0.616480	0.429530	0.614719	0.641115	0.641975	0.652101	0.641815	0.582278	0.508135	0.586412	0.537998	0.628011	0.632367	0.647059	0.452632	0.600653	0.199487	0.585576	0.618051	0.636651	0.633761	0.635860	0.652274	0.262295	0.409277	0.614634	0.641001	0.423642	0.648956	0.607034	0.698622	0.590308	0.648699	0.628981	0.556322	0.643449	0.629969	0.467943	0.406548	0.558580	0.348442	0.530061	0.417749	0.614728	0.548881	0.629302	0.631476	0.595134	0.642413	0.511700	0.639618	0.639076	0.302766	0.617708	0.654020	0.643633	0.624636	0.635350	0.572278	0.426846	0.351099	0.661316	0.639175	0.587459	0.637324	0.355596	0.650899	0.508728	0.324520	0.608602	0.626721	0.494268	0.623984	0.454148	0.214023	0.151783	0.477321	0.637282	0.483995	0.617310	0.654020	0.642014	0.397260	0.297810	0.636364	0.583908	0.554502	0.606464	0.594895	0.586683	0.551559	0.635052	0.178125	0.603732	0.216850	0.625755	0.501253	0.632576	0.590763	0.649960	0.627451	0.541189	0.508816	0.522167	0.592547	0.499376	0.626276	0.649161	0.475578	0.597627	0.626609	0.619932	0.182045	0.548694	0.659670	0.641544	0.299435	0.499318	0.610240	0.102958	0.618999	0.410326	0.480720	0.646330	0.474820	0.651649	0.534585	0.590455	0.036262	0.628405	0.581448	0.480204	0.537815	0.624128	0.554913	0.606709	0.510956	0.478764	0.625080	0.608879	0.635042	0.471503	0.634000	0.439527	0.627036	0.432836	0.608638	0.581655	0.515567	0.621951	0.400549	0.586907	0.553488	0.628116	0.641121	0.482759	0.586667	0.508728	0.360056	0.612272	0.496879	0.561404	0.348442	0.238592	0.608345	0.389503	0.542413	0.503741	0.645015	0.628067	0.596118	0.469565	0.564626	0.461337	0.544153	0.323529	0.435829	0.400000	0.459921	0.614433	0.620879	0.642729	0.637201	0.621385	0.644295	0.588764	0.638235	0.640500	0.608879	0.578588	0.646095	0.588585	0.219847	0.423752	0.588369	0.611227	0.654773	
0.598561	0.647597	0.554511	0.640605	0.571429	0.596958	0.540368	0.042319	0.629501	0.645074	0.637518	0.538171	0.619916	0.649664	0.635603	0.660167	0.617211	0.597403	0.663805	0.622532	0.410915	0.438882	0.618992	0.649275	0.653005	0.164419	0.554295	0.594181	0.620032	0.354244	0.489484	0.611285	0.650499	0.647761	0.451264	0.606149	0.645833	0.429054	0.563040	0.602846	0.604747	0.533891	0.476993	0.308434	0.618847	0.570458	0.465959	0.270327	0.632967	0.268344	0.643059	0.643948	0.324598	0.621053	0.598071	0.596806	0.602740	0.579035	0.606532	0.642766	0.326253	0.571924	0.618434	0.589404	0.574413	0.426009	0.590164	0.633785	0.614650	0.579143	0.617050	0.651034	0.348774	0.633333	0.648074	0.022040	0.605873	0.556856	0.346570	0.623236	0.616085	0.652956	0.571429	0.526632	0.634921	0.552941	0.654822	0.646518	0.378947	0.542484	0.108215	0.608567	0.621259	0.589577	0.568696	0.623158	0.158908	0.587065	0.609298	0.641201	0.632628	0.606965	0.637363	0.054226	0.585366	0.362473	0.585700	0.124534	0.401284	0.641060	0.478431	0.629014	0.548736	0.548951	0.614549	0.543565	0.119329	0.632242	0.459841	0.448507	0.277858	0.391039	0.376321	0.601671	0.052241	0.329472	0.635389	0.564706	0.641460	0.589577	0.326253	0.465347	0.591065	0.620174	0.607650	0.649315	0.219868	0.643192	0.543119	0.574713	0.595194	0.636678	0.643623	0.633371	0.632231	0.534940	0.593863	0.613095	0.337662	0.654939	0.606715	0.420705	0.627297	0.554593	0.459342	0.259986	0.633495	0.568935	0.579422	0.663854	0.263374	0.511862	0.372881	0.498960	0.519798	0.626156	0.631268	0.542479	0.648107	0.620047	0.494681	0.532609	0.627273	0.604739	0.474510	0.232657	0.600311	0.628571	0.647551	0.503726	0.478093	0.556565	0.251886	0.595628	0.435807	0.632497	0.642222	0.615534	0.620022	0.584127	0.569395	0.211337	0.566722	0.633129	0.532633	0.640845	0.607211	0.560892	0.623834	0.636170	0.386124	0.610497	0.626680	1.000000	0.650667	0.298949	0.625978	0.634088	0.631717	0.376783	0.624093	0.637224	0.589789	0.395833	0.642534	0.516584	0.633452	0.164208	0.511661	0.637363	0.469185	0.532348	0.613260	0.316440	0.590643	0.548644	0.441696	0.633252	0.586360	0.621438	0.434959	0.616487	0.344828	0.646820	0.615819	0.220436	0.641292	0.614806	0.652862	0.507102	0.600326	0.559194	0.547791	0.551370	0.500000	0.625793	0.620472	0.628328	0.172197	0.630202	0.634772	0.633484	0.654402	0.505525	0.110551	0.594595	0.542435	0.569709	0.297905	0.551155	0.663029	0.635268	0.631579	0.643185	0.608833	0.605223	0.628342	0.629776	0.420011	0.034874	0.318937	0.622590	0.624049	0.546701	0.631197	0.581522	0.406639	0.636161	0.596434	0.522895	0.480477	0.633864	0.641414	0.638472	0.621514	0.319475	0.654592	0.291572	0.547155	0.643320	0.633181	0.503448	0.400000	0.585448	0.319734	0.499048	0.608879	0.607703	0.632696	0.609250	0.603922	0.630468	0.607717	0.467218	0.647815	0.579861	0.606159	0.636364	0.136752	0.643185	0.194185	0.184261	0.589438	0.622665	0.613757	0.640306	0.538462	0.667586	0.613277	0.634660	0.623613	0.600966	0.608955	0.600000	0.493577	0.622222	0.594360	0.629885	0.634886	0.563280	0.636111	0.136026	0.630137	0.556492	0.592315	0.651106	0.650057	0.606557	0.372881	0.505618	0.559871	0.630952	0.304158	0.631579	0.539225	0.496599	0.629055	0.640821	0.594134	0.608048	0.619662	0.667519	0.348616	0.520599	0.616099	0.477318	0.623377	0.298484	0.636856	0.600000	0.645477	0.652913	0.514245	0.633621	0.417633	0.593573	0.623810	0.426230	0.543720	0.638767	0.651106	0.641827	0.584674	0.488529	0.520147	0.245996	0.611270	0.593220	0.642254	0.633938	0.249351	0.643357	0.587065	0.226282	0.629275	0.583012	0.600683	0.642038	0.331034	0.146314	0.102633	0.355556	0.617978	0.560137	0.631579	0.629956	0.608209	0.508475	0.411523	0.608884	0.646796	0.623256	0.593200	0.638177	0.500000	0.598425	0.653696	0.258503	0.648876	0.148320	0.646541	0.590985	0.630105	0.603825	0.610790	0.574978	0.439791	0.591597	0.603589	0.503477	0.594684	0.554331	0.573379	0.556131	0.631868	0.563803	0.594924	0.123751	0.615863	0.590308	0.641170	0.207848	0.384000	0.643799	0.069028	0.615385	0.510242	0.573402	0.649412	0.354898	0.597701	0.419726	0.658120	0.024033	0.629674	0.642336	0.551370	0.589905	0.651741	0.585586	0.547421	0.392600	0.570934	0.533923	0.650602	0.574007	0.586387	0.654182	0.317093	0.579203	0.309553	0.532925	0.635971	0.622517	0.631847	0.509434	0.622999	0.629349	0.631841	0.649828	0.568493	0.497588	0.610282	0.496094	0.549844	0.594684	0.621951	0.465483	0.163823	0.529915	0.506667	0.626959	0.590381	0.588444	0.634146	0.506438	0.346570	0.585652	0.553191	0.613459	0.225551	0.542805	0.512241	0.544484	0.656291	0.547335	0.614208	0.633596	0.538820	0.622356	0.659913	0.587425	0.631236	0.634538	0.636230	0.658711	0.501686	0.315789	0.523985	0.640118	0.647444	0.650759	
0.632201	0.635514	0.562141	0.632258	0.596491	0.589942	0.522303	0.040375	0.628707	0.647303	0.648336	0.516475	0.653237	0.629986	0.647131	0.634286	0.600201	0.608696	0.631424	0.628707	0.395462	0.422353	0.610778	0.648810	0.635854	0.157318	0.549342	0.611024	0.638298	0.340465	0.487129	0.619355	0.635432	0.619632	0.437956	0.631579	0.635934	0.416382	0.556150	0.609272	0.618297	0.540357	0.465574	0.296117	0.632035	0.598949	0.453569	0.259299	0.623318	0.257384	0.674419	0.633854	0.311755	0.641509	0.599338	0.587398	0.619718	0.593482	0.633600	0.639581	0.313356	0.583184	0.609485	0.590444	0.560566	0.411099	0.591216	0.640605	0.629508	0.579545	0.662968	0.656294	0.335165	0.643991	0.647619	0.021018	0.642289	0.553480	0.333030	0.624585	0.642746	0.636842	0.598985	0.512548	0.654815	0.525597	0.628571	0.643338	0.398249	0.537313	0.103404	0.619120	0.614090	0.620805	0.563604	0.613734	0.152025	0.591453	0.586103	0.637762	0.626752	0.608547	0.651685	0.051750	0.574839	0.372506	0.592223	0.119044	0.387898	0.648575	0.491870	0.632768	0.552239	0.570397	0.611296	0.533658	0.114054	0.639175	0.442653	0.441158	0.266570	0.376156	0.391209	0.581681	0.049854	0.316472	0.659341	0.556314	0.648865	0.597315	0.313356	0.451815	0.581560	0.654777	0.602007	0.629213	0.210647	0.625899	0.542694	0.575022	0.580827	0.628975	0.643118	0.634994	0.612632	0.534637	0.574312	0.591919	0.351351	0.649098	0.625000	0.406007	0.645161	0.579606	0.435656	0.249319	0.622829	0.583784	0.566972	0.649351	0.252588	0.502549	0.387665	0.488421	0.506200	0.622463	0.639394	0.526482	0.631818	0.611905	0.477793	0.524409	0.638051	0.588235	0.458995	0.222967	0.624000	0.625304	0.637363	0.498489	0.460235	0.539816	0.241504	0.574074	0.423810	0.634038	0.623583	0.596838	0.608123	0.582524	0.569853	0.202434	0.546823	0.652447	0.509506	0.633094	0.586873	0.552265	0.608237	0.622560	0.371385	0.637394	0.613277	0.650667	1.000000	0.286946	0.621578	0.645554	0.622819	0.363275	0.637854	0.620130	0.559928	0.415584	0.635659	0.490350	0.637576	0.157115	0.503937	0.645070	0.470103	0.535373	0.606232	0.303861	0.618619	0.533981	0.429762	0.620000	0.552655	0.639777	0.447257	0.630037	0.358744	0.638003	0.634783	0.211194	0.633687	0.626444	0.662516	0.496403	0.618487	0.545610	0.541157	0.540636	0.528958	0.616379	0.612642	0.629750	0.164791	0.643985	0.626937	0.626357	0.627187	0.492308	0.105643	0.608838	0.538168	0.574055	0.285938	0.539363	0.662937	0.627933	0.618619	0.633071	0.616883	0.590837	0.632877	0.653171	0.406441	0.033267	0.306276	0.635593	0.622848	0.551784	0.645241	0.574586	0.418103	0.635535	0.634391	0.513473	0.474213	0.641902	0.651163	0.643357	0.636735	0.332574	0.649007	0.279817	0.523320	0.637450	0.641628	0.483240	0.415584	0.596859	0.307047	0.508876	0.603448	0.603221	0.621212	0.614122	0.608782	0.638760	0.609272	0.459755	0.639474	0.584229	0.614357	0.624130	0.130761	0.633071	0.185928	0.176386	0.615114	0.629299	0.619202	0.634465	0.541667	0.644979	0.603652	0.645933	0.612539	0.591937	0.634969	0.608247	0.487337	0.633987	0.615044	0.622066	0.620994	0.570902	0.635328	0.130064	0.620787	0.553082	0.579600	0.633166	0.628902	0.577778	0.374449	0.531008	0.541872	0.637470	0.291982	0.630824	0.535289	0.483471	0.648336	0.637951	0.590953	0.615620	0.602629	0.649215	0.335011	0.538760	0.608280	0.486708	0.618729	0.286497	0.625000	0.632911	0.645000	0.652605	0.502165	0.610989	0.416178	0.592308	0.637470	0.442553	0.535484	0.617978	0.663317	0.631450	0.583253	0.475410	0.549242	0.235825	0.596696	0.588123	0.641618	0.607182	0.239059	0.635714	0.584615	0.216825	0.628331	0.583497	0.602113	0.628422	0.317984	0.139935	0.098058	0.341737	0.614679	0.585106	0.628032	0.615730	0.586338	0.514620	0.423077	0.620994	0.621746	0.647528	0.620359	0.643275	0.488276	0.615883	0.650730	0.269504	0.619597	0.141860	0.658945	0.592083	0.631704	0.624650	0.596078	0.562669	0.427984	0.599653	0.605042	0.488732	0.602740	0.544728	0.564991	0.577540	0.633803	0.555461	0.605998	0.118293	0.611200	0.580125	0.636051	0.199075	0.369324	0.632432	0.065898	0.627297	0.539499	0.573975	0.646635	0.341100	0.588694	0.403985	0.654971	0.022919	0.638718	0.629685	0.583039	0.639610	0.643766	0.611111	0.543919	0.379668	0.582143	0.518685	0.652949	0.576147	0.594595	0.666667	0.304493	0.575668	0.297199	0.515528	0.644018	0.607509	0.654498	0.535156	0.633782	0.637636	0.641221	0.611958	0.558304	0.487090	0.598291	0.489879	0.532385	0.602740	0.636364	0.478528	0.156745	0.521671	0.516765	0.616129	0.594872	0.576332	0.628429	0.501449	0.333030	0.604511	0.553114	0.628019	0.216120	0.553672	0.522417	0.562500	0.637450	0.532688	0.619844	0.616801	0.527559	0.601026	0.662704	0.573928	0.619469	0.631001	0.638427	0.646341	0.480546	0.328767	0.538168	0.642424	0.636242	0.641593	
0.249199	0.366355	0.456545	0.315343	0.170783	0.450053	0.526212	0.219059	0.358377	0.280881	0.258964	0.541613	0.261734	0.283582	0.343442	0.265185	0.438122	0.191974	0.252000	0.358377	0.625068	0.601307	0.353429	0.245684	0.274773	0.549444	0.514003	0.219234	0.201646	0.623835	0.119621	0.208282	0.253397	0.231485	0.608721	0.240741	0.360225	0.606094	0.163866	0.302253	0.416606	0.493324	0.578349	0.617106	0.260350	0.171548	0.592593	0.611805	0.386573	0.644649	0.256881	0.352187	0.641229	0.293635	0.196451	0.433821	0.222132	0.180683	0.211948	0.307514	0.613237	0.162321	0.439146	0.182952	0.490169	0.619805	0.187474	0.326953	0.200906	0.461913	0.279528	0.269992	0.628529	0.382081	0.288958	0.119249	0.214869	0.497831	0.634802	0.392359	0.223577	0.305545	0.186722	0.526484	0.247795	0.492812	0.312090	0.294301	0.079965	0.501157	0.468645	0.236481	0.415884	0.190476	0.486615	0.407852	0.567682	0.182196	0.438834	0.275454	0.321813	0.182196	0.332061	0.273741	0.480055	0.074890	0.437279	0.503263	0.603270	0.290297	0.109044	0.383136	0.144374	0.158449	0.391624	0.513761	0.500425	0.315992	0.592657	0.588611	0.647974	0.625764	0.078276	0.464211	0.264816	0.615198	0.284256	0.501505	0.298287	0.190476	0.640674	0.596430	0.166177	0.321813	0.387334	0.273410	0.635814	0.352808	0.137255	0.483629	0.471731	0.361319	0.344697	0.370619	0.417479	0.511490	0.473015	0.438590	0.068935	0.279528	0.341556	0.597733	0.294967	0.162321	0.601407	0.653628	0.335238	0.159225	0.476452	0.260350	0.645749	0.549499	0.077431	0.554871	0.557367	0.291634	0.237192	0.531777	0.380882	0.356525	0.580333	0.526384	0.369265	0.457983	0.563795	0.598589	0.211948	0.345324	0.343442	0.528794	0.585744	0.509296	0.602887	0.474646	0.576736	0.389257	0.380600	0.449311	0.397070	0.404224	0.150656	0.626311	0.513433	0.329511	0.539247	0.352808	0.459545	0.497472	0.417209	0.404962	0.611609	0.269307	0.415462	0.298949	0.286946	1.000000	0.209016	0.344697	0.295632	0.632760	0.244980	0.205339	0.488253	0.084174	0.226461	0.555003	0.347201	0.570855	0.562189	0.272044	0.103299	0.134073	0.269307	0.631504	0.241449	0.522422	0.608174	0.331424	0.485324	0.278172	0.094200	0.343442	0.070640	0.279528	0.258270	0.623273	0.362069	0.317937	0.333333	0.554067	0.189727	0.506016	0.520026	0.167715	0.130081	0.406989	0.206076	0.404380	0.582016	0.345950	0.355907	0.226461	0.294301	0.573715	0.477138	0.201646	0.134870	0.427448	0.631194	0.503153	0.275454	0.386883	0.241449	0.219234	0.205339	0.217781	0.285602	0.292969	0.605525	0.183436	0.641483	0.270677	0.222132	0.489218	0.337139	0.477797	0.085852	0.378940	0.192721	0.552773	0.570048	0.246388	0.314693	0.275454	0.288958	0.064659	0.302253	0.648478	0.531128	0.300933	0.222132	0.554291	0.084174	0.173077	0.618606	0.121238	0.401893	0.253397	0.403208	0.200165	0.443105	0.226461	0.196451	0.586002	0.305545	0.161548	0.192721	0.370011	0.532291	0.219234	0.578527	0.597420	0.170017	0.321813	0.404953	0.309478	0.138049	0.269992	0.406545	0.354049	0.432665	0.442877	0.231485	0.179925	0.573171	0.202386	0.390746	0.363160	0.394273	0.149873	0.266561	0.542500	0.273410	0.502846	0.463738	0.328872	0.371833	0.475336	0.077431	0.128480	0.518275	0.345324	0.646325	0.354669	0.465292	0.573525	0.258964	0.368185	0.455563	0.232201	0.434473	0.308169	0.609890	0.128480	0.214140	0.106586	0.191974	0.646091	0.278850	0.217054	0.331424	0.335238	0.562871	0.397215	0.579858	0.456803	0.345324	0.090869	0.517162	0.386120	0.328872	0.340296	0.456963	0.559854	0.138049	0.638229	0.452949	0.456165	0.259658	0.403214	0.615448	0.356525	0.182196	0.625987	0.274092	0.443426	0.169250	0.310131	0.642077	0.539291	0.460146	0.623075	0.375325	0.166177	0.293635	0.386859	0.462235	0.126072	0.089200	0.395742	0.232201	0.213410	0.353429	0.254095	0.575099	0.206076	0.300933	0.050847	0.261043	0.549936	0.316641	0.179167	0.355907	0.274773	0.453681	0.484290	0.602273	0.176127	0.189727	0.567459	0.181440	0.526864	0.501177	0.163866	0.272044	0.502000	0.426418	0.508555	0.211948	0.488420	0.374721	0.618268	0.631939	0.292302	0.338052	0.306858	0.130881	0.163866	0.351565	0.633039	0.454833	0.606178	0.254095	0.129455	0.338403	0.242156	0.167715	0.205339	0.322457	0.228618	0.503497	0.631438	0.163094	0.551156	0.284929	0.477827	0.159225	0.320523	0.644092	0.439576	0.634750	0.528484	0.249199	0.182952	0.310131	0.125268	0.243569	0.225020	0.322457	0.364521	0.167715	0.568881	0.182196	0.110679	0.532253	0.181440	0.221408	0.106586	0.578517	0.532383	0.121238	0.208282	0.182196	0.486671	0.332697	0.556424	0.640279	0.240741	0.152220	0.209016	0.608913	0.140426	0.126072	0.150656	0.300933	0.523872	0.390280	0.374256	0.528326	0.433071	0.246388	0.494261	0.393683	0.284929	0.237903	0.344070	0.578563	0.063802	0.134870	0.237192	0.295632	0.393683	
0.600707	0.579866	0.472727	0.596386	0.640523	0.509209	0.440285	0.028303	0.592896	0.624183	0.634483	0.422111	0.636986	0.636364	0.601695	0.648557	0.523810	0.640657	0.652632	0.581967	0.293103	0.320957	0.588398	0.638146	0.630182	0.112285	0.456109	0.618321	0.636000	0.250123	0.563452	0.652259	0.639860	0.658041	0.332681	0.624549	0.606803	0.309654	0.631111	0.568323	0.552381	0.450281	0.360679	0.216010	0.615120	0.630435	0.346467	0.188053	0.560819	0.186608	0.634315	0.587258	0.227984	0.605388	0.640974	0.529210	0.613636	0.627119	0.599222	0.607362	0.229213	0.638393	0.536364	0.631579	0.478431	0.308157	0.623701	0.604106	0.649299	0.505820	0.626230	0.637584	0.246020	0.568093	0.621795	0.014691	0.637066	0.462980	0.244370	0.558081	0.637736	0.619414	0.633333	0.416944	0.656028	0.456173	0.613050	0.639241	0.491329	0.456621	0.073192	0.631387	0.550000	0.626804	0.481881	0.565164	0.108418	0.641350	0.528345	0.622517	0.599407	0.645570	0.600000	0.036340	0.496933	0.482353	0.508969	0.084465	0.293103	0.619808	0.540682	0.576227	0.602353	0.623025	0.560606	0.443850	0.080863	0.604511	0.339547	0.337302	0.193548	0.277929	0.482558	0.506329	0.034999	0.231608	0.628849	0.467484	0.605016	0.589691	0.229213	0.342972	0.644592	0.599407	0.547074	0.622296	0.151605	0.597510	0.629808	0.481038	0.507870	0.601626	0.585915	0.577128	0.553039	0.442652	0.504597	0.523322	0.450450	0.609836	0.558865	0.302312	0.616114	0.616071	0.342780	0.180531	0.589928	0.621622	0.492339	0.635739	0.182992	0.402536	0.489796	0.386606	0.401587	0.598726	0.652095	0.433276	0.585176	0.565158	0.370909	0.429681	0.583222	0.511879	0.362598	0.160782	0.618677	0.585091	0.581921	0.407255	0.358398	0.454713	0.174658	0.493292	0.325048	0.565990	0.578470	0.519423	0.552500	0.522059	0.605081	0.145506	0.455300	0.606414	0.420266	0.578147	0.523243	0.466731	0.547847	0.569667	0.274194	0.628571	0.548926	0.625978	0.621578	0.209016	1.000000	0.585915	0.630915	0.267857	0.617857	0.661386	0.478649	0.507123	0.647940	0.394410	0.593838	0.112137	0.396579	0.624374	0.550802	0.626214	0.601681	0.221932	0.598198	0.440889	0.325048	0.592163	0.480000	0.628289	0.545455	0.581921	0.465672	0.626230	0.607945	0.152012	0.582656	0.592814	0.615607	0.397185	0.615702	0.463277	0.444444	0.584615	0.594595	0.555692	0.644269	0.553086	0.117756	0.595506	0.590659	0.655431	0.632911	0.386657	0.074802	0.640000	0.610169	0.523041	0.208248	0.452447	0.649007	0.586735	0.612613	0.629771	0.657426	0.613027	0.630048	0.600000	0.301775	0.023295	0.223782	0.616415	0.640152	0.468208	0.584527	0.490256	0.492918	0.573664	0.639344	0.411429	0.369030	0.640569	0.603318	0.615894	0.605769	0.445122	0.627329	0.203593	0.429809	0.626168	0.659091	0.386071	0.512821	0.636364	0.224373	0.580808	0.541004	0.594406	0.560886	0.626506	0.520763	0.640449	0.636917	0.353675	0.610169	0.648770	0.635246	0.588549	0.092947	0.629771	0.133298	0.126269	0.641921	0.599407	0.544118	0.604580	0.604317	0.624161	0.539024	0.595862	0.552204	0.520971	0.632163	0.632696	0.377778	0.638723	0.557377	0.591093	0.571788	0.606481	0.636210	0.092442	0.612313	0.463576	0.501066	0.598540	0.580902	0.497420	0.478134	0.577778	0.451671	0.590717	0.212855	0.581267	0.469388	0.380313	0.637931	0.598930	0.508621	0.619926	0.546697	0.615620	0.245902	0.582716	0.646035	0.582011	0.652977	0.208674	0.614122	0.637236	0.595065	0.592806	0.400000	0.555695	0.318495	0.508073	0.587904	0.540390	0.442870	0.577664	0.604380	0.594595	0.506466	0.375462	0.618705	0.170398	0.520697	0.510182	0.636833	0.544554	0.172823	0.595336	0.607595	0.156202	0.637874	0.518192	0.630197	0.615854	0.232770	0.099609	0.069350	0.251108	0.575558	0.631347	0.611727	0.557125	0.511135	0.592040	0.526611	0.551637	0.649446	0.670543	0.560773	0.642234	0.380881	0.660079	0.616822	0.365385	0.624357	0.101010	0.609610	0.642553	0.571429	0.620232	0.517052	0.482966	0.320755	0.656652	0.644628	0.388083	0.608879	0.443471	0.477469	0.622222	0.624374	0.465421	0.518692	0.083923	0.649805	0.493042	0.576316	0.143017	0.272582	0.597774	0.046376	0.611367	0.602941	0.622222	0.593620	0.250614	0.518033	0.300708	0.652705	0.016024	0.602857	0.643885	0.589011	0.633663	0.616296	0.588454	0.456664	0.280682	0.619154	0.414018	0.624595	0.490296	0.644144	0.622024	0.222416	0.506667	0.216837	0.428207	0.632509	0.648421	0.612805	0.588529	0.623656	0.627820	0.598519	0.590296	0.602198	0.384266	0.632911	0.558747	0.436364	0.625793	0.629981	0.544974	0.111867	0.428325	0.590909	0.652259	0.628692	0.491968	0.590449	0.400315	0.244370	0.606498	0.625287	0.635294	0.155678	0.595238	0.592040	0.623557	0.610592	0.441489	0.562341	0.564644	0.427955	0.532407	0.651246	0.480620	0.562421	0.618123	0.658182	0.598025	0.375185	0.434251	0.610169	0.644809	0.615142	0.575032	
0.603133	0.649735	0.586784	0.638889	0.546282	0.609083	0.579425	0.049948	0.648069	0.628079	0.617949	0.573888	0.604592	0.620098	0.629956	0.623574	0.634011	0.556041	0.607792	0.622318	0.456701	0.486305	0.638528	0.622865	0.622665	0.191902	0.593103	0.580110	0.580000	0.403752	0.441077	0.581100	0.639896	0.601889	0.492787	0.586207	0.633155	0.484028	0.513846	0.592417	0.636538	0.567141	0.532838	0.355330	0.613811	0.536364	0.515550	0.312500	0.640163	0.310263	0.615187	0.637744	0.373410	0.620939	0.577201	0.611370	0.579670	0.547619	0.563025	0.619718	0.372784	0.537037	0.627778	0.557037	0.608197	0.471159	0.563877	0.630385	0.566524	0.627074	0.632099	0.633166	0.400352	0.648816	0.628641	0.026063	0.582173	0.585635	0.397027	0.635081	0.597260	0.624264	0.552941	0.552707	0.617801	0.556701	0.633295	0.629808	0.333333	0.580695	0.126953	0.606952	0.636538	0.572263	0.610975	0.636631	0.185563	0.545994	0.628466	0.644279	0.629291	0.566766	0.640449	0.063931	0.606112	0.314815	0.604396	0.145880	0.446392	0.627119	0.416523	0.632444	0.512000	0.519440	0.633065	0.577912	0.139849	0.631214	0.505288	0.501168	0.320988	0.439312	0.327206	0.613240	0.061603	0.375520	0.624235	0.593180	0.634845	0.560584	0.375258	0.502667	0.539051	0.654462	0.610548	0.621723	0.255331	0.630553	0.490260	0.607321	0.617520	0.648188	0.641758	0.651261	0.644851	0.563830	0.614080	0.632067	0.292683	0.629630	0.612155	0.467409	0.614646	0.527778	0.493460	0.300826	0.618994	0.524845	0.615776	0.606138	0.304653	0.544460	0.324125	0.533686	0.546575	0.613527	0.614152	0.579025	0.648091	0.620022	0.528254	0.566593	0.643533	0.618117	0.510931	0.269870	0.563025	0.610318	0.645374	0.543524	0.520025	0.585023	0.291667	0.624465	0.478236	0.637652	0.646756	0.623070	0.640000	0.580709	0.508689	0.245614	0.594553	0.636569	0.555556	0.639220	0.608000	0.593371	0.642857	0.636993	0.436893	0.611321	0.628131	0.634088	0.645554	0.344697	0.585915	1.000000	0.625899	0.427757	0.602632	0.570213	0.604805	0.348457	0.596730	0.547043	0.649891	0.191660	0.553163	0.635795	0.411150	0.480392	0.601258	0.364291	0.588079	0.585660	0.485020	0.636670	0.601667	0.628713	0.383659	0.623348	0.299065	0.639506	0.618742	0.255977	0.646055	0.615207	0.654709	0.546315	0.555556	0.599049	0.577508	0.522137	0.464580	0.635202	0.592068	0.629703	0.200839	0.644737	0.642241	0.602180	0.639423	0.542462	0.129667	0.571429	0.476346	0.593633	0.343526	0.575214	0.639303	0.632114	0.617219	0.599448	0.595745	0.567867	0.632479	0.628916	0.468783	0.041190	0.367084	0.622334	0.587912	0.586430	0.636971	0.609362	0.354430	0.639090	0.581395	0.568421	0.520860	0.603675	0.641947	0.616915	0.623786	0.276515	0.646919	0.336414	0.571640	0.627078	0.593407	0.540434	0.348457	0.543807	0.367974	0.449664	0.619469	0.588083	0.627838	0.575931	0.632447	0.591281	0.577201	0.509135	0.638398	0.534776	0.572674	0.628812	0.160014	0.599448	0.226031	0.214673	0.556231	0.631579	0.631890	0.657310	0.499190	0.620603	0.609804	0.635676	0.644068	0.629295	0.596491	0.554396	0.536774	0.590585	0.612286	0.624867	0.639839	0.506329	0.611884	0.159174	0.606742	0.593477	0.611599	0.646328	0.637317	0.619333	0.324125	0.462810	0.583015	0.610318	0.350539	0.624190	0.564407	0.536016	0.620513	0.654008	0.629433	0.582210	0.623377	0.623681	0.399296	0.469421	0.580195	0.422145	0.564774	0.344175	0.632880	0.579750	0.627672	0.654749	0.558644	0.640641	0.465738	0.623561	0.645445	0.368515	0.571859	0.625128	0.666667	0.646733	0.627660	0.521571	0.476499	0.284998	0.620751	0.621359	0.619718	0.621032	0.288797	0.652314	0.537092	0.262626	0.610973	0.616079	0.544901	0.635514	0.380594	0.171053	0.120466	0.403407	0.634755	0.542113	0.628159	0.639428	0.603675	0.461794	0.366248	0.629779	0.603774	0.586592	0.623377	0.620957	0.540611	0.575071	0.636580	0.222656	0.628352	0.173366	0.653580	0.558209	0.637931	0.592777	0.627592	0.617696	0.484916	0.534535	0.564327	0.547382	0.540862	0.583147	0.614642	0.513846	0.628285	0.600000	0.623106	0.144974	0.577031	0.611940	0.643750	0.241636	0.431676	0.624849	0.081272	0.627497	0.460526	0.529231	0.636265	0.406264	0.617040	0.466245	0.636481	0.028414	0.640000	0.600529	0.522137	0.575887	0.633143	0.588874	0.568735	0.443233	0.523883	0.569026	0.643032	0.610687	0.537267	0.642202	0.365022	0.583636	0.356583	0.560639	0.618799	0.565926	0.630841	0.462562	0.588391	0.601093	0.624000	0.632696	0.549618	0.532194	0.548961	0.435678	0.574170	0.552749	0.591472	0.418685	0.191217	0.571429	0.449664	0.572638	0.548961	0.618729	0.610550	0.552757	0.397027	0.596817	0.500787	0.574648	0.261795	0.503226	0.475083	0.508689	0.634204	0.585843	0.643002	0.626305	0.565121	0.642857	0.606299	0.605519	0.648540	0.621027	0.618667	0.644664	0.539254	0.273245	0.486134	0.627503	0.645084	0.648540	
0.634783	0.626007	0.551464	0.631980	0.559177	0.592168	0.529695	0.041779	0.630841	0.638587	0.639205	0.525038	0.635593	0.643243	0.629808	0.631136	0.602386	0.605565	0.625360	0.619159	0.403433	0.436661	0.622642	0.621898	0.629986	0.162452	0.550041	0.589506	0.586538	0.350439	0.498069	0.622433	0.620690	0.634586	0.450211	0.604720	0.628638	0.425748	0.547038	0.593750	0.603734	0.529412	0.472042	0.305030	0.617564	0.578767	0.461153	0.267278	0.618785	0.265313	0.630528	0.640662	0.321050	0.625166	0.593193	0.603811	0.598160	0.580537	0.576803	0.646907	0.322691	0.559441	0.609562	0.580968	0.569930	0.421585	0.604959	0.620347	0.616372	0.579981	0.626703	0.655556	0.345016	0.632402	0.639037	0.021757	0.607477	0.552477	0.342831	0.609170	0.620795	0.644243	0.602649	0.510542	0.630814	0.531646	0.638570	0.624339	0.378723	0.538146	0.106881	0.636905	0.612033	0.607553	0.572926	0.630688	0.157001	0.578595	0.602386	0.623626	0.614035	0.591973	0.631450	0.053539	0.580762	0.362069	0.594488	0.123012	0.400215	0.624000	0.459406	0.623608	0.546448	0.564374	0.609170	0.542536	0.117867	0.638783	0.451415	0.452323	0.274737	0.386932	0.376068	0.576493	0.051579	0.325881	0.631579	0.556962	0.640420	0.551724	0.322691	0.459342	0.578856	0.634085	0.602198	0.626207	0.217317	0.632822	0.525926	0.570160	0.579387	0.635731	0.630695	0.632420	0.608515	0.545161	0.582049	0.606181	0.341357	0.621253	0.620024	0.416345	0.618230	0.566434	0.450809	0.257036	0.639805	0.566901	0.580236	0.623229	0.260392	0.497835	0.376874	0.490960	0.514451	0.635638	0.627043	0.544601	0.613662	0.611958	0.486991	0.537802	0.628571	0.592381	0.472131	0.229976	0.601881	0.620359	0.634615	0.507105	0.477052	0.547264	0.249014	0.580055	0.428825	0.614035	0.641341	0.595122	0.616883	0.576596	0.545781	0.208873	0.555831	0.634568	0.518072	0.630460	0.589133	0.566753	0.612500	0.620321	0.382056	0.631433	0.607069	0.631717	0.622819	0.295632	0.630915	0.625899	1.000000	0.373767	0.631579	0.604134	0.574713	0.400000	0.601824	0.508499	0.639618	0.162243	0.510638	0.622407	0.457831	0.529851	0.614743	0.312964	0.603829	0.544436	0.435913	0.632226	0.567616	0.650273	0.422998	0.617788	0.348584	0.643052	0.623044	0.217879	0.647332	0.611111	0.632353	0.496080	0.595395	0.556492	0.541935	0.566494	0.504708	0.622742	0.603175	0.612420	0.170146	0.638756	0.633803	0.613982	0.640212	0.503119	0.109190	0.608974	0.540037	0.592742	0.294598	0.541839	0.664835	0.610132	0.612666	0.629630	0.600954	0.606811	0.654105	0.631300	0.414553	0.034428	0.315439	0.626907	0.610429	0.550775	0.635036	0.575068	0.394130	0.628507	0.571895	0.520385	0.480744	0.606414	0.635324	0.618132	0.631016	0.323009	0.625000	0.288323	0.522692	0.634465	0.619632	0.495502	0.395789	0.569966	0.316229	0.507692	0.592986	0.606322	0.610459	0.598071	0.593103	0.623100	0.606159	0.461047	0.636481	0.570928	0.607843	0.619429	0.135092	0.629630	0.191899	0.182080	0.570447	0.616541	0.597872	0.626444	0.528651	0.627778	0.595339	0.617197	0.600406	0.584466	0.616541	0.571429	0.488467	0.601600	0.601963	0.635838	0.638344	0.550360	0.646154	0.134373	0.631724	0.546994	0.578154	0.642769	0.644647	0.576395	0.372591	0.495274	0.555646	0.629940	0.300794	0.628235	0.554348	0.495563	0.633523	0.633028	0.581749	0.588589	0.598802	0.630631	0.344859	0.502836	0.617785	0.450199	0.589198	0.295171	0.619372	0.623256	0.642066	0.630037	0.504646	0.624052	0.422339	0.586895	0.622754	0.414079	0.533121	0.622370	0.640297	0.633615	0.589354	0.488829	0.524954	0.243183	0.587332	0.586566	0.635461	0.607296	0.246504	0.642438	0.561873	0.223665	0.641873	0.591659	0.578313	0.646154	0.327430	0.144546	0.101364	0.351740	0.621469	0.568458	0.641060	0.620155	0.584817	0.517110	0.415800	0.616558	0.630631	0.618750	0.617925	0.637016	0.494874	0.638095	0.660574	0.261468	0.619519	0.146530	0.648101	0.589226	0.619718	0.627235	0.592449	0.565062	0.430572	0.596610	0.592105	0.506629	0.586265	0.547036	0.568980	0.550523	0.627939	0.556114	0.600000	0.122238	0.605016	0.573451	0.624434	0.205420	0.379950	0.621514	0.068159	0.624516	0.507519	0.571429	0.622485	0.351088	0.594803	0.414286	0.637016	0.023724	0.635922	0.623529	0.559585	0.600954	0.638298	0.593041	0.541353	0.390520	0.554974	0.528497	0.633423	0.578422	0.549296	0.623116	0.313612	0.568359	0.306139	0.514988	0.628986	0.597663	0.628205	0.514286	0.601173	0.612805	0.628285	0.623557	0.549223	0.486860	0.588629	0.477318	0.526974	0.592965	0.632873	0.462151	0.161862	0.524181	0.500000	0.603476	0.581940	0.580357	0.635583	0.505384	0.342831	0.643068	0.529517	0.611987	0.222941	0.529412	0.517110	0.563734	0.647520	0.541534	0.632967	0.605442	0.531567	0.615385	0.647230	0.576125	0.612868	0.654987	0.629080	0.614646	0.492558	0.319290	0.525140	0.612184	0.641161	0.628135	
0.317347	0.450678	0.515243	0.395530	0.220183	0.523090	0.581081	0.169886	0.438382	0.355932	0.329281	0.600464	0.332659	0.359204	0.422455	0.336863	0.516696	0.246677	0.320774	0.442145	0.641353	0.634261	0.432483	0.313043	0.348523	0.493598	0.575430	0.280501	0.258712	0.635596	0.155481	0.266947	0.322482	0.295607	0.873249	0.306982	0.442461	0.639263	0.211497	0.378803	0.495971	0.541463	0.619658	0.616245	0.330972	0.221143	0.627355	0.591817	0.463448	0.624182	0.326738	0.433837	0.639493	0.370370	0.252252	0.507278	0.284079	0.232583	0.271488	0.387097	0.616745	0.209555	0.513632	0.235420	0.555095	0.643490	0.241067	0.405588	0.257792	0.532706	0.354291	0.342714	0.635708	0.463741	0.365709	0.091332	0.275105	0.552621	0.649813	0.471180	0.285863	0.383749	0.240128	0.576597	0.315628	0.542566	0.393570	0.371175	0.104598	0.562475	0.391772	0.301751	0.486124	0.244811	0.555694	0.485779	0.503116	0.234475	0.517575	0.349349	0.402321	0.234475	0.410749	0.213767	0.543845	0.098039	0.504812	0.428149	0.625399	0.366337	0.141972	0.461255	0.186916	0.204682	0.466606	0.581081	0.423062	0.394366	0.638122	0.617343	0.630429	0.640446	0.102417	0.540564	0.206564	0.619021	0.360020	0.569450	0.376969	0.244811	0.643272	0.639361	0.214402	0.402321	0.456881	0.346867	0.588062	0.438356	0.177901	0.552588	0.540264	0.445591	0.427757	0.450140	0.498880	0.569721	0.541087	0.516498	0.090330	0.354291	0.417342	0.632911	0.371978	0.209555	0.639082	0.614838	0.416467	0.205658	0.541930	0.330972	0.626166	0.597892	0.101324	0.610044	0.611907	0.367953	0.302625	0.594192	0.460472	0.428639	0.624052	0.575010	0.450350	0.526724	0.609660	0.576435	0.271488	0.420903	0.428164	0.578443	0.619098	0.567851	0.580899	0.545916	0.601417	0.472961	0.462818	0.522004	0.479490	0.461538	0.194855	0.579302	0.573618	0.409615	0.591224	0.436467	0.529539	0.561909	0.493274	0.483447	0.628765	0.341880	0.488351	0.376783	0.363275	0.632760	0.267857	0.427757	0.373767	1.000000	0.312180	0.263296	0.557268	0.110029	0.289419	0.604773	0.430740	0.508246	0.612687	0.345208	0.134615	0.173865	0.341880	0.625135	0.307850	0.587535	0.643942	0.410946	0.553885	0.352647	0.122937	0.421503	0.092539	0.354291	0.328434	0.590861	0.443715	0.395732	0.414190	0.606061	0.243876	0.565147	0.589641	0.216333	0.168795	0.484848	0.264211	0.484574	0.520873	0.428300	0.439208	0.289419	0.372162	0.624401	0.399172	0.258712	0.174875	0.494253	0.622430	0.565200	0.349349	0.465565	0.307850	0.280501	0.263296	0.278706	0.360656	0.370553	0.630350	0.141624	0.635992	0.343546	0.284079	0.550987	0.421606	0.541157	0.112192	0.456270	0.247609	0.602520	0.609510	0.313906	0.394750	0.349349	0.363726	0.084785	0.380765	0.639651	0.588697	0.380157	0.284079	0.608471	0.110029	0.223060	0.626125	0.157542	0.475803	0.322482	0.483915	0.256871	0.516411	0.289419	0.252252	0.636812	0.385707	0.208582	0.247609	0.446620	0.458654	0.280501	0.540996	0.549604	0.219222	0.398453	0.485068	0.387506	0.178907	0.342714	0.478771	0.433223	0.507979	0.510435	0.295607	0.231635	0.614431	0.259631	0.462734	0.443091	0.473492	0.193866	0.338539	0.466792	0.346867	0.555692	0.535163	0.410774	0.456238	0.537452	0.101324	0.166759	0.588565	0.424703	0.640633	0.431132	0.519798	0.617185	0.329281	0.448179	0.526270	0.296488	0.501761	0.388862	0.628028	0.166759	0.274202	0.138826	0.246677	0.643564	0.353470	0.277807	0.409986	0.418382	0.614462	0.472412	0.609568	0.528627	0.429454	0.118654	0.581054	0.462954	0.411736	0.423462	0.529716	0.601383	0.178907	0.612719	0.532872	0.522561	0.330127	0.484105	0.597468	0.435233	0.234475	0.589826	0.347695	0.515428	0.218260	0.390244	0.640446	0.475898	0.377000	0.637664	0.454756	0.214402	0.371358	0.467556	0.536585	0.163697	0.116505	0.473492	0.296488	0.273298	0.433428	0.323335	0.623491	0.264211	0.379175	0.066823	0.331816	0.486419	0.397087	0.230687	0.439208	0.348523	0.524533	0.551839	0.635389	0.226882	0.243876	0.616352	0.233530	0.591716	0.568732	0.211497	0.345208	0.580357	0.501333	0.432874	0.271488	0.564167	0.461467	0.572581	0.652986	0.368759	0.266161	0.385330	0.169811	0.211497	0.430260	0.639837	0.525769	0.634951	0.323335	0.099275	0.419293	0.308718	0.216333	0.263296	0.405027	0.292077	0.562627	0.649019	0.210526	0.606639	0.360835	0.552044	0.205658	0.400774	0.641172	0.502180	0.634277	0.578763	0.317347	0.235420	0.389268	0.162674	0.310451	0.287643	0.404060	0.444757	0.216333	0.614875	0.234475	0.144063	0.593174	0.233530	0.283186	0.138826	0.516042	0.591693	0.157542	0.266947	0.234475	0.553138	0.411511	0.606834	0.645217	0.306982	0.196829	0.267857	0.578587	0.181918	0.163697	0.194855	0.380157	0.585250	0.474312	0.455390	0.585194	0.501329	0.313906	0.559769	0.473708	0.360835	0.303498	0.429862	0.628821	0.083672	0.174875	0.302625	0.373767	0.470050	
0.636364	0.611321	0.531980	0.621849	0.616896	0.550874	0.474403	0.033759	0.624041	0.640483	0.631746	0.469453	0.652997	0.642643	0.617414	0.594679	0.562232	0.636872	0.645161	0.608696	0.340782	0.372178	0.607235	0.641571	0.606432	0.132840	0.502165	0.651568	0.621818	0.292006	0.549550	0.647585	0.633441	0.612521	0.385344	0.625828	0.598726	0.359458	0.608000	0.616715	0.584270	0.507168	0.413934	0.253007	0.655063	0.615686	0.399474	0.220854	0.592058	0.219188	0.650718	0.611399	0.266725	0.613803	0.640884	0.567714	0.660900	0.636015	0.652482	0.632479	0.268132	0.590361	0.563441	0.647619	0.538318	0.357771	0.613936	0.631148	0.641166	0.546734	0.636364	0.622291	0.287329	0.601705	0.640950	0.017546	0.623239	0.510295	0.285447	0.579572	0.651724	0.600858	0.652830	0.465710	0.661238	0.487849	0.609309	0.639296	0.449495	0.504803	0.086919	0.655518	0.588764	0.642991	0.530345	0.585534	0.128313	0.625954	0.547210	0.617737	0.616022	0.625954	0.613514	0.043312	0.525292	0.430769	0.569002	0.100197	0.340782	0.633136	0.533643	0.601942	0.602105	0.616633	0.617577	0.494881	0.095957	0.646154	0.390464	0.390525	0.227188	0.323607	0.436548	0.533066	0.041718	0.270870	0.617691	0.504050	0.665698	0.613084	0.268132	0.395576	0.588469	0.616022	0.578947	0.626728	0.178676	0.618370	0.566524	0.515209	0.542373	0.609137	0.600000	0.608479	0.571429	0.499142	0.536443	0.559742	0.407311	0.590909	0.617219	0.351180	0.650073	0.614458	0.383812	0.212174	0.633557	0.591093	0.530612	0.629747	0.215016	0.449695	0.437659	0.436950	0.450382	0.628319	0.631052	0.485050	0.590965	0.605905	0.421053	0.483044	0.586767	0.551230	0.417643	0.189323	0.641844	0.620237	0.577836	0.460808	0.412763	0.496466	0.205387	0.529931	0.376776	0.589499	0.582217	0.536278	0.590588	0.558891	0.587992	0.171589	0.495154	0.625000	0.465710	0.592497	0.533333	0.517019	0.575621	0.583043	0.319372	0.641860	0.583333	0.624093	0.637854	0.244980	0.617857	0.602632	0.631579	0.312180	1.000000	0.630631	0.520341	0.453865	0.630137	0.446936	0.617801	0.132666	0.450599	0.631741	0.495283	0.571429	0.648062	0.259796	0.644628	0.485106	0.374305	0.606225	0.504762	0.626140	0.479419	0.630607	0.410390	0.633333	0.635930	0.179148	0.601523	0.626741	0.619946	0.445448	0.625468	0.507194	0.485420	0.625743	0.564551	0.581315	0.615108	0.588372	0.139238	0.606299	0.609254	0.633562	0.636364	0.433893	0.088818	0.632727	0.561555	0.564270	0.244098	0.513680	0.642202	0.587530	0.644628	0.609756	0.641441	0.639860	0.648729	0.614706	0.350575	0.027799	0.261915	0.646059	0.626298	0.507353	0.604278	0.520976	0.476427	0.602203	0.594796	0.459608	0.423184	0.637255	0.631136	0.617737	0.640950	0.386243	0.602305	0.238748	0.470100	0.627168	0.640138	0.437637	0.463840	0.609375	0.262591	0.538117	0.583622	0.639871	0.588644	0.653285	0.573858	0.643836	0.611418	0.403485	0.629471	0.607646	0.620818	0.609238	0.110168	0.609756	0.157379	0.149181	0.622047	0.629834	0.570439	0.604255	0.578158	0.613003	0.595402	0.616774	0.561404	0.564854	0.639594	0.602687	0.428571	0.635209	0.600237	0.601770	0.599526	0.585062	0.645866	0.109574	0.639017	0.500452	0.548583	0.609524	0.604478	0.535819	0.442748	0.575824	0.490925	0.609724	0.249387	0.608247	0.510680	0.428469	0.612698	0.606516	0.552147	0.635135	0.581897	0.605974	0.287194	0.593407	0.620811	0.509346	0.625698	0.244587	0.597876	0.623468	0.587280	0.609396	0.443774	0.595995	0.369605	0.549540	0.612352	0.464548	0.483461	0.605549	0.612245	0.597610	0.546012	0.431932	0.586724	0.200460	0.559917	0.555443	0.640254	0.566434	0.203266	0.616175	0.641221	0.184012	0.634969	0.553814	0.603550	0.626062	0.272200	0.117988	0.082388	0.293128	0.589396	0.632207	0.625551	0.569361	0.541793	0.579646	0.486486	0.601896	0.625000	0.628975	0.614987	0.632424	0.433405	0.633094	0.632948	0.314917	0.597156	0.119631	0.614525	0.623077	0.601542	0.633997	0.548488	0.532443	0.371951	0.612403	0.640449	0.434143	0.619503	0.495382	0.516011	0.620000	0.628659	0.500000	0.565121	0.099559	0.627660	0.534091	0.585185	0.168695	0.317543	0.612666	0.055219	0.621969	0.567686	0.604000	0.612192	0.292566	0.551295	0.349370	0.616372	0.019136	0.608000	0.617162	0.613861	0.634234	0.606897	0.626917	0.504007	0.326727	0.605210	0.466719	0.628743	0.526725	0.578947	0.626039	0.260350	0.547368	0.253955	0.472698	0.633117	0.605714	0.634561	0.558758	0.631579	0.646048	0.604138	0.601010	0.609901	0.428571	0.618321	0.531178	0.486307	0.611855	0.630849	0.542056	0.132350	0.481788	0.542601	0.622540	0.618321	0.533461	0.631579	0.441243	0.285447	0.649007	0.602062	0.621429	0.183403	0.591489	0.539823	0.604555	0.627168	0.483871	0.605263	0.596535	0.481390	0.566740	0.620915	0.519409	0.583630	0.649701	0.626667	0.600791	0.427350	0.376658	0.574514	0.621035	0.614035	0.583630	
0.613191	0.583784	0.481720	0.585736	0.629956	0.503268	0.435094	0.027756	0.577717	0.629325	0.629565	0.413793	0.635579	0.599018	0.577525	0.613014	0.524515	0.630705	0.630088	0.569464	0.288184	0.315657	0.575800	0.633094	0.612040	0.110205	0.450909	0.601156	0.626263	0.245821	0.560411	0.638889	0.624339	0.634328	0.327225	0.637523	0.591781	0.304507	0.620225	0.604069	0.543713	0.444863	0.354862	0.212224	0.616984	0.615385	0.340832	0.184706	0.564433	0.183284	0.639860	0.585774	0.224014	0.607029	0.647541	0.532258	0.615679	0.616702	0.632613	0.602782	0.225225	0.609481	0.525714	0.625532	0.480788	0.303030	0.613445	0.602659	0.651822	0.493617	0.601653	0.626058	0.241779	0.574413	0.607431	0.014405	0.623782	0.455744	0.240154	0.559085	0.628571	0.611801	0.644211	0.408674	0.640429	0.441288	0.611621	0.606061	0.504399	0.445872	0.071808	0.626151	0.553293	0.633333	0.468504	0.546569	0.106406	0.631130	0.517674	0.621035	0.585949	0.643923	0.598540	0.035640	0.491264	0.477612	0.507328	0.082878	0.288184	0.618357	0.547872	0.574772	0.604762	0.611872	0.556544	0.444047	0.079340	0.606061	0.334001	0.331785	0.190114	0.273224	0.483776	0.498409	0.034324	0.227583	0.617647	0.460227	0.600316	0.608333	0.225225	0.337382	0.616071	0.582960	0.537772	0.624161	0.148854	0.579387	0.618005	0.481444	0.497890	0.575716	0.587234	0.567604	0.549161	0.444644	0.492813	0.521739	0.463415	0.608264	0.568571	0.297265	0.624204	0.600451	0.338524	0.177305	0.591304	0.619590	0.488706	0.655113	0.179727	0.394590	0.479290	0.380443	0.396813	0.600321	0.636029	0.426458	0.570681	0.558011	0.364964	0.428076	0.568365	0.519001	0.358166	0.157878	0.612967	0.580737	0.583215	0.405629	0.352609	0.449396	0.171527	0.483402	0.319693	0.561941	0.563969	0.513393	0.555975	0.527744	0.616822	0.142857	0.450000	0.596182	0.415346	0.571031	0.506522	0.459302	0.536703	0.555831	0.269542	0.596610	0.540216	0.637224	0.620130	0.205339	0.661386	0.570213	0.604134	0.263296	0.630631	1.000000	0.475050	0.497110	0.635161	0.389712	0.583921	0.110059	0.390320	0.622896	0.542005	0.619165	0.620339	0.218055	0.603636	0.437500	0.319693	0.584795	0.466332	0.603648	0.536313	0.594595	0.454545	0.641322	0.620209	0.149254	0.564802	0.582202	0.611354	0.389325	0.647182	0.454115	0.441044	0.604444	0.547264	0.556650	0.630739	0.551553	0.115580	0.585573	0.605809	0.627599	0.602871	0.380518	0.073389	0.618182	0.774510	0.519119	0.204583	0.450835	0.647746	0.567394	0.621818	0.643545	0.640000	0.622824	0.631922	0.614400	0.296736	0.022844	0.219877	0.625000	0.623327	0.456922	0.594517	0.490722	0.500000	0.572178	0.633540	0.403279	0.363108	0.631957	0.592705	0.614357	0.600969	0.439628	0.604069	0.200000	0.426458	0.602826	0.642447	0.379939	0.497110	0.647702	0.220459	0.562660	0.541872	0.617284	0.549505	0.628803	0.523702	0.623819	0.622951	0.347947	0.605590	0.619910	0.629400	0.563003	0.091208	0.643545	0.130856	0.123946	0.644592	0.582960	0.537608	0.615385	0.597087	0.632826	0.549693	0.591667	0.546091	0.506104	0.634328	0.639485	0.371747	0.637097	0.543147	0.573370	0.562738	0.622951	0.631399	0.090711	0.607383	0.454373	0.499464	0.600000	0.590120	0.489627	0.473373	0.560000	0.446461	0.577904	0.209118	0.582524	0.461538	0.374251	0.619130	0.578735	0.507042	0.633147	0.533792	0.617284	0.241663	0.590000	0.652344	0.563003	0.634855	0.205002	0.619205	0.631783	0.578947	0.588406	0.392126	0.561713	0.313208	0.508658	0.566572	0.536723	0.435943	0.565891	0.579412	0.584527	0.500542	0.370920	0.616505	0.167336	0.512596	0.504310	0.631944	0.542964	0.169722	0.596685	0.622601	0.153374	0.616415	0.501109	0.637168	0.605223	0.228728	0.097752	0.068036	0.246792	0.560847	0.638393	0.616613	0.545220	0.498934	0.599496	0.505682	0.557668	0.633147	0.653620	0.559110	0.640845	0.374813	0.634731	0.602826	0.371336	0.598616	0.099128	0.608169	0.619355	0.575380	0.602007	0.513274	0.479355	0.315457	0.650759	0.634656	0.380368	0.628205	0.438380	0.472062	0.593258	0.626263	0.458216	0.524089	0.082345	0.624754	0.485514	0.558940	0.140410	0.267953	0.599359	0.045488	0.603715	0.590571	0.629213	0.586592	0.246305	0.523077	0.295683	0.633803	0.015712	0.604317	0.631579	0.600000	0.624000	0.600000	0.563910	0.449438	0.275938	0.621622	0.409165	0.613377	0.482546	0.628702	0.608696	0.218531	0.500559	0.213038	0.419795	0.634581	0.655319	0.596006	0.601010	0.614828	0.637571	0.600000	0.575305	0.640000	0.379651	0.631130	0.566138	0.426087	0.615385	0.647510	0.530831	0.109794	0.423244	0.562660	0.615079	0.643923	0.492432	0.571429	0.393987	0.240154	0.601093	0.641860	0.641584	0.152858	0.607229	0.594458	0.616822	0.618524	0.432769	0.545455	0.560425	0.422877	0.533178	0.642729	0.469328	0.553299	0.610114	0.645872	0.588068	0.370645	0.447205	0.573529	0.636029	0.597774	0.553299	
0.511759	0.600644	0.625698	0.582257	0.422594	0.636620	0.630019	0.081227	0.603743	0.569883	0.540390	0.630396	0.532840	0.555256	0.599170	0.554328	0.638144	0.457317	0.539831	0.597234	0.566831	0.587728	0.597871	0.529301	0.547273	0.298472	0.635456	0.493634	0.471414	0.534700	0.312009	0.475149	0.538821	0.512524	0.600000	0.504282	0.616883	0.590485	0.405491	0.545136	0.620793	0.606526	0.618524	0.493352	0.535681	0.417973	0.604368	0.440636	0.629108	0.451393	0.538175	0.616899	0.509144	0.558511	0.466667	0.629197	0.483902	0.437564	0.480712	0.576153	0.501102	0.408466	0.653595	0.446502	0.649967	0.594796	0.443763	0.590331	0.467871	0.635229	0.563686	0.548948	0.538521	0.623028	0.558430	0.042711	0.492611	0.627877	0.531734	0.636152	0.490750	0.574171	0.440123	0.626690	0.529689	0.617458	0.607266	0.563330	0.215896	0.626884	0.201474	0.512919	0.641735	0.452138	0.629776	0.634294	0.289175	0.434604	0.638144	0.554042	0.585824	0.442842	0.591407	0.103503	0.649492	0.203106	0.613391	0.230145	0.568619	0.553874	0.287016	0.613690	0.368764	0.391489	0.611327	0.631254	0.221046	0.585198	0.605303	0.586361	0.465517	0.570326	0.211653	0.635294	0.099808	0.503890	0.560144	0.646983	0.570925	0.448065	0.514328	0.609879	0.412632	0.580700	0.604832	0.555556	0.389536	0.601639	0.352683	0.639093	0.638621	0.612146	0.613090	0.621297	0.640719	0.621203	0.638211	0.640988	0.187952	0.563686	0.592346	0.579670	0.562832	0.402116	0.592218	0.442505	0.588926	0.395324	0.634146	0.546803	0.450061	0.627629	0.209524	0.629486	0.626067	0.567111	0.514340	0.644458	0.619273	0.598695	0.638889	0.636473	0.615385	0.636683	0.600632	0.406105	0.480712	0.584437	0.615768	0.600000	0.625000	0.639645	0.429031	0.653479	0.573088	0.638132	0.626183	0.640916	0.618350	0.586443	0.380645	0.375312	0.635904	0.583263	0.620811	0.611475	0.644163	0.623207	0.621155	0.629969	0.562580	0.553114	0.639700	0.589789	0.559928	0.488253	0.478649	0.604805	0.574713	0.557268	0.520341	0.475050	1.000000	0.226415	0.504365	0.631933	0.604459	0.298117	0.637128	0.558394	0.273249	0.345435	0.545788	0.498748	0.501901	0.633785	0.592449	0.590219	0.649299	0.550226	0.251163	0.594191	0.192308	0.558266	0.537175	0.390447	0.605668	0.564807	0.598823	0.626126	0.454638	0.636305	0.657161	0.407563	0.336283	0.625571	0.482552	0.631982	0.311516	0.607113	0.607347	0.506305	0.572188	0.628855	0.205605	0.469408	0.347253	0.616850	0.484046	0.632911	0.568574	0.605777	0.520913	0.503428	0.471058	0.490677	0.562724	0.567879	0.585277	0.067173	0.507205	0.539305	0.493659	0.608469	0.584100	0.648098	0.230588	0.613924	0.460914	0.632985	0.607770	0.525024	0.587931	0.546776	0.556646	0.176970	0.583699	0.485010	0.635978	0.577700	0.495610	0.628163	0.226415	0.423358	0.511913	0.315789	0.617960	0.525725	0.624427	0.468342	0.629683	0.498545	0.462626	0.606498	0.575916	0.402542	0.458883	0.613782	0.251337	0.503428	0.347907	0.331570	0.418848	0.577284	0.621478	0.592014	0.354486	0.567246	0.615034	0.595745	0.657837	0.630078	0.504817	0.433884	0.623714	0.474950	0.612403	0.618740	0.618125	0.378902	0.542279	0.250083	0.533698	0.631918	0.636934	0.597293	0.621902	0.646658	0.209524	0.332594	0.648379	0.605960	0.494297	0.606705	0.595802	0.632209	0.532962	0.623293	0.627368	0.510106	0.640000	0.587826	0.521198	0.332594	0.497041	0.281143	0.453252	0.484869	0.562387	0.479371	0.591906	0.607383	0.634312	0.618827	0.563098	0.647966	0.604305	0.242991	0.637146	0.619122	0.609137	0.608333	0.654035	0.601081	0.354486	0.428653	0.641696	0.633566	0.532468	0.628352	0.429814	0.608483	0.434604	0.399787	0.542311	0.618234	0.417191	0.575889	0.521577	0.267759	0.191568	0.533228	0.610493	0.410526	0.570922	0.623824	0.658333	0.327030	0.238876	0.616576	0.510106	0.487660	0.588043	0.543925	0.622004	0.476570	0.581212	0.140915	0.551852	0.271186	0.588134	0.438469	0.613878	0.530909	0.652916	0.640803	0.597988	0.427830	0.448522	0.637874	0.439175	0.652015	0.648052	0.403379	0.554745	0.634333	0.622321	0.228780	0.484669	0.644045	0.623707	0.369678	0.562500	0.573712	0.130851	0.566202	0.338122	0.405491	0.615764	0.536335	0.630312	0.588235	0.540187	0.046529	0.593150	0.516619	0.409664	0.477046	0.597270	0.491296	0.622930	0.570441	0.408034	0.635731	0.557848	0.640921	0.399575	0.595381	0.510394	0.611310	0.503335	0.633214	0.530574	0.440329	0.584562	0.325167	0.515640	0.501458	0.581911	0.626312	0.411765	0.626718	0.444902	0.290909	0.639225	0.435052	0.498047	0.281143	0.297468	0.629607	0.315789	0.475149	0.440783	0.649699	0.589226	0.640997	0.539474	0.509990	0.386266	0.474677	0.397032	0.359869	0.327030	0.382796	0.572432	0.653538	0.623539	0.618327	0.632850	0.645114	0.534466	0.648790	0.631008	0.565022	0.517670	0.611940	0.633171	0.174757	0.347253	0.535373	0.569408	0.627907	
0.447174	0.327645	0.247423	0.376238	0.533333	0.251309	0.199377	0.010750	0.335079	0.415011	0.446556	0.185507	0.442353	0.411379	0.349727	0.432558	0.265560	0.530488	0.452555	0.335079	0.121442	0.134266	0.339823	0.442786	0.414414	0.043806	0.202960	0.482192	0.504399	0.102128	0.544681	0.520000	0.450363	0.486911	0.139738	0.440506	0.333333	0.129032	0.522337	0.383505	0.281938	0.211687	0.152988	0.087193	0.420804	0.531561	0.146230	0.075206	0.308682	0.074592	0.454545	0.341030	0.092397	0.402542	0.526946	0.268908	0.476965	0.530351	0.450704	0.389452	0.092933	0.567474	0.266297	0.525316	0.222997	0.128342	0.527950	0.367113	0.523529	0.244275	0.421286	0.430206	0.100313	0.313725	0.408602	0.005556	0.490251	0.211454	0.099585	0.303318	0.490566	0.391837	0.542056	0.183732	0.464198	0.212860	0.380000	0.405920	0.631016	0.205128	0.028198	0.478149	0.281938	0.533742	0.222738	0.290030	0.042244	0.507937	0.265560	0.413483	0.372816	0.565079	0.361582	0.013838	0.234432	0.563536	0.261937	0.032659	0.121442	0.406852	0.612613	0.312195	0.578947	0.556338	0.303318	0.199377	0.031230	0.379447	0.142964	0.141907	0.077544	0.114558	0.605405	0.243346	0.013321	0.093979	0.410480	0.212860	0.396660	0.490798	0.092933	0.144578	0.571429	0.372816	0.306220	0.420814	0.059906	0.340426	0.568093	0.227758	0.241814	0.331606	0.344828	0.323777	0.282353	0.200627	0.234146	0.266667	0.551724	0.412417	0.347985	0.125654	0.396624	0.553633	0.145125	0.072018	0.358209	0.568421	0.234146	0.434988	0.073059	0.174071	0.565217	0.166234	0.174387	0.400853	0.482051	0.192965	0.314754	0.333333	0.157895	0.192000	0.324324	0.250326	0.154589	0.063724	0.478873	0.347826	0.349727	0.182163	0.151899	0.208017	0.069540	0.237037	0.136170	0.305246	0.313725	0.258760	0.299532	0.292237	0.598540	0.057382	0.207343	0.364326	0.183732	0.340426	0.250653	0.218679	0.283604	0.294479	0.112875	0.431193	0.282769	0.395833	0.415584	0.084174	0.507123	0.348457	0.400000	0.110029	0.453865	0.497110	0.226415	1.000000	0.485333	0.170062	0.345946	0.043746	0.170364	0.431818	0.623256	0.608696	0.412844	0.089762	0.429293	0.198758	0.136170	0.362264	0.228300	0.418708	0.607843	0.349727	0.613636	0.416851	0.433333	0.060075	0.331606	0.373281	0.360225	0.171429	0.504615	0.212625	0.200627	0.472973	0.532258	0.291793	0.507205	0.294931	0.046021	0.347197	0.337434	0.480000	0.401691	0.165517	0.028833	0.498534	0.566929	0.270804	0.083843	0.207792	0.426966	0.307200	0.454545	0.482192	0.491329	0.479339	0.417391	0.394904	0.125408	0.008834	0.090566	0.433790	0.482385	0.218430	0.352505	0.235294	0.597938	0.315789	0.516717	0.180113	0.156991	0.441687	0.380952	0.404494	0.404301	0.639053	0.391753	0.081841	0.192965	0.393375	0.487805	0.165232	0.645833	0.554455	0.090823	0.590717	0.291793	0.421308	0.293578	0.519174	0.262295	0.490667	0.526946	0.149649	0.391837	0.541667	0.522796	0.324324	0.036036	0.482192	0.052359	0.049485	0.548495	0.368932	0.292237	0.387097	0.565891	0.430206	0.290469	0.339223	0.273115	0.257028	0.481675	0.525641	0.161209	0.514620	0.302839	0.329897	0.302362	0.600733	0.425926	0.035834	0.407240	0.213808	0.246470	0.365019	0.322689	0.237037	0.554348	0.577236	0.202532	0.347826	0.085829	0.338624	0.233861	0.162437	0.441805	0.325976	0.249675	0.438642	0.267038	0.384615	0.100261	0.593496	0.458101	0.575342	0.530488	0.084026	0.408889	0.475138	0.358491	0.358209	0.172043	0.300000	0.133705	0.249351	0.347826	0.660000	0.197938	0.309677	0.361217	0.352941	0.249675	0.160804	0.565891	0.067749	0.252964	0.248062	0.440758	0.295840	0.068768	0.336842	0.507937	0.061816	0.419865	0.256684	0.590604	0.386318	0.094488	0.038702	0.026685	0.102564	0.318937	0.571429	0.394068	0.309677	0.244898	0.609053	0.626263	0.302362	0.480418	0.498599	0.339823	0.449275	0.162712	0.507205	0.393375	0.575163	0.429245	0.039264	0.378698	0.533762	0.337434	0.418919	0.256000	0.228844	0.134172	0.547231	0.504615	0.166957	0.522293	0.195519	0.217195	0.522337	0.427273	0.210757	0.275466	0.032443	0.495775	0.226682	0.319468	0.056355	0.112150	0.391489	0.017715	0.390244	0.562249	0.549828	0.341637	0.102345	0.253968	0.124919	0.454106	0.006063	0.354898	0.443325	0.527027	0.497110	0.372093	0.449735	0.210066	0.115802	0.551724	0.179775	0.418301	0.234146	0.575439	0.374269	0.089972	0.259109	0.087551	0.188605	0.466830	0.563291	0.386318	0.611570	0.441103	0.498660	0.372093	0.329331	0.533784	0.165090	0.526984	0.616071	0.192771	0.541401	0.505435	0.593607	0.043636	0.192192	0.649789	0.491429	0.533333	0.229391	0.353383	0.172973	0.099585	0.435443	0.536232	0.501425	0.061598	0.590038	0.617284	0.591241	0.397516	0.198142	0.306220	0.320534	0.192000	0.272340	0.461538	0.219931	0.302839	0.409586	0.480818	0.349091	0.160669	0.583333	0.574803	0.466667	0.400000	0.302839	
0.603390	0.595579	0.498436	0.613372	0.608696	0.536431	0.460733	0.030926	0.600529	0.632075	0.629139	0.444992	0.641447	0.618750	0.612022	0.632953	0.547461	0.622309	0.636364	0.592593	0.316327	0.345939	0.585561	0.635897	0.618820	0.122208	0.478299	0.635036	0.641221	0.270480	0.559809	0.626642	0.640940	0.633628	0.357097	0.643599	0.616601	0.333932	0.599156	0.604790	0.564815	0.478899	0.388039	0.233962	0.636964	0.611570	0.372995	0.203947	0.583851	0.202394	0.635607	0.603217	0.246793	0.607634	0.642166	0.535117	0.612319	0.629032	0.613383	0.615385	0.248110	0.627119	0.550885	0.633267	0.507663	0.332341	0.625743	0.609065	0.638623	0.526316	0.637224	0.619355	0.266094	0.596226	0.635802	0.016062	0.623616	0.480293	0.264330	0.580882	0.624549	0.609212	0.615079	0.442997	0.659864	0.470046	0.600293	0.634146	0.475676	0.477212	0.079805	0.629371	0.569444	0.612967	0.509091	0.565680	0.118020	0.638554	0.534216	0.611465	0.610315	0.638554	0.605042	0.039693	0.506986	0.450549	0.541485	0.092049	0.316327	0.624615	0.548148	0.598997	0.592428	0.616702	0.588235	0.464223	0.088138	0.624093	0.365662	0.363281	0.209853	0.300161	0.472826	0.522634	0.038230	0.250674	0.627145	0.484793	0.625378	0.605108	0.248110	0.369292	0.620545	0.595989	0.562963	0.620800	0.164699	0.610442	0.577273	0.512671	0.524053	0.611549	0.585831	0.597938	0.565469	0.466667	0.516451	0.533776	0.425770	0.621451	0.589849	0.326125	0.605784	0.627119	0.363878	0.195858	0.595271	0.623932	0.512463	0.630363	0.198506	0.430793	0.468665	0.414051	0.428349	0.622699	0.638743	0.456706	0.587642	0.594954	0.397427	0.453085	0.593548	0.532632	0.388772	0.174593	0.635688	0.606803	0.598361	0.431690	0.384243	0.481013	0.189538	0.519637	0.349027	0.583744	0.593711	0.534054	0.570388	0.540476	0.617068	0.158118	0.481515	0.605634	0.442997	0.597055	0.528978	0.493874	0.551163	0.577246	0.296178	0.620355	0.575406	0.642534	0.635659	0.226461	0.647940	0.596730	0.601824	0.289419	0.630137	0.635161	0.504365	0.485333	1.000000	0.423780	0.615176	0.122047	0.421374	0.654896	0.537688	0.587156	0.597738	0.240310	0.628670	0.459530	0.350282	0.594670	0.498047	0.648734	0.506460	0.603825	0.434540	0.627760	0.643449	0.165138	0.595801	0.606936	0.614525	0.422103	0.641732	0.476980	0.464912	0.613779	0.575406	0.577883	0.649057	0.568345	0.128129	0.608696	0.603723	0.648746	0.640244	0.412509	0.081555	0.637405	0.581236	0.535874	0.225637	0.480578	0.636943	0.594059	0.645941	0.649635	0.646503	0.611722	0.615863	0.608563	0.325554	0.025460	0.242293	0.618357	0.648551	0.493409	0.603878	0.522523	0.488064	0.596713	0.628906	0.437150	0.396871	0.651877	0.608443	0.636943	0.608025	0.409091	0.622754	0.220641	0.455008	0.624625	0.637681	0.413383	0.490667	0.625514	0.242926	0.576190	0.554102	0.607383	0.575866	0.639847	0.544262	0.623656	0.626692	0.380628	0.641902	0.607219	0.632812	0.583226	0.101252	0.649635	0.144935	0.137337	0.618257	0.627507	0.569048	0.600884	0.612245	0.638710	0.573460	0.598131	0.566591	0.533333	0.612389	0.634343	0.403202	0.651429	0.570379	0.596078	0.591687	0.609649	0.660163	0.100704	0.608000	0.484736	0.523909	0.617772	0.596401	0.517623	0.457766	0.559441	0.475685	0.593197	0.230579	0.610667	0.486056	0.405861	0.652318	0.595855	0.531513	0.614841	0.554324	0.602659	0.265968	0.587413	0.628466	0.552239	0.637965	0.226094	0.638231	0.634862	0.617111	0.609179	0.421863	0.580802	0.342187	0.528856	0.598639	0.496084	0.463140	0.585305	0.606488	0.605227	0.523109	0.402324	0.585034	0.184952	0.535032	0.543365	0.628099	0.567308	0.187563	0.592297	0.630522	0.169656	0.632588	0.537057	0.632017	0.611765	0.251919	0.108476	0.075630	0.271533	0.580892	0.599581	0.610687	0.575342	0.523268	0.568075	0.493438	0.572127	0.636042	0.637037	0.580214	0.629816	0.406456	0.622642	0.621622	0.339286	0.619440	0.109994	0.620290	0.635628	0.579787	0.606061	0.535906	0.499022	0.345725	0.628571	0.629921	0.411103	0.619718	0.470386	0.496720	0.590717	0.629213	0.488117	0.550000	0.091460	0.613383	0.516505	0.584184	0.155432	0.294459	0.621746	0.050631	0.613333	0.560185	0.620253	0.606711	0.271005	0.549521	0.324419	0.643216	0.017519	0.607735	0.637931	0.584551	0.623819	0.615165	0.616756	0.481313	0.303096	0.596195	0.439648	0.641745	0.510469	0.602564	0.629310	0.240829	0.532468	0.234848	0.449625	0.637288	0.629259	0.626471	0.578824	0.635739	0.636691	0.612303	0.595300	0.592902	0.413076	0.642570	0.545455	0.458015	0.611670	0.627949	0.552239	0.121754	0.456853	0.561905	0.649156	0.630522	0.515686	0.612587	0.422274	0.264330	0.602076	0.631808	0.629213	0.169091	0.585586	0.577465	0.608315	0.633634	0.468750	0.585185	0.578005	0.453085	0.556306	0.631399	0.507576	0.575275	0.623053	0.634146	0.603001	0.402032	0.404558	0.594966	0.663176	0.617021	0.580171	
0.453869	0.559422	0.622300	0.521498	0.329830	0.620811	0.630526	0.109911	0.560265	0.494964	0.468336	0.641988	0.472834	0.497848	0.551817	0.469642	0.606024	0.366798	0.459941	0.568212	0.616362	0.641318	0.560586	0.454070	0.480811	0.386842	0.642592	0.411674	0.383412	0.605609	0.237201	0.391608	0.456296	0.429113	0.631761	0.444444	0.564442	0.630928	0.317590	0.514768	0.597033	0.633406	0.652372	0.573431	0.464706	0.331179	0.638222	0.531805	0.583708	0.520649	0.461993	0.554667	0.570481	0.509581	0.374508	0.600848	0.416539	0.347200	0.400929	0.524476	0.572761	0.314845	0.618818	0.351157	0.628476	0.626387	0.359015	0.527397	0.382146	0.622171	0.488473	0.478894	0.597685	0.582311	0.497860	0.058207	0.404321	0.643902	0.597557	0.592357	0.418960	0.511563	0.357711	0.646821	0.456036	0.646003	0.526096	0.502128	0.161922	0.651361	0.266718	0.435897	0.614339	0.364212	0.637021	0.594121	0.374681	0.349840	0.603614	0.483357	0.544077	0.349840	0.542234	0.139482	0.627563	0.152057	0.609581	0.303110	0.619539	0.502849	0.217429	0.569588	0.282627	0.307944	0.585987	0.631579	0.291602	0.526681	0.628070	0.641921	0.539701	0.618446	0.158645	0.606025	0.134593	0.586577	0.494624	0.638390	0.516949	0.364212	0.581419	0.640177	0.321690	0.520661	0.590793	0.484409	0.477064	0.548967	0.269682	0.629213	0.619295	0.562005	0.553763	0.564706	0.596166	0.642027	0.623791	0.597465	0.140414	0.487032	0.551585	0.637728	0.507442	0.314845	0.600885	0.520677	0.545825	0.309329	0.621514	0.467647	0.531837	0.650980	0.157003	0.644359	0.638862	0.506401	0.437076	0.632505	0.575307	0.571997	0.647469	0.640165	0.570307	0.611502	0.649839	0.499747	0.400929	0.557421	0.543742	0.648920	0.650613	0.632258	0.517036	0.622782	0.635705	0.568327	0.582311	0.603931	0.581749	0.592221	0.293972	0.463694	0.634461	0.536885	0.642785	0.544970	0.608338	0.642424	0.591078	0.589050	0.633055	0.480699	0.596535	0.516584	0.490350	0.555003	0.394410	0.547043	0.508499	0.604773	0.446936	0.389712	0.631933	0.170062	0.423780	1.000000	0.550938	0.385655	0.644380	0.486565	0.206597	0.263866	0.485069	0.574772	0.444111	0.640042	0.629740	0.553511	0.624297	0.490620	0.189308	0.555855	0.143756	0.485591	0.462786	0.488749	0.563325	0.531120	0.541497	0.649490	0.362916	0.626087	0.642027	0.324412	0.256540	0.590596	0.390966	0.584383	0.398121	0.548993	0.548473	0.420732	0.504965	0.638054	0.271985	0.381847	0.265323	0.601458	0.567710	0.646964	0.489146	0.578745	0.438110	0.410138	0.388153	0.410769	0.501074	0.501420	0.636143	0.091130	0.581616	0.484364	0.416539	0.627753	0.539295	0.625214	0.173298	0.573463	0.368088	0.638043	0.652778	0.450746	0.524636	0.487699	0.502140	0.132007	0.514768	0.558026	0.636646	0.514085	0.413476	0.652692	0.170062	0.333871	0.581449	0.240204	0.596865	0.466667	0.593338	0.380878	0.611144	0.419207	0.374508	0.630631	0.518570	0.313469	0.368088	0.570307	0.329769	0.410138	0.443093	0.425161	0.328479	0.534435	0.601004	0.523378	0.271130	0.480349	0.585732	0.562874	0.601220	0.622328	0.430629	0.345877	0.649436	0.384676	0.593253	0.564845	0.581425	0.292562	0.473338	0.328197	0.485859	0.628883	0.613054	0.538619	0.561358	0.628506	0.157003	0.253593	0.629178	0.554735	0.562697	0.561170	0.624573	0.655970	0.465390	0.562254	0.616647	0.433333	0.612319	0.515723	0.603086	0.253593	0.401544	0.212803	0.366798	0.561142	0.485941	0.409546	0.548057	0.543109	0.650755	0.575777	0.611041	0.615114	0.549362	0.182938	0.644992	0.584457	0.534518	0.544227	0.616647	0.644768	0.271130	0.514452	0.610849	0.621859	0.467991	0.581337	0.521856	0.558726	0.349840	0.488251	0.484058	0.602967	0.327126	0.520223	0.586056	0.350288	0.254058	0.600926	0.576998	0.321690	0.508162	0.580604	0.614759	0.249153	0.179736	0.572519	0.431818	0.401855	0.552597	0.460400	0.642419	0.390966	0.505634	0.104587	0.470242	0.354213	0.520776	0.344551	0.552457	0.492397	0.618850	0.625000	0.635135	0.339228	0.362916	0.645903	0.348521	0.654508	0.633718	0.317590	0.480755	0.636364	0.583843	0.301386	0.400929	0.628924	0.569571	0.456262	0.613062	0.507463	0.175456	0.519244	0.258010	0.317590	0.559039	0.603626	0.604843	0.645109	0.460400	0.063365	0.546685	0.442279	0.324412	0.389712	0.527185	0.421293	0.646137	0.617341	0.316218	0.645387	0.501433	0.615822	0.309329	0.528276	0.575708	0.611442	0.578275	0.642455	0.452381	0.351157	0.524407	0.247668	0.446108	0.419847	0.524432	0.568421	0.324412	0.644762	0.349840	0.220500	0.638386	0.348521	0.412261	0.212803	0.384111	0.636364	0.240204	0.394716	0.349840	0.629087	0.548673	0.643869	0.595462	0.441441	0.296785	0.394410	0.490873	0.275459	0.249153	0.293972	0.512676	0.641133	0.588235	0.569010	0.638100	0.596833	0.450746	0.629834	0.580522	0.498567	0.436747	0.542031	0.640713	0.130317	0.265323	0.432555	0.505666	0.581795	
0.631169	0.651212	0.586479	0.645161	0.552036	0.617569	0.570136	0.050376	0.647436	0.639706	0.622449	0.567954	0.624365	0.624390	0.638158	0.617907	0.626151	0.573082	0.622739	0.660256	0.461934	0.486336	0.644397	0.627451	0.636927	0.193426	0.594347	0.607143	0.579545	0.403923	0.454849	0.603086	0.618557	0.606711	0.499712	0.612137	0.653887	0.479741	0.535168	0.617925	0.651341	0.573228	0.524104	0.357895	0.625954	0.560241	0.508353	0.314815	0.637563	0.312564	0.627401	0.643629	0.375256	0.615569	0.588235	0.616527	0.595628	0.559172	0.593315	0.635514	0.376287	0.549080	0.632841	0.562592	0.620915	0.473373	0.586861	0.654628	0.583215	0.616188	0.641278	0.630000	0.401405	0.652308	0.647343	0.026289	0.598338	0.599528	0.399825	0.650602	0.621253	0.647128	0.576023	0.558239	0.627604	0.558103	0.621089	0.631579	0.330909	0.578907	0.127998	0.635638	0.630268	0.592163	0.607347	0.636098	0.187042	0.575221	0.615101	0.633663	0.635535	0.560472	0.655481	0.064475	0.597293	0.312500	0.618613	0.147068	0.450617	0.636145	0.430769	0.644172	0.502385	0.547141	0.638554	0.585219	0.140992	0.639816	0.499414	0.503497	0.323353	0.441393	0.324818	0.611111	0.062128	0.379884	0.638246	0.596047	0.641330	0.571843	0.377933	0.507392	0.550989	0.656036	0.622222	0.633540	0.257287	0.642934	0.496774	0.606965	0.618842	0.647558	0.649891	0.635983	0.617450	0.586364	0.610313	0.633426	0.290503	0.628993	0.624862	0.471708	0.637993	0.549080	0.487544	0.303070	0.651835	0.533951	0.608622	0.633588	0.306921	0.551160	0.321755	0.542819	0.556011	0.634615	0.618858	0.571429	0.645427	0.619507	0.524383	0.573734	0.632461	0.635398	0.527103	0.271919	0.601671	0.651366	0.631579	0.547636	0.524892	0.586314	0.293854	0.613811	0.479413	0.641129	0.646154	0.619005	0.651394	0.613725	0.521193	0.247506	0.592708	0.662921	0.568182	0.638619	0.616475	0.602740	0.634615	0.904433	0.439922	0.625782	0.633397	0.633452	0.637576	0.347201	0.593838	0.649891	0.639618	0.430740	0.617801	0.583921	0.604459	0.345946	0.615176	0.550938	1.000000	0.193182	0.561074	0.622665	0.408304	0.480519	0.618273	0.366906	0.621871	0.582393	0.486182	0.627100	0.584718	0.640394	0.380952	0.644737	0.296846	0.621622	0.623244	0.257938	0.653928	0.635321	0.638393	0.543493	0.572674	0.586098	0.586364	0.546282	0.481178	0.646425	0.580282	0.635108	0.202426	0.652838	0.654506	0.604336	0.633971	0.541037	0.130732	0.585227	0.486224	0.625000	0.346023	0.582751	0.633663	0.635628	0.611331	0.604396	0.592384	0.589532	0.646416	0.621103	0.472017	0.041544	0.369714	0.634207	0.612022	0.590982	0.631929	0.600509	0.351885	0.652935	0.572254	0.554234	0.530895	0.634465	0.636678	0.643564	0.625604	0.274436	0.625000	0.338870	0.572901	0.643026	0.606557	0.545574	0.345946	0.561562	0.370610	0.456667	0.630754	0.615979	0.645034	0.584046	0.631963	0.593496	0.591105	0.509113	0.644783	0.543779	0.580925	0.636649	0.161307	0.604396	0.227792	0.216356	0.552870	0.635535	0.633333	0.628638	0.495974	0.617500	0.634766	0.652314	0.632270	0.623423	0.614765	0.562963	0.539254	0.592908	0.623872	0.651852	0.645291	0.528302	0.641509	0.160461	0.633540	0.588422	0.612960	0.647919	0.651357	0.612106	0.321755	0.472906	0.573608	0.633880	0.353077	0.636559	0.576014	0.539806	0.642857	0.640756	0.623675	0.605898	0.630314	0.634772	0.401229	0.476190	0.590846	0.419244	0.593343	0.346677	0.637146	0.601379	0.627100	0.654060	0.543611	0.638086	0.471373	0.617829	0.644809	0.369449	0.568642	0.655137	0.632171	0.630650	0.613074	0.530507	0.495974	0.287144	0.631016	0.635004	0.621656	0.626482	0.290967	0.645230	0.557522	0.264630	0.632754	0.621062	0.556732	0.639535	0.382463	0.172427	0.121461	0.409843	0.619689	0.541857	0.629940	0.626653	0.619006	0.465347	0.363636	0.641283	0.619303	0.608333	0.646552	0.612613	0.541802	0.600000	0.643026	0.220930	0.612452	0.174757	0.650575	0.551929	0.648069	0.627014	0.618149	0.607321	0.482720	0.564179	0.587209	0.545935	0.576071	0.584387	0.604651	0.544343	0.637609	0.593407	0.630189	0.146155	0.587744	0.619835	0.632780	0.243501	0.436627	0.602641	0.081957	0.624561	0.473856	0.544343	0.646486	0.408218	0.629133	0.468421	0.620335	0.028660	0.648230	0.618421	0.543247	0.598025	0.632537	0.618084	0.587314	0.447303	0.535988	0.574423	0.637470	0.610313	0.524691	0.648402	0.367641	0.610507	0.359155	0.572049	0.638961	0.571429	0.641860	0.469421	0.614173	0.619565	0.646189	0.634249	0.552352	0.538663	0.560472	0.425894	0.581310	0.564254	0.612859	0.419244	0.192736	0.578561	0.463333	0.586255	0.569322	0.618333	0.634637	0.547183	0.399825	0.622691	0.525822	0.621849	0.263793	0.509615	0.475248	0.527473	0.650118	0.591592	0.642424	0.634096	0.579604	0.631086	0.613577	0.605178	0.649950	0.644769	0.612732	0.633078	0.543004	0.271186	0.505673	0.621514	0.625298	0.651956	
0.135100	0.204892	0.273477	0.173969	0.090727	0.269301	0.336047	0.388448	0.200000	0.153548	0.140754	0.358563	0.142363	0.155135	0.190898	0.144370	0.254878	0.102541	0.136719	0.200000	0.482174	0.454949	0.196976	0.133072	0.149968	0.612821	0.330546	0.117931	0.107977	0.523614	0.062726	0.111722	0.137527	0.124918	0.444444	0.130226	0.201131	0.466843	0.086898	0.166168	0.239852	0.317790	0.415994	0.554149	0.141558	0.091152	0.431579	0.576593	0.218303	0.581598	0.139545	0.196218	0.548526	0.161062	0.105054	0.251680	0.119580	0.096231	0.113796	0.169296	0.535845	0.086045	0.254168	0.097496	0.302491	0.468997	0.100022	0.180932	0.107560	0.276942	0.152754	0.147173	0.528228	0.214598	0.158301	0.221551	0.115452	0.318119	0.525388	0.222360	0.120403	0.168125	0.099602	0.362076	0.134289	0.316140	0.172025	0.161456	0.041515	0.327294	0.599673	0.127780	0.239852	0.101702	0.302827	0.232970	0.630519	0.097074	0.254878	0.150366	0.177844	0.097074	0.184010	0.457725	0.288278	0.038831	0.258418	0.614728	0.480097	0.159091	0.057026	0.215711	0.076182	0.083910	0.222360	0.336047	0.621750	0.174357	0.437545	0.440000	0.580548	0.498893	0.040621	0.277978	0.447286	0.541026	0.155532	0.316140	0.163815	0.101702	0.542871	0.434751	0.088176	0.177844	0.220149	0.149170	0.618211	0.196597	0.072295	0.296429	0.279703	0.202261	0.191660	0.207516	0.239491	0.334109	0.288619	0.253813	0.035690	0.152754	0.189753	0.472664	0.161850	0.086045	0.433333	0.602652	0.185929	0.084337	0.288619	0.141558	0.599853	0.378868	0.040173	0.392377	0.379388	0.159880	0.128188	0.346302	0.213855	0.198867	0.410124	0.347893	0.207141	0.270346	0.412944	0.593897	0.113796	0.192040	0.190898	0.364502	0.419703	0.323047	0.585513	0.285201	0.446941	0.220887	0.214598	0.261591	0.225300	0.231150	0.079624	0.618056	0.324029	0.182472	0.361312	0.196597	0.269998	0.308177	0.238408	0.229326	0.498813	0.146773	0.239130	0.164208	0.157115	0.570855	0.112137	0.191660	0.162243	0.508246	0.132666	0.110059	0.298117	0.043746	0.122047	0.385655	0.193182	1.000000	0.385049	0.148372	0.053944	0.070562	0.146773	0.552083	0.130634	0.337013	0.454432	0.183626	0.295752	0.151959	0.049080	0.190898	0.036588	0.152754	0.140351	0.615447	0.202261	0.175521	0.184778	0.382547	0.101283	0.316471	0.334109	0.089027	0.068391	0.231514	0.110475	0.228960	0.627554	0.192421	0.198489	0.122047	0.161456	0.395371	0.608880	0.107977	0.070995	0.249898	0.558039	0.323374	0.150366	0.219411	0.130634	0.117931	0.110059	0.117105	0.156324	0.160668	0.471718	0.331109	0.552794	0.147573	0.119580	0.308511	0.187078	0.287253	0.044637	0.213111	0.102961	0.367851	0.410701	0.133478	0.173580	0.150366	0.158301	0.033440	0.166168	0.572215	0.346302	0.165385	0.119580	0.394103	0.043746	0.092000	0.543179	0.063599	0.231514	0.137527	0.230056	0.107143	0.258065	0.122047	0.105054	0.424818	0.168125	0.085619	0.102961	0.207141	0.627192	0.117931	0.609613	0.625480	0.090302	0.177844	0.231150	0.170467	0.072727	0.147173	0.232606	0.197355	0.247755	0.263350	0.124918	0.095808	0.400148	0.108394	0.222728	0.203390	0.223096	0.079195	0.145172	0.631502	0.149170	0.314818	0.274518	0.182088	0.208264	0.285201	0.040173	0.067522	0.331195	0.192040	0.562636	0.197733	0.288960	0.401190	0.140754	0.206018	0.271043	0.125328	0.253458	0.169687	0.526178	0.067522	0.115038	0.055707	0.102541	0.564641	0.152356	0.116692	0.183626	0.185929	0.383587	0.224933	0.455885	0.271391	0.192040	0.047305	0.338301	0.217563	0.182088	0.188990	0.271043	0.401410	0.072727	0.601337	0.267554	0.272782	0.141156	0.228229	0.589212	0.198867	0.097074	0.616733	0.149569	0.263701	0.089878	0.170856	0.544229	0.617602	0.600246	0.519690	0.210877	0.088176	0.161062	0.217563	0.276250	0.066216	0.046416	0.223096	0.125328	0.114625	0.196976	0.137931	0.400595	0.110475	0.165385	0.026207	0.141961	0.633432	0.174745	0.095386	0.198489	0.149968	0.264403	0.295075	0.455224	0.093694	0.101283	0.391621	0.096653	0.342151	0.310175	0.086898	0.148372	0.319107	0.245607	0.619476	0.113796	0.297780	0.210504	0.622567	0.503639	0.160274	0.522115	0.168906	0.068826	0.086898	0.195839	0.523959	0.266505	0.475759	0.137931	0.239398	0.187843	0.131040	0.089027	0.110059	0.178230	0.123279	0.320094	0.498377	0.086472	0.368471	0.155928	0.288619	0.084337	0.177070	0.553467	0.261239	0.556808	0.353595	0.135100	0.097496	0.170856	0.065781	0.131854	0.121225	0.178230	0.203766	0.089027	0.395896	0.097074	0.057905	0.346620	0.096653	0.119168	0.055707	0.634407	0.347575	0.063599	0.111722	0.097074	0.294398	0.184394	0.381760	0.531265	0.130226	0.080483	0.112137	0.602406	0.074024	0.066216	0.079624	0.165385	0.337979	0.220149	0.209758	0.347893	0.248470	0.133478	0.306509	0.222728	0.155928	0.128596	0.191279	0.402819	0.032990	0.070995	0.128188	0.162243	0.222728	
0.454545	0.568047	0.593805	0.530556	0.330364	0.618011	0.646997	0.109710	0.563660	0.494236	0.470501	0.647716	0.470588	0.495690	0.549865	0.482051	0.612786	0.367379	0.456166	0.563660	0.624801	0.630867	0.558667	0.445774	0.482959	0.381722	0.636895	0.412308	0.384013	0.598934	0.237607	0.395331	0.465875	0.431283	0.639238	0.440602	0.563865	0.639703	0.318108	0.507042	0.600248	0.608035	0.648402	0.564871	0.466863	0.331715	0.645018	0.515482	0.583173	0.528356	0.462676	0.570093	0.571523	0.500355	0.375099	0.606428	0.411043	0.347756	0.400000	0.518207	0.565811	0.315359	0.612319	0.351719	0.638085	0.635952	0.359586	0.536351	0.382745	0.625218	0.489177	0.481050	0.595999	0.585650	0.504286	0.058098	0.404946	0.629409	0.589591	0.589286	0.419602	0.517895	0.358280	0.630303	0.455224	0.621666	0.526829	0.504261	0.162210	0.629610	0.266271	0.436556	0.600248	0.364790	0.633278	0.598622	0.375912	0.350400	0.612786	0.486957	0.531034	0.350400	0.538881	0.139230	0.625998	0.152330	0.605516	0.302612	0.608903	0.497860	0.217805	0.575484	0.283097	0.308450	0.581633	0.637513	0.291120	0.528799	0.647059	0.630245	0.545881	0.615090	0.158929	0.627610	0.134350	0.570853	0.498205	0.637997	0.513437	0.364790	0.585805	0.648696	0.322213	0.533793	0.569782	0.485113	0.479710	0.559039	0.270134	0.642295	0.622325	0.566711	0.553163	0.571990	0.609288	0.631078	0.630199	0.609063	0.140667	0.497835	0.538825	0.623630	0.498226	0.315359	0.627989	0.522077	0.538409	0.309836	0.634758	0.465390	0.534381	0.646712	0.157283	0.644976	0.649312	0.501425	0.439245	0.642487	0.581230	0.556811	0.651790	0.647028	0.572364	0.622797	0.639412	0.492908	0.400000	0.547411	0.555256	0.615385	0.646658	0.640474	0.503788	0.631519	0.612367	0.590793	0.577893	0.621348	0.586294	0.565327	0.294458	0.466713	0.650188	0.537620	0.641414	0.572382	0.620811	0.637617	0.601737	0.597353	0.617602	0.481400	0.596035	0.511661	0.503937	0.562189	0.396579	0.553163	0.510638	0.612687	0.450599	0.390320	0.637128	0.170364	0.421374	0.644380	0.561074	0.385049	1.000000	0.482909	0.206957	0.264310	0.472648	0.573195	0.441773	0.640715	0.631130	0.537884	0.637387	0.484104	0.189640	0.549865	0.144014	0.493506	0.463469	0.484628	0.569353	0.523546	0.544959	0.644282	0.363492	0.631121	0.637421	0.324939	0.256974	0.590082	0.391576	0.596469	0.399843	0.557796	0.566489	0.421374	0.511364	0.646301	0.271530	0.384013	0.265770	0.586375	0.565581	0.637977	0.488406	0.575641	0.444778	0.413846	0.390320	0.409861	0.500358	0.504979	0.626115	0.090961	0.574795	0.477786	0.418712	0.609702	0.545455	0.622501	0.173605	0.578095	0.368671	0.643678	0.639481	0.452915	0.529534	0.485507	0.492857	0.132246	0.519718	0.560195	0.648705	0.519041	0.415644	0.646638	0.170364	0.334410	0.571335	0.240614	0.587571	0.458457	0.591567	0.381476	0.611878	0.424427	0.375099	0.633904	0.515088	0.313982	0.368671	0.572364	0.329235	0.413846	0.436767	0.424922	0.329011	0.535172	0.592965	0.522711	0.271584	0.479592	0.586466	0.554297	0.611722	0.612366	0.432802	0.346431	0.649106	0.385278	0.573614	0.566908	0.587261	0.293046	0.474031	0.327666	0.483660	0.640480	0.621937	0.540726	0.581699	0.623496	0.157283	0.254022	0.638343	0.546066	0.569987	0.561917	0.604784	0.645253	0.463127	0.577428	0.623239	0.432473	0.616687	0.520644	0.592982	0.254022	0.405259	0.213172	0.367379	0.570807	0.489531	0.410177	0.533788	0.550646	0.653340	0.599365	0.596373	0.627566	0.552791	0.183260	0.637270	0.585209	0.540726	0.549020	0.625587	0.635040	0.271584	0.513664	0.621015	0.621416	0.467207	0.601010	0.511403	0.568771	0.350400	0.488493	0.487663	0.615567	0.327656	0.525140	0.584429	0.349729	0.253629	0.592804	0.575146	0.322213	0.513149	0.580064	0.622455	0.249576	0.180053	0.579618	0.432473	0.404025	0.548000	0.461082	0.655319	0.391576	0.519041	0.104779	0.473878	0.353991	0.533981	0.345104	0.561170	0.482959	0.612463	0.638106	0.629755	0.339775	0.363492	0.650360	0.349079	0.655190	0.638813	0.318108	0.477091	0.641387	0.604167	0.300890	0.401550	0.637486	0.583333	0.460617	0.614280	0.499644	0.175147	0.517169	0.258446	0.318108	0.562458	0.606901	0.617386	0.623786	0.465530	0.063246	0.546070	0.445946	0.324939	0.390320	0.534804	0.426504	0.618713	0.620902	0.316735	0.653020	0.496413	0.627920	0.309836	0.534530	0.572825	0.605012	0.575448	0.649258	0.459016	0.351719	0.522346	0.248088	0.446777	0.422018	0.529290	0.569170	0.324939	0.646330	0.350400	0.220880	0.646297	0.349079	0.415963	0.213172	0.386129	0.647363	0.240614	0.395331	0.350400	0.637698	0.541241	0.649389	0.602166	0.442105	0.297275	0.396579	0.483218	0.275920	0.249576	0.294458	0.511989	0.644958	0.582586	0.568449	0.634625	0.603659	0.457399	0.639381	0.587635	0.496413	0.438914	0.557576	0.659155	0.130553	0.265770	0.439245	0.509220	0.588910	
0.595420	0.616307	0.544922	0.632138	0.587591	0.565217	0.515277	0.037994	0.623630	0.653352	0.642750	0.508184	0.621100	0.641135	0.637390	0.616519	0.593203	0.628472	0.622155	0.604141	0.376162	0.407628	0.600246	0.643077	0.627168	0.148564	0.529313	0.606852	0.614601	0.323308	0.509317	0.622074	0.644478	0.641270	0.418002	0.606532	0.633495	0.396313	0.556586	0.603001	0.602799	0.519481	0.449767	0.280816	0.619970	0.571949	0.434337	0.245627	0.629885	0.243799	0.651652	0.636252	0.295787	0.622222	0.621993	0.586279	0.599676	0.606061	0.600332	0.636977	0.297321	0.581006	0.600619	0.606383	0.544635	0.394495	0.600000	0.632944	0.598639	0.564797	0.640916	0.633577	0.318224	0.627907	0.631136	0.019767	0.619440	0.534602	0.316176	0.610670	0.626817	0.634146	0.604569	0.490333	0.643185	0.514783	0.636364	0.629681	0.404598	0.528716	0.097492	0.618524	0.607104	0.609756	0.553153	0.597802	0.143543	0.603908	0.576725	0.640693	0.621232	0.621670	0.629012	0.048715	0.556701	0.386946	0.570846	0.112290	0.372881	0.626573	0.510638	0.614137	0.556420	0.563910	0.601589	0.513625	0.107567	0.633952	0.422376	0.427233	0.252570	0.357588	0.406467	0.565092	0.046927	0.300306	0.626062	0.540870	0.632737	0.602787	0.297321	0.432741	0.594096	0.629096	0.603429	0.634783	0.199247	0.610837	0.538614	0.557287	0.566219	0.631197	0.608260	0.620690	0.601293	0.516183	0.569288	0.578512	0.369668	0.620887	0.614610	0.387387	0.631579	0.588454	0.421388	0.236102	0.614796	0.585366	0.561798	0.634873	0.239221	0.481125	0.398148	0.468995	0.486286	0.616457	0.639498	0.506838	0.622378	0.621027	0.456284	0.506410	0.619048	0.583251	0.449664	0.210978	0.613599	0.615000	0.619824	0.479263	0.447090	0.529462	0.228647	0.565217	0.407720	0.618016	0.613953	0.577778	0.602925	0.581215	0.574713	0.191430	0.536627	0.624516	0.490333	0.608374	0.575937	0.539964	0.590270	0.595556	0.353002	0.628655	0.606257	0.637363	0.645070	0.272044	0.624374	0.635795	0.622407	0.345208	0.631741	0.622896	0.558394	0.431818	0.654896	0.486565	0.622665	0.148372	0.482909	1.000000	0.488121	0.558882	0.605263	0.288228	0.611801	0.518946	0.408926	0.652956	0.558310	0.625538	0.473451	0.609787	0.377358	0.635193	0.613772	0.199768	0.619105	0.626156	0.624840	0.478070	0.600349	0.529974	0.519502	0.555147	0.524194	0.598234	0.625210	0.602892	0.155656	0.624220	0.631579	0.622793	0.613037	0.470170	0.099609	0.614601	0.537849	0.555904	0.271080	0.518771	0.643579	0.625430	0.611801	0.636215	0.619529	0.608838	0.629944	0.631433	0.385610	0.031298	0.290541	0.641399	0.635332	0.527063	0.617535	0.558271	0.438914	0.628505	0.616984	0.490107	0.455472	0.645161	0.640957	0.603175	0.625526	0.350120	0.660300	0.265227	0.510056	0.642955	0.645057	0.476596	0.431818	0.577132	0.291279	0.536082	0.591611	0.632375	0.614191	0.626917	0.587755	0.626003	0.628866	0.433703	0.628726	0.597015	0.644714	0.630952	0.123386	0.636215	0.175734	0.166667	0.595978	0.629096	0.603315	0.607527	0.545455	0.618978	0.585259	0.604423	0.588854	0.586935	0.622222	0.600000	0.465601	0.616949	0.587302	0.604819	0.611552	0.583493	0.647059	0.122726	0.617391	0.528796	0.556962	0.630491	0.621590	0.565217	0.407407	0.526316	0.526756	0.612500	0.276861	0.625767	0.518241	0.462937	0.624813	0.640382	0.568338	0.592710	0.603930	0.619946	0.318077	0.538462	0.617162	0.496788	0.635417	0.271615	0.638968	0.609836	0.611825	0.632653	0.483871	0.608108	0.399050	0.569745	0.632500	0.441964	0.510673	0.615207	0.622739	0.606061	0.578171	0.459085	0.545455	0.223232	0.587885	0.581213	0.632836	0.581940	0.226316	0.630807	0.596803	0.205128	0.622287	0.570281	0.604396	0.617450	0.301754	0.132079	0.092436	0.324528	0.625882	0.586716	0.638889	0.617512	0.562016	0.521385	0.439462	0.595696	0.637084	0.621488	0.605166	0.643505	0.462185	0.615126	0.651163	0.284289	0.645833	0.133904	0.635762	0.622540	0.602203	0.621387	0.575150	0.555658	0.405003	0.616216	0.607330	0.476395	0.612100	0.523577	0.551237	0.578850	0.636628	0.541846	0.596825	0.111580	0.616915	0.566210	0.617197	0.188235	0.351020	0.621170	0.062060	0.632432	0.531187	0.578850	0.619753	0.323917	0.573705	0.384314	0.643505	0.021557	0.623574	0.610853	0.566176	0.626263	0.636126	0.626198	0.521515	0.360965	0.598513	0.501520	0.628006	0.543071	0.577861	0.633377	0.288833	0.574317	0.281852	0.502370	0.635115	0.609929	0.644295	0.530612	0.615147	0.631240	0.604712	0.620939	0.562500	0.463501	0.596803	0.504237	0.512862	0.622776	0.642857	0.492505	0.148021	0.503609	0.540206	0.612040	0.596803	0.573272	0.630769	0.474227	0.316176	0.631415	0.568702	0.617696	0.204458	0.550098	0.533605	0.574713	0.637483	0.517666	0.603429	0.611570	0.511218	0.596013	0.648233	0.553078	0.598639	0.636492	0.647887	0.609023	0.464310	0.346154	0.553785	0.642633	0.633472	0.619048	
0.488372	0.390805	0.297872	0.443182	0.569659	0.302414	0.241379	0.013309	0.395973	0.478992	0.513514	0.224953	0.500000	0.470833	0.416084	0.498896	0.319035	0.575499	0.525346	0.389262	0.148379	0.163799	0.401361	0.517647	0.496788	0.054017	0.245614	0.505155	0.582418	0.125066	0.558140	0.536193	0.509174	0.538272	0.170365	0.502392	0.397329	0.157512	0.566879	0.433071	0.338068	0.255914	0.186228	0.106966	0.479821	0.580247	0.178144	0.092391	0.368992	0.091644	0.512472	0.406143	0.113279	0.460606	0.565826	0.322931	0.489796	0.559524	0.507937	0.461240	0.113930	0.621795	0.319892	0.589971	0.269231	0.156682	0.562319	0.428571	0.545455	0.294190	0.481013	0.500000	0.122870	0.374803	0.475410	0.006883	0.544503	0.255639	0.121989	0.362805	0.538071	0.452242	0.540698	0.222846	0.518692	0.257297	0.439771	0.467742	0.609524	0.248175	0.034836	0.519417	0.338068	0.567335	0.268927	0.347445	0.052102	0.579882	0.319035	0.482906	0.423792	0.585799	0.429603	0.017125	0.282660	0.558824	0.314815	0.040325	0.148379	0.469388	0.628571	0.369906	0.608997	0.573290	0.359756	0.241379	0.038567	0.442344	0.174231	0.172965	0.095238	0.140082	0.625000	0.293103	0.016487	0.115198	0.453222	0.257297	0.458167	0.555874	0.113930	0.176166	0.599369	0.427509	0.363077	0.477419	0.073730	0.402044	0.607143	0.274827	0.291310	0.395349	0.407666	0.386364	0.338549	0.242857	0.282325	0.320323	0.527919	0.472574	0.407733	0.153449	0.454728	0.564103	0.176820	0.088509	0.415027	0.610390	0.282325	0.497758	0.089777	0.211368	0.618357	0.202037	0.211744	0.447154	0.508475	0.233792	0.375987	0.397976	0.192090	0.232649	0.383740	0.301266	0.188142	0.078393	0.529101	0.406957	0.409091	0.220984	0.184926	0.251586	0.085489	0.285714	0.166085	0.365031	0.374803	0.311111	0.358434	0.347059	0.612795	0.070644	0.250790	0.425455	0.222846	0.398637	0.301648	0.264151	0.340000	0.352593	0.138051	0.474946	0.339031	0.469185	0.470103	0.103299	0.550802	0.411150	0.457831	0.134615	0.495283	0.542005	0.273249	0.623256	0.537688	0.206597	0.408304	0.053944	0.206957	0.488121	1.000000	0.601449	0.453159	0.110083	0.491647	0.240647	0.166085	0.419530	0.275463	0.474576	0.669604	0.412587	0.582915	0.472574	0.496614	0.073936	0.395349	0.428571	0.424460	0.208224	0.568966	0.257019	0.242857	0.551724	0.590406	0.349486	0.545946	0.353116	0.056734	0.409722	0.402027	0.537688	0.467742	0.201183	0.035618	0.532967	0.613718	0.322404	0.102897	0.251320	0.487179	0.367284	0.510740	0.546392	0.558266	0.518135	0.472050	0.461538	0.153153	0.010939	0.111059	0.485900	0.556122	0.263858	0.412811	0.283671	0.571429	0.377179	0.579545	0.218549	0.191011	0.511737	0.436433	0.478632	0.463115	0.604167	0.460630	0.100464	0.233792	0.458498	0.545918	0.200844	0.651163	0.595092	0.111371	0.592308	0.346549	0.481651	0.351551	0.552486	0.315232	0.522613	0.554622	0.182236	0.444444	0.617363	0.562500	0.386992	0.044478	0.546392	0.064499	0.060979	0.602484	0.427509	0.350000	0.443160	0.597865	0.486957	0.345029	0.400679	0.327824	0.309091	0.538272	0.585075	0.196046	0.580822	0.362253	0.393388	0.361702	0.601351	0.505495	0.044230	0.460215	0.258415	0.296758	0.433515	0.385113	0.285714	0.560386	0.565056	0.245108	0.406957	0.105310	0.403390	0.281991	0.197510	0.513514	0.388889	0.300505	0.512315	0.320755	0.441006	0.122807	0.594796	0.540682	0.636364	0.569801	0.103120	0.486258	0.524675	0.408680	0.422182	0.208955	0.358974	0.163125	0.300126	0.410435	0.600897	0.239678	0.370140	0.422587	0.419753	0.300505	0.195563	0.576512	0.083304	0.304348	0.298620	0.489888	0.354167	0.084547	0.397976	0.538462	0.076063	0.484979	0.308690	0.610592	0.450000	0.115815	0.047753	0.032973	0.125594	0.380800	0.593060	0.456566	0.370140	0.294919	0.578947	0.588235	0.361702	0.536946	0.547368	0.387755	0.498856	0.197839	0.545946	0.462451	0.545455	0.487696	0.048443	0.437736	0.580838	0.398649	0.462527	0.307891	0.276102	0.163686	0.606061	0.580460	0.202899	0.540059	0.236816	0.262404	0.573248	0.479482	0.254818	0.330556	0.040061	0.555556	0.273563	0.381410	0.069388	0.137176	0.450304	0.021913	0.446602	0.617647	0.585987	0.403419	0.125329	0.305520	0.152564	0.512586	0.007510	0.411348	0.495238	0.545455	0.552846	0.437848	0.483791	0.254002	0.141582	0.587859	0.218148	0.473029	0.282325	0.616883	0.444030	0.110338	0.311518	0.107401	0.228626	0.520930	0.607670	0.446154	0.603774	0.516588	0.535354	0.441558	0.392739	0.570533	0.200675	0.579882	0.582996	0.233562	0.551929	0.542199	0.578512	0.053810	0.232877	0.600000	0.557641	0.562130	0.276744	0.414414	0.210062	0.121989	0.468900	0.595318	0.545455	0.075796	0.591549	0.616541	0.592593	0.462451	0.239919	0.366154	0.376206	0.232649	0.326923	0.516432	0.265625	0.362253	0.477178	0.536232	0.408377	0.195402	0.575916	0.606498	0.532688	0.457831	0.362253	
0.538462	0.466770	0.372760	0.494700	0.603878	0.378182	0.306641	0.017521	0.470032	0.540856	0.560166	0.286496	0.555556	0.548263	0.485246	0.529532	0.397959	0.632391	0.567797	0.457413	0.191230	0.210597	0.479233	0.557235	0.534653	0.070657	0.311817	0.563380	0.582090	0.161772	0.601351	0.613139	0.561181	0.591422	0.218815	0.548246	0.470958	0.202711	0.607955	0.501832	0.420485	0.324380	0.238602	0.138754	0.541322	0.607735	0.228530	0.120122	0.442167	0.119165	0.572025	0.467949	0.146798	0.521576	0.622785	0.397419	0.576744	0.598930	0.567308	0.519856	0.147626	0.594286	0.398977	0.599469	0.340564	0.201670	0.610966	0.500000	0.603491	0.370720	0.550781	0.550201	0.158987	0.460624	0.517110	0.009070	0.595238	0.324045	0.157868	0.440922	0.597222	0.519056	0.623037	0.283906	0.570815	0.323988	0.513369	0.528090	0.580645	0.314945	0.045706	0.586667	0.423181	0.614987	0.340195	0.426003	0.068172	0.622340	0.395408	0.525692	0.506944	0.638298	0.493243	0.022532	0.356818	0.561983	0.387909	0.052862	0.191230	0.530303	0.628975	0.452663	0.636086	0.626087	0.446686	0.306641	0.050572	0.518519	0.223647	0.222065	0.123768	0.180771	0.560976	0.367059	0.021694	0.149240	0.527938	0.326064	0.533333	0.578811	0.147626	0.226062	0.625352	0.510417	0.438953	0.540755	0.096142	0.473600	0.647799	0.347345	0.364912	0.475000	0.473856	0.467890	0.421053	0.308448	0.356413	0.402049	0.536170	0.535156	0.484349	0.197609	0.542056	0.605714	0.226879	0.115145	0.492462	0.624277	0.356413	0.549587	0.116772	0.269759	0.579592	0.258224	0.270224	0.509434	0.598670	0.297348	0.453055	0.462758	0.245889	0.295947	0.468606	0.379227	0.240982	0.102147	0.586538	0.482871	0.478689	0.281614	0.236981	0.319106	0.111269	0.360505	0.213460	0.446377	0.454681	0.386052	0.441595	0.420613	0.620896	0.092163	0.318136	0.489796	0.283906	0.467200	0.374849	0.334398	0.422764	0.434783	0.178207	0.539235	0.418919	0.532348	0.535373	0.134073	0.626214	0.480392	0.529851	0.173865	0.571429	0.619165	0.345435	0.608696	0.587156	0.263866	0.480519	0.070562	0.264310	0.558882	0.601449	1.000000	0.523139	0.142727	0.560175	0.305745	0.213460	0.487310	0.345898	0.541176	0.596226	0.485246	0.565401	0.542969	0.548857	0.096408	0.475000	0.491228	0.501684	0.265876	0.595855	0.325726	0.308448	0.560224	0.576052	0.431154	0.593137	0.429775	0.074179	0.482085	0.479365	0.582569	0.516854	0.257166	0.046726	0.611940	0.647619	0.394805	0.133560	0.318782	0.561265	0.446064	0.568928	0.586854	0.604423	0.584906	0.537428	0.530075	0.197236	0.014407	0.143971	0.557114	0.572093	0.334043	0.496667	0.358039	0.588235	0.454410	0.600000	0.278616	0.244548	0.556034	0.523894	0.533597	0.539924	0.547826	0.520147	0.130453	0.297348	0.514706	0.595349	0.256746	0.577075	0.637363	0.144368	0.604027	0.422809	0.548523	0.433566	0.610000	0.393443	0.600917	0.612658	0.233631	0.515426	0.630372	0.589744	0.459418	0.058267	0.586854	0.084227	0.079675	0.611111	0.510417	0.428969	0.517056	0.633229	0.534137	0.418283	0.478469	0.408377	0.388614	0.582393	0.605898	0.250799	0.595533	0.434532	0.463453	0.445402	0.664671	0.563895	0.057944	0.540755	0.327424	0.371429	0.494037	0.460366	0.360505	0.563265	0.612378	0.311199	0.492659	0.136641	0.474522	0.349206	0.252615	0.560166	0.476923	0.378313	0.545045	0.402564	0.497297	0.158907	0.644951	0.572792	0.650000	0.622108	0.133845	0.520548	0.586288	0.483926	0.499162	0.266780	0.447932	0.209753	0.377858	0.479608	0.590038	0.304559	0.452276	0.504259	0.492562	0.375904	0.250199	0.639498	0.108463	0.382927	0.376048	0.554865	0.428169	0.110060	0.472266	0.611702	0.099147	0.539683	0.388133	0.635097	0.508961	0.150024	0.062525	0.043275	0.162442	0.455505	0.630986	0.521576	0.443465	0.369231	0.605263	0.610039	0.445402	0.581081	0.598086	0.469649	0.568421	0.253022	0.607843	0.525735	0.476636	0.540206	0.063422	0.514085	0.623656	0.469841	0.534653	0.384710	0.348889	0.210456	0.641304	0.590674	0.259290	0.613333	0.301055	0.332275	0.630682	0.542914	0.323045	0.403694	0.052517	0.600962	0.345815	0.462236	0.090542	0.177101	0.508475	0.028810	0.517179	0.632258	0.602273	0.481541	0.162106	0.384333	0.196496	0.564211	0.009896	0.495017	0.572052	0.610644	0.609337	0.502600	0.542141	0.322051	0.182664	0.632479	0.278122	0.538462	0.356413	0.612717	0.505226	0.143052	0.384040	0.139308	0.291010	0.555556	0.631300	0.523297	0.627063	0.539130	0.594470	0.492201	0.459627	0.599440	0.256536	0.611702	0.610526	0.297067	0.618667	0.596737	0.607143	0.070388	0.296226	0.644295	0.579075	0.617021	0.349666	0.482293	0.268147	0.157868	0.539474	0.599407	0.597087	0.098804	0.627329	0.611842	0.644776	0.522059	0.304854	0.441860	0.457576	0.295947	0.407311	0.577586	0.336188	0.446043	0.542308	0.588496	0.481178	0.250000	0.541485	0.609524	0.563193	0.526119	0.451799	
0.620584	0.604819	0.547059	0.600801	0.573529	0.587302	0.493786	0.037561	0.624235	0.608321	0.625564	0.500391	0.621824	0.639087	0.607818	0.587537	0.548087	0.594406	0.610687	0.624235	0.372603	0.406213	0.605686	0.606811	0.598837	0.146963	0.527731	0.653530	0.601709	0.320151	0.526096	0.575758	0.608828	0.571885	0.412855	0.647887	0.609756	0.392610	0.605607	0.631001	0.596757	0.531712	0.446965	0.278005	0.653673	0.572477	0.429030	0.243118	0.607390	0.241306	0.604230	0.607187	0.292851	0.608939	0.619377	0.569937	0.629690	0.603232	0.644407	0.643148	0.294372	0.544090	0.567876	0.607143	0.562896	0.387356	0.565371	0.623207	0.609589	0.559223	0.624460	0.590308	0.315107	0.598131	0.623413	0.019540	0.597015	0.541667	0.313076	0.588369	0.621138	0.615804	0.608850	0.502715	0.628659	0.525305	0.588710	0.622036	0.408353	0.532203	0.096413	0.635071	0.609730	0.621053	0.551537	0.571744	0.141992	0.597496	0.548087	0.589260	0.619236	0.586762	0.614194	0.048162	0.555033	0.400000	0.593654	0.111057	0.370411	0.646976	0.484979	0.589057	0.537255	0.579545	0.618016	0.512013	0.106383	0.634667	0.422180	0.424546	0.250000	0.354167	0.400932	0.555663	0.046394	0.297333	0.618234	0.521815	0.644537	0.596491	0.294372	0.424936	0.550186	0.603426	0.599311	0.606414	0.197159	0.626238	0.534930	0.540938	0.545279	0.602673	0.593711	0.575866	0.584416	0.536220	0.554511	0.566390	0.368421	0.569784	0.645570	0.383747	0.643454	0.585366	0.407147	0.233677	0.666667	0.551985	0.560150	0.611694	0.236769	0.492947	0.401869	0.473195	0.478810	0.647966	0.593060	0.493947	0.583138	0.619165	0.445205	0.520900	0.610048	0.569733	0.452221	0.208781	0.641068	0.610553	0.582598	0.489985	0.445623	0.526135	0.226290	0.540797	0.403869	0.588774	0.593458	0.539554	0.610169	0.603774	0.536680	0.189415	0.507692	0.619974	0.504267	0.599010	0.554455	0.540107	0.581976	0.595982	0.349614	0.611765	0.593716	0.613260	0.606232	0.269307	0.601681	0.601258	0.614743	0.341880	0.648062	0.620339	0.545788	0.412844	0.597738	0.485069	0.618273	0.146773	0.472648	0.605263	0.453159	0.523139	1.000000	0.285355	0.650000	0.505785	0.406288	0.617571	0.521659	0.606061	0.441964	0.650694	0.371429	0.615827	0.614458	0.197674	0.583232	0.669323	0.610039	0.467742	0.618629	0.530078	0.509575	0.588889	0.544715	0.587583	0.588832	0.578771	0.153986	0.587202	0.607626	0.620355	0.602510	0.452991	0.098508	0.601709	0.522088	0.596013	0.268350	0.539384	0.624093	0.607595	0.625000	0.568144	0.627119	0.629325	0.642045	0.598601	0.383099	0.030940	0.287648	0.653959	0.593801	0.539626	0.610473	0.543396	0.433790	0.603286	0.561955	0.483969	0.453988	0.627512	0.614973	0.635704	0.648801	0.343826	0.592593	0.262548	0.495561	0.618982	0.606852	0.472262	0.417431	0.570384	0.288380	0.528067	0.605322	0.639269	0.608018	0.607204	0.586066	0.630048	0.595156	0.433530	0.599455	0.563910	0.568935	0.610048	0.122039	0.568144	0.173869	0.164888	0.578269	0.642951	0.594895	0.583784	0.533865	0.590308	0.603315	0.646914	0.574446	0.583249	0.619808	0.571942	0.458537	0.590444	0.621868	0.619855	0.602958	0.526112	0.639053	0.121385	0.644315	0.523643	0.555230	0.625974	0.584029	0.546490	0.406542	0.542857	0.503356	0.605528	0.274083	0.609125	0.552113	0.461431	0.610526	0.602641	0.570582	0.631579	0.587747	0.579946	0.314961	0.514286	0.621262	0.488121	0.573427	0.268881	0.605187	0.607261	0.602067	0.600000	0.469118	0.574661	0.398810	0.564103	0.605528	0.427928	0.517298	0.625000	0.589610	0.614213	0.546890	0.467316	0.565737	0.220923	0.582253	0.585462	0.642643	0.571109	0.223979	0.633907	0.611807	0.202985	0.631732	0.578629	0.571956	0.626181	0.298770	0.130644	0.091410	0.321361	0.576832	0.594796	0.631285	0.581019	0.556420	0.542094	0.438914	0.596132	0.599681	0.605657	0.627936	0.617021	0.456461	0.605753	0.605227	0.287154	0.589820	0.132450	0.607190	0.576577	0.610086	0.665698	0.561368	0.535549	0.400000	0.580762	0.608084	0.456241	0.566308	0.508972	0.535461	0.605607	0.646199	0.522944	0.552604	0.110354	0.634391	0.553621	0.586982	0.186250	0.347648	0.610644	0.061361	0.652174	0.543611	0.560748	0.622829	0.320755	0.558000	0.381808	0.580547	0.021309	0.591083	0.605304	0.592593	0.616949	0.594737	0.601286	0.537133	0.357518	0.558052	0.500000	0.608819	0.537594	0.521739	0.615588	0.285955	0.582741	0.279032	0.503962	0.620584	0.564286	0.631579	0.502058	0.631415	0.589951	0.610526	0.631197	0.596296	0.460554	0.579606	0.500000	0.500000	0.573477	0.604575	0.514039	0.146425	0.510056	0.507277	0.582492	0.604651	0.543941	0.644330	0.472674	0.313076	0.654147	0.573077	0.611765	0.202321	0.554455	0.505133	0.548263	0.607978	0.509481	0.610792	0.581257	0.504823	0.571128	0.602782	0.537153	0.592255	0.628734	0.626772	0.581864	0.460042	0.349515	0.522088	0.608833	0.592490	0.594533	
0.264231	0.385314	0.478149	0.333605	0.181575	0.475101	0.530584	0.206291	0.376984	0.297500	0.274493	0.548625	0.277403	0.300333	0.362981	0.281027	0.454682	0.203956	0.267176	0.377778	0.615079	0.614747	0.373408	0.260536	0.291092	0.548815	0.532319	0.232699	0.214161	0.633917	0.127406	0.221158	0.268644	0.245599	0.601024	0.255337	0.380499	0.614847	0.174263	0.319901	0.436834	0.518570	0.595253	0.644975	0.275949	0.182384	0.609202	0.632889	0.407941	0.619332	0.272304	0.372112	0.633540	0.310872	0.208680	0.450207	0.235751	0.192035	0.225022	0.325410	0.627959	0.172630	0.453523	0.194432	0.508547	0.610514	0.199207	0.345749	0.213380	0.474936	0.296080	0.286074	0.636623	0.401719	0.305970	0.111933	0.228101	0.520490	0.628129	0.412403	0.237274	0.323348	0.198413	0.556150	0.262755	0.521587	0.330200	0.311570	0.085286	0.531391	0.449977	0.250856	0.437595	0.202376	0.509078	0.428517	0.536044	0.193634	0.455431	0.291806	0.340374	0.193634	0.351090	0.258248	0.495300	0.079887	0.458955	0.479683	0.623583	0.307374	0.116183	0.402030	0.153638	0.168534	0.412403	0.539519	0.475602	0.334285	0.603647	0.602424	0.631246	0.632625	0.083490	0.481725	0.249756	0.640602	0.301040	0.519481	0.315746	0.202376	0.648393	0.600916	0.176707	0.340374	0.408702	0.289661	0.612578	0.372760	0.146098	0.498208	0.482306	0.382423	0.364291	0.389764	0.436239	0.534435	0.489339	0.449944	0.073550	0.296080	0.361011	0.631367	0.312268	0.172630	0.596942	0.617386	0.354410	0.169355	0.490784	0.275949	0.635628	0.575082	0.082590	0.575758	0.571522	0.308775	0.251605	0.540449	0.398905	0.376639	0.584255	0.549033	0.388342	0.475313	0.588899	0.626210	0.225022	0.364946	0.362981	0.558481	0.597322	0.530314	0.624469	0.488937	0.622580	0.409161	0.400156	0.462626	0.415765	0.426267	0.160288	0.601549	0.524191	0.348424	0.558155	0.372760	0.476226	0.509027	0.431402	0.424009	0.632675	0.285355	0.435644	0.316440	0.303861	0.631504	0.221932	0.364291	0.312964	0.625135	0.259796	0.218055	0.498748	0.089762	0.240310	0.574772	0.366906	0.552083	0.573195	0.288228	0.110083	0.142727	0.285355	1.000000	0.256082	0.536217	0.614835	0.350424	0.499283	0.294658	0.100418	0.362981	0.075365	0.296080	0.273764	0.626871	0.380839	0.336319	0.352419	0.571242	0.201585	0.515789	0.539945	0.178333	0.138497	0.423033	0.218832	0.420323	0.552378	0.364800	0.375199	0.240310	0.311570	0.572256	0.452940	0.214161	0.143571	0.447289	0.642908	0.526646	0.291806	0.409798	0.256082	0.232699	0.218055	0.231169	0.302451	0.310174	0.625647	0.172543	0.645685	0.286792	0.235751	0.509554	0.356396	0.493666	0.091546	0.399217	0.204745	0.559575	0.588013	0.261277	0.332925	0.291806	0.305970	0.068998	0.319901	0.632192	0.545207	0.318519	0.235751	0.580251	0.089762	0.184000	0.641714	0.129121	0.426871	0.268644	0.423683	0.212598	0.457633	0.240310	0.208680	0.587616	0.323348	0.171812	0.204745	0.390705	0.502268	0.232699	0.598504	0.586236	0.180766	0.340374	0.424731	0.327466	0.146939	0.286074	0.426380	0.373259	0.446038	0.467706	0.245599	0.191235	0.589547	0.214941	0.412243	0.384342	0.412858	0.159459	0.282472	0.517454	0.289661	0.515993	0.482025	0.347756	0.389457	0.490388	0.082590	0.136799	0.534024	0.364146	0.640057	0.374702	0.497110	0.579738	0.274493	0.388013	0.477172	0.246352	0.455364	0.326096	0.642154	0.136799	0.227332	0.113573	0.203956	0.640832	0.295369	0.230403	0.350424	0.354410	0.573294	0.417472	0.601242	0.471844	0.364946	0.096879	0.545081	0.405921	0.347756	0.359695	0.471281	0.583254	0.146939	0.634595	0.467849	0.476295	0.275222	0.420647	0.644440	0.375050	0.193634	0.622600	0.290377	0.463080	0.179955	0.328151	0.640362	0.536479	0.438854	0.632626	0.396234	0.176707	0.310872	0.406700	0.478945	0.134247	0.095105	0.412084	0.246352	0.226562	0.373408	0.269377	0.578830	0.218832	0.318519	0.054286	0.276677	0.523036	0.334963	0.190434	0.375994	0.291092	0.470894	0.499641	0.611604	0.187223	0.201585	0.571521	0.192835	0.544213	0.515012	0.174263	0.288228	0.521344	0.445537	0.483408	0.225022	0.501790	0.396389	0.589092	0.624214	0.309475	0.319593	0.324723	0.139344	0.174263	0.370666	0.629872	0.466889	0.627440	0.269377	0.121553	0.357717	0.256826	0.178333	0.218055	0.341048	0.242581	0.524991	0.618031	0.173447	0.562521	0.301746	0.494398	0.169355	0.339024	0.642000	0.468006	0.638647	0.551771	0.264231	0.194432	0.328151	0.133394	0.258312	0.238793	0.341048	0.384190	0.178333	0.580707	0.193634	0.117918	0.542983	0.192835	0.234989	0.113573	0.553647	0.543109	0.129121	0.221158	0.193634	0.497845	0.351755	0.567877	0.635871	0.255337	0.161943	0.221932	0.625592	0.149457	0.134247	0.160288	0.318519	0.534979	0.409479	0.393559	0.549712	0.447210	0.261277	0.513475	0.414568	0.301746	0.252352	0.363636	0.577976	0.068085	0.143571	0.251605	0.312964	0.413018	
0.602291	0.594937	0.528571	0.595205	0.587302	0.549587	0.462725	0.033215	0.617761	0.630137	0.627200	0.468119	0.626391	0.586989	0.600266	0.583596	0.556634	0.601504	0.604878	0.620335	0.336134	0.367197	0.600780	0.627063	0.611111	0.130804	0.499130	0.632689	0.620183	0.287908	0.555809	0.592058	0.602917	0.576792	0.377693	0.647746	0.597436	0.354610	0.622222	0.618287	0.571751	0.511251	0.411241	0.249377	0.628389	0.605941	0.394199	0.217628	0.590799	0.215983	0.627010	0.607562	0.262927	0.609467	0.620818	0.559913	0.659686	0.615087	0.644007	0.619799	0.264317	0.572008	0.544865	0.638462	0.523944	0.352941	0.570342	0.613480	0.606618	0.541414	0.635115	0.586583	0.283286	0.593137	0.624813	0.017261	0.603908	0.503597	0.281426	0.594982	0.622609	0.590778	0.613333	0.469175	0.620690	0.493671	0.559659	0.614476	0.439898	0.501754	0.085555	0.630691	0.583051	0.615094	0.521576	0.556582	0.126342	0.631985	0.543689	0.588598	0.614743	0.605010	0.609524	0.042617	0.508309	0.431169	0.569904	0.098636	0.336134	0.637854	0.507042	0.603175	0.536170	0.618852	0.599761	0.483290	0.094458	0.630986	0.385262	0.385356	0.223881	0.319149	0.431877	0.527694	0.041048	0.267023	0.622356	0.508137	0.644217	0.615094	0.264317	0.389034	0.582329	0.586926	0.611312	0.597523	0.176005	0.588542	0.533623	0.529131	0.525050	0.592593	0.582781	0.587202	0.554299	0.496124	0.535156	0.543290	0.407407	0.574046	0.629333	0.346420	0.628319	0.608519	0.375900	0.209059	0.621622	0.584867	0.539062	0.622010	0.211864	0.449885	0.432990	0.437086	0.445977	0.638930	0.622896	0.468724	0.579853	0.609819	0.414085	0.478405	0.582915	0.539650	0.413555	0.186509	0.644007	0.613757	0.573705	0.464229	0.408719	0.498669	0.202361	0.508876	0.371747	0.559424	0.575980	0.526427	0.584615	0.583043	0.585774	0.169014	0.484956	0.601915	0.470777	0.580729	0.523711	0.523105	0.540295	0.581776	0.314961	0.618750	0.557191	0.590643	0.618619	0.241449	0.598198	0.588079	0.603829	0.307850	0.644628	0.603636	0.501901	0.429293	0.628670	0.444111	0.621871	0.130634	0.441773	0.611801	0.491647	0.560175	0.650000	0.256082	1.000000	0.475214	0.371747	0.596730	0.489952	0.615620	0.480392	0.637450	0.394737	0.607634	0.631410	0.176471	0.582375	0.645161	0.613297	0.441088	0.620038	0.509485	0.489233	0.624000	0.548673	0.570766	0.584392	0.573099	0.137112	0.591810	0.600259	0.607945	0.599705	0.426686	0.087425	0.612844	0.550218	0.562979	0.240577	0.501773	0.604006	0.598311	0.623333	0.583480	0.629091	0.638448	0.632530	0.604444	0.345821	0.027350	0.258176	0.641745	0.635253	0.513389	0.602961	0.519608	0.452261	0.586207	0.596623	0.455118	0.419061	0.629325	0.601695	0.607088	0.618834	0.380697	0.609579	0.235294	0.470392	0.620087	0.589878	0.437775	0.449495	0.579882	0.258844	0.539683	0.580046	0.615883	0.580420	0.626151	0.559829	0.621762	0.579926	0.396772	0.608069	0.581301	0.592871	0.587940	0.108460	0.583480	0.154999	0.146915	0.584493	0.639777	0.573751	0.591429	0.554113	0.583463	0.580347	0.612987	0.538037	0.565720	0.638225	0.581395	0.421505	0.615385	0.591885	0.605598	0.591180	0.561845	0.663522	0.107875	0.622291	0.509982	0.535097	0.602740	0.580726	0.524655	0.438144	0.555556	0.472222	0.587302	0.245801	0.604410	0.505366	0.422799	0.614400	0.577554	0.548818	0.626917	0.567714	0.587393	0.283152	0.560000	0.597865	0.505910	0.578947	0.241061	0.608563	0.611307	0.591281	0.600000	0.436364	0.575829	0.364634	0.550308	0.597884	0.460396	0.478705	0.611650	0.589041	0.593583	0.524152	0.426323	0.580087	0.197498	0.546210	0.560327	0.626198	0.541618	0.200267	0.604651	0.635838	0.181269	0.633694	0.569328	0.557769	0.593438	0.268336	0.116167	0.081092	0.289017	0.573201	0.602410	0.612426	0.546117	0.536437	0.536913	0.467662	0.581645	0.603066	0.591800	0.616385	0.601942	0.429191	0.591652	0.593886	0.313725	0.573248	0.117786	0.610408	0.601942	0.584735	0.654321	0.547170	0.521572	0.366972	0.587084	0.593573	0.429838	0.586873	0.483980	0.503676	0.614141	0.658385	0.502242	0.554939	0.098007	0.618962	0.527117	0.571429	0.166159	0.313152	0.593472	0.054338	0.626437	0.560706	0.569697	0.605744	0.288462	0.539583	0.344630	0.598706	0.018825	0.593289	0.608985	0.596000	0.643636	0.575000	0.611684	0.502683	0.322234	0.595142	0.466981	0.615385	0.513672	0.556237	0.616457	0.256630	0.573545	0.250313	0.472995	0.612111	0.580769	0.619116	0.538117	0.616915	0.613518	0.611111	0.612452	0.608000	0.430139	0.605010	0.518692	0.471667	0.571429	0.604895	0.520095	0.130321	0.477140	0.530612	0.599278	0.628131	0.522574	0.644022	0.435312	0.281426	0.631052	0.612500	0.634234	0.180668	0.533333	0.541387	0.585774	0.596798	0.479113	0.587244	0.577833	0.473422	0.550055	0.599671	0.505107	0.568019	0.621418	0.601681	0.570292	0.424589	0.381720	0.528384	0.622896	0.571429	0.568019	
0.477561	0.598529	0.601290	0.558249	0.374302	0.628088	0.635579	0.093378	0.579065	0.518337	0.500418	0.650083	0.505421	0.532900	0.563870	0.513289	0.619906	0.415608	0.494515	0.580549	0.586837	0.609800	0.578043	0.494898	0.522167	0.337018	0.646512	0.447761	0.430493	0.562924	0.275520	0.439502	0.498736	0.475779	0.632216	0.482464	0.591111	0.621574	0.364319	0.522637	0.611684	0.606782	0.626910	0.528226	0.492899	0.379535	0.642070	0.474301	0.607450	0.485066	0.500000	0.598355	0.544180	0.532905	0.422383	0.623656	0.451444	0.393744	0.439327	0.544594	0.522535	0.363123	0.636789	0.398165	0.643425	0.611454	0.408759	0.548959	0.427289	0.625641	0.525714	0.521883	0.563244	0.606061	0.524617	0.049249	0.446602	0.632580	0.560326	0.608387	0.457642	0.553797	0.405479	0.623419	0.493639	0.616945	0.569859	0.530874	0.189386	0.619883	0.229461	0.474635	0.613058	0.410909	0.634474	0.626741	0.327129	0.398531	0.631931	0.520098	0.560124	0.398531	0.574713	0.118779	0.640301	0.178010	0.603849	0.261536	0.580042	0.530218	0.253012	0.598992	0.326923	0.355388	0.589908	0.641336	0.251372	0.565625	0.620690	0.607428	0.504615	0.591020	0.185610	0.642354	0.114572	0.531771	0.534091	0.637232	0.541101	0.410909	0.554930	0.629876	0.370787	0.555469	0.578158	0.527961	0.432269	0.587444	0.312318	0.633271	0.654337	0.583888	0.588679	0.601317	0.631362	0.614674	0.636136	0.633199	0.164557	0.527347	0.553030	0.600348	0.524038	0.361242	0.628517	0.484884	0.557252	0.356941	0.627353	0.507937	0.493239	0.639318	0.183716	0.627268	0.647467	0.535800	0.472509	0.657999	0.604046	0.572917	0.641206	0.627959	0.591508	0.634653	0.612103	0.445207	0.439327	0.561086	0.583522	0.607221	0.635918	0.626989	0.461103	0.650253	0.592491	0.602994	0.607504	0.635884	0.610601	0.580014	0.339695	0.419903	0.647059	0.564181	0.637713	0.596413	0.624675	0.629540	0.624397	0.610098	0.580202	0.510744	0.623538	0.548644	0.533981	0.522422	0.440889	0.585660	0.544436	0.587535	0.485106	0.437500	0.633785	0.198758	0.459530	0.640042	0.582393	0.337013	0.640715	0.518946	0.240647	0.305745	0.505785	0.536217	0.475214	1.000000	0.619963	0.559816	0.629102	0.523303	0.220859	0.557823	0.168421	0.528980	0.490787	0.435264	0.597191	0.536243	0.573833	0.638860	0.409463	0.636852	0.637782	0.373832	0.297456	0.610335	0.437110	0.611930	0.351395	0.580256	0.586746	0.466493	0.542101	0.641158	0.234091	0.430493	0.307393	0.586649	0.523499	0.624264	0.523380	0.604718	0.476923	0.460053	0.435714	0.439754	0.523501	0.534940	0.597831	0.077306	0.548030	0.509901	0.460192	0.621900	0.566641	0.638994	0.202479	0.597685	0.415231	0.945652	0.617927	0.487681	0.555556	0.515176	0.529459	0.154825	0.554408	0.521154	0.642171	0.548926	0.463692	0.631198	0.198758	0.384401	0.536704	0.278932	0.606145	0.486942	0.620448	0.427673	0.614874	0.464752	0.424188	0.621293	0.544304	0.361582	0.417044	0.597365	0.285152	0.460053	0.389102	0.373442	0.376514	0.550815	0.610762	0.554331	0.313953	0.518580	0.593728	0.586567	0.631009	0.623274	0.474048	0.392265	0.634097	0.431900	0.583807	0.582596	0.608943	0.338109	0.507463	0.283757	0.508224	0.642344	0.638764	0.569231	0.588751	0.635101	0.183716	0.294118	0.648084	0.571644	0.532049	0.581655	0.598119	0.639059	0.512134	0.597212	0.620868	0.458081	0.616209	0.569401	0.554109	0.294118	0.450530	0.247734	0.415608	0.525662	0.527778	0.445423	0.572086	0.581679	0.652910	0.602546	0.584615	0.641192	0.579186	0.213552	0.639908	0.601148	0.580000	0.576631	0.627349	0.610772	0.313953	0.471729	0.641879	0.634367	0.498328	0.608573	0.469434	0.583333	0.393021	0.443299	0.516023	0.613666	0.376866	0.553895	0.555952	0.303400	0.218346	0.561602	0.598837	0.368914	0.536116	0.609756	0.632863	0.289086	0.209877	0.599006	0.473639	0.447392	0.555639	0.498316	0.636643	0.442462	0.552108	0.122977	0.519199	0.307203	0.549571	0.394470	0.592703	0.509031	0.648294	0.633602	0.620408	0.388529	0.407643	0.643451	0.395221	0.652620	0.641737	0.364319	0.514003	0.645697	0.606390	0.260012	0.441098	0.642813	0.609455	0.412342	0.596943	0.540193	0.149845	0.540284	0.299120	0.366197	0.576347	0.571321	0.633987	0.606664	0.506734	0.053634	0.579468	0.478224	0.368224	0.430357	0.568992	0.460069	0.619668	0.601974	0.364662	0.652552	0.532036	0.636136	0.356941	0.562549	0.544704	0.604620	0.535895	0.630580	0.497883	0.398165	0.560189	0.287402	0.482523	0.460331	0.562791	0.599853	0.373832	0.631905	0.400367	0.256513	0.641808	0.400735	0.457093	0.247734	0.336297	0.639594	0.278932	0.441281	0.400367	0.646803	0.571210	0.650743	0.560326	0.484175	0.342857	0.440889	0.438448	0.318841	0.289086	0.339695	0.550517	0.640275	0.599572	0.595776	0.638106	0.622042	0.497876	0.642380	0.607955	0.533658	0.480687	0.583082	0.638903	0.152866	0.307393	0.481100	0.557246	0.613636	
0.381538	0.506652	0.557673	0.458503	0.268775	0.573158	0.599725	0.137750	0.494696	0.420108	0.394143	0.622281	0.399270	0.421493	0.481041	0.404126	0.562597	0.300129	0.385513	0.495812	0.638800	0.628399	0.493550	0.377778	0.413959	0.445278	0.608133	0.339861	0.314304	0.624274	0.191328	0.323980	0.386266	0.357500	0.652778	0.369498	0.493868	0.637103	0.258449	0.438050	0.542391	0.584471	0.629195	0.592398	0.393662	0.269914	0.636112	0.562185	0.527174	0.574895	0.391198	0.489613	0.624393	0.433136	0.306701	0.554865	0.344045	0.283475	0.329307	0.448860	0.585871	0.256138	0.555957	0.286832	0.592593	0.649226	0.293506	0.467547	0.313222	0.565868	0.419413	0.408459	0.621967	0.514754	0.425431	0.073459	0.333545	0.588899	0.628099	0.527283	0.346130	0.450820	0.292398	0.614229	0.380776	0.587736	0.462165	0.434063	0.129537	0.595172	0.327395	0.364655	0.544497	0.297927	0.593269	0.537234	0.443519	0.285714	0.566718	0.412508	0.461627	0.285714	0.475700	0.174120	0.594993	0.121515	0.551512	0.368606	0.615220	0.430861	0.175000	0.521549	0.229111	0.250333	0.513236	0.607061	0.356774	0.457077	0.631004	0.619214	0.596643	0.648238	0.126871	0.585949	0.168127	0.597363	0.427208	0.604717	0.439599	0.297927	0.619367	0.640220	0.261905	0.460473	0.512737	0.415663	0.544879	0.491582	0.218305	0.590005	0.582505	0.501948	0.489542	0.508007	0.547945	0.604138	0.582924	0.559340	0.112069	0.420611	0.476190	0.628551	0.432624	0.256138	0.635970	0.574665	0.477765	0.251497	0.576055	0.397319	0.588664	0.634209	0.125535	0.621155	0.633894	0.435092	0.365672	0.630818	0.513129	0.493289	0.650781	0.597836	0.510497	0.567254	0.621138	0.537934	0.329307	0.479096	0.487832	0.603873	0.636583	0.609995	0.549887	0.595661	0.621005	0.524093	0.515847	0.574490	0.525013	0.516267	0.238606	0.531113	0.614739	0.469914	0.619532	0.494949	0.575605	0.598282	0.543536	0.529412	0.626242	0.411125	0.539800	0.441696	0.429762	0.608174	0.325048	0.485020	0.435913	0.643942	0.374305	0.319693	0.592449	0.136170	0.350282	0.629740	0.486182	0.454432	0.631130	0.408926	0.166085	0.213460	0.406288	0.614835	0.371747	0.619963	1.000000	0.470252	0.594463	0.417516	0.151899	0.478778	0.114778	0.420611	0.391941	0.545084	0.504174	0.452808	0.479726	0.629598	0.296824	0.591231	0.613333	0.264201	0.207367	0.533049	0.320767	0.531835	0.464564	0.491248	0.494684	0.350282	0.436428	0.646762	0.333630	0.314304	0.214674	0.539699	0.596921	0.591036	0.413710	0.521975	0.370508	0.339861	0.319693	0.337761	0.425507	0.439313	0.630047	0.114500	0.630917	0.405797	0.344045	0.572246	0.481503	0.582104	0.138810	0.514786	0.301228	0.629597	0.629250	0.378779	0.455285	0.411305	0.431373	0.105263	0.443922	0.612233	0.619069	0.445620	0.344045	0.618487	0.136170	0.272189	0.606843	0.193814	0.534115	0.388719	0.540598	0.312139	0.562051	0.350282	0.306701	0.637345	0.443794	0.254980	0.301228	0.503867	0.398717	0.339861	0.495803	0.488427	0.267633	0.459319	0.535467	0.451575	0.219512	0.410876	0.534327	0.495516	0.555960	0.564885	0.357500	0.282353	0.625156	0.315385	0.515119	0.495556	0.525634	0.237425	0.400000	0.399331	0.408434	0.606805	0.577867	0.473624	0.512962	0.584813	0.125535	0.204918	0.616805	0.490395	0.619392	0.492997	0.569887	0.643333	0.396583	0.505811	0.567690	0.358526	0.555498	0.452103	0.614746	0.204918	0.332487	0.171190	0.300129	0.596061	0.419664	0.336709	0.477117	0.480046	0.643530	0.525296	0.609646	0.580483	0.485876	0.146685	0.616088	0.517954	0.474771	0.481271	0.577755	0.616086	0.219512	0.574038	0.567527	0.569277	0.393902	0.542046	0.569077	0.495526	0.285714	0.544403	0.414208	0.557477	0.266491	0.451312	0.624615	0.419809	0.312374	0.625243	0.513187	0.261905	0.437870	0.525571	0.582418	0.201232	0.144068	0.531031	0.358526	0.331429	0.487942	0.389706	0.631359	0.320767	0.447972	0.083151	0.399513	0.424034	0.461449	0.281230	0.495803	0.410349	0.578252	0.590180	0.636467	0.276721	0.296824	0.636824	0.284595	0.627273	0.604186	0.258449	0.408926	0.609676	0.538903	0.367993	0.329307	0.598547	0.516767	0.525405	0.636860	0.438389	0.217983	0.450292	0.208589	0.258449	0.493258	0.631545	0.561297	0.643194	0.388480	0.079912	0.482092	0.372755	0.264201	0.319693	0.469435	0.352130	0.588180	0.643255	0.257294	0.630796	0.431723	0.588813	0.251497	0.463316	0.618138	0.552323	0.608619	0.610912	0.382769	0.286832	0.452478	0.200000	0.373531	0.348209	0.463668	0.505275	0.264201	0.630827	0.285714	0.177531	0.624210	0.284595	0.343001	0.171190	0.456034	0.607127	0.193814	0.323980	0.285714	0.592701	0.472000	0.631443	0.627463	0.369498	0.240964	0.325048	0.536563	0.223124	0.201232	0.238606	0.442093	0.609968	0.521409	0.521739	0.606853	0.556422	0.377545	0.599713	0.531317	0.425760	0.366687	0.488688	0.642354	0.103896	0.214674	0.365672	0.441819	0.531317	
0.582550	0.625541	0.596050	0.623962	0.545455	0.617060	0.550346	0.047698	0.619100	0.629583	0.635046	0.560816	0.618611	0.628931	0.656144	0.619792	0.603205	0.591592	0.622163	0.614709	0.434601	0.470588	0.622370	0.627027	0.629156	0.183859	0.570093	0.594595	0.580265	0.391344	0.464223	0.566860	0.607190	0.591667	0.464953	0.611187	0.634573	0.464403	0.543720	0.622114	0.612365	0.570281	0.509730	0.341732	0.609724	0.550861	0.496669	0.300242	0.631250	0.298077	0.640212	0.641509	0.359272	0.649383	0.571429	0.619772	0.594059	0.574501	0.594517	0.635379	0.360233	0.526316	0.636449	0.584098	0.592160	0.456925	0.545455	0.629501	0.572271	0.597865	0.626109	0.603871	0.385435	0.640000	0.640100	0.024875	0.605452	0.582665	0.382171	0.634398	0.614951	0.628019	0.576631	0.562545	0.611036	0.575806	0.637232	0.641184	0.346667	0.579278	0.121450	0.613480	0.630029	0.563253	0.593333	0.624000	0.177760	0.563553	0.593779	0.636015	0.642438	0.560490	0.637514	0.061071	0.606742	0.327553	0.605042	0.139617	0.431475	0.640994	0.435714	0.646380	0.509934	0.533762	0.622039	0.559570	0.133827	0.630332	0.481856	0.490834	0.308458	0.426018	0.340344	0.589175	0.058843	0.363713	0.623116	0.579032	0.660955	0.557229	0.361065	0.493397	0.541139	0.626026	0.638342	0.620513	0.244990	0.627494	0.497479	0.591025	0.595406	0.632497	0.632171	0.627282	0.622790	0.563707	0.602763	0.593573	0.304688	0.618504	0.638009	0.459807	0.640394	0.539075	0.474413	0.288948	0.640732	0.526485	0.590674	0.628121	0.292650	0.546842	0.333333	0.526457	0.533704	0.639405	0.615385	0.553638	0.618143	0.643172	0.517375	0.566517	0.640860	0.615385	0.511392	0.259027	0.617605	0.642697	0.620068	0.543103	0.506866	0.569389	0.280090	0.597561	0.477117	0.624612	0.648421	0.598148	0.623085	0.613065	0.519608	0.235613	0.571203	0.628902	0.553868	0.631929	0.601449	0.583882	0.602956	0.624242	0.420795	0.614987	0.631268	0.633252	0.620000	0.331424	0.592163	0.636670	0.632226	0.410946	0.606225	0.584795	0.590219	0.362264	0.594670	0.553511	0.627100	0.183626	0.537884	0.652956	0.419530	0.487310	0.617571	0.350424	0.596730	0.559816	0.470252	1.000000	0.593723	0.622618	0.394834	0.638106	0.311284	0.626109	0.614776	0.245614	0.632497	0.635183	0.636051	0.534979	0.570136	0.565673	0.565251	0.529968	0.488055	0.626506	0.578102	0.616785	0.192461	0.628507	0.613010	0.600281	0.621455	0.522029	0.124053	0.577320	0.493243	0.617001	0.330289	0.580032	0.643678	0.631360	0.594005	0.608819	0.576023	0.599144	0.634085	0.620519	0.457999	0.039326	0.353133	0.626289	0.602546	0.585045	0.627138	0.604853	0.368421	0.649049	0.581709	0.545584	0.513773	0.618084	0.627078	0.620690	0.630137	0.287968	0.629405	0.323398	0.558140	0.633374	0.613861	0.536000	0.362264	0.533541	0.353997	0.466087	0.640562	0.631158	0.639113	0.570162	0.614953	0.608696	0.574405	0.486120	0.635266	0.552716	0.578711	0.625806	0.153194	0.608819	0.216729	0.205785	0.540031	0.633060	0.635176	0.630695	0.489933	0.606452	0.624625	0.628319	0.616715	0.624885	0.600000	0.544615	0.519294	0.585294	0.635802	0.630435	0.635149	0.513912	0.620779	0.152388	0.623077	0.582524	0.596240	0.629630	0.619507	0.595819	0.337165	0.482877	0.564541	0.644944	0.337087	0.649724	0.593615	0.525000	0.611331	0.636462	0.608853	0.604716	0.633869	0.612981	0.385264	0.489726	0.603448	0.430880	0.555556	0.330919	0.611675	0.597143	0.633641	0.629291	0.536451	0.615542	0.458850	0.599278	0.617978	0.379182	0.574924	0.622129	0.634259	0.625850	0.603433	0.515666	0.503356	0.273644	0.628988	0.616906	0.628947	0.611955	0.277316	0.636564	0.560490	0.252033	0.624840	0.620626	0.540881	0.622754	0.366245	0.163804	0.115226	0.392760	0.631915	0.544304	0.629630	0.634656	0.598930	0.471601	0.376866	0.614594	0.613037	0.604317	0.620155	0.619681	0.520422	0.607299	0.638246	0.232179	0.629921	0.166029	0.624852	0.567026	0.610805	0.616368	0.608456	0.581138	0.472583	0.558140	0.561086	0.528226	0.555215	0.575758	0.589198	0.537361	0.645244	0.574860	0.604831	0.138747	0.600289	0.600844	0.630458	0.231776	0.417561	0.626238	0.077666	0.645783	0.490630	0.540541	0.637778	0.392051	0.599634	0.453333	0.617021	0.027120	0.623436	0.609524	0.558360	0.590643	0.632319	0.586592	0.568690	0.427856	0.560510	0.561878	0.617315	0.590674	0.523274	0.650999	0.351133	0.620945	0.342947	0.560472	0.612081	0.544343	0.625150	0.479310	0.607870	0.596343	0.618267	0.647123	0.533123	0.520986	0.551302	0.441281	0.550225	0.555215	0.577904	0.427289	0.183200	0.554974	0.462609	0.584302	0.560490	0.590638	0.639080	0.535912	0.383054	0.608458	0.524430	0.577649	0.251230	0.504174	0.475043	0.522876	0.609013	0.557001	0.627979	0.616862	0.559043	0.617450	0.618084	0.592898	0.625514	0.622334	0.606310	0.630631	0.520548	0.284585	0.489865	0.615385	0.617466	0.637860	
0.492424	0.608907	0.592281	0.578856	0.417281	0.629866	0.629032	0.080501	0.582651	0.551724	0.534579	0.630641	0.517691	0.549729	0.585977	0.554217	0.619534	0.458547	0.520755	0.595745	0.560538	0.577201	0.584843	0.525214	0.547118	0.296105	0.623197	0.467456	0.464646	0.537762	0.314480	0.472472	0.534840	0.510184	0.603065	0.509579	0.607347	0.589612	0.400000	0.522046	0.600000	0.591260	0.610294	0.488951	0.513060	0.421053	0.607543	0.434104	0.616837	0.450512	0.528585	0.607261	0.512651	0.547725	0.459817	0.620690	0.467583	0.426195	0.462151	0.565674	0.489134	0.409382	0.635036	0.437306	0.645033	0.594872	0.449022	0.564846	0.457027	0.621603	0.550909	0.541436	0.532969	0.623315	0.563734	0.042322	0.494048	0.605010	0.522313	0.616225	0.484314	0.574188	0.435052	0.611570	0.521822	0.615087	0.595300	0.570410	0.217703	0.615773	0.199785	0.499037	0.610526	0.441026	0.619457	0.631579	0.286869	0.427386	0.635569	0.552102	0.585911	0.431535	0.589831	0.102589	0.641689	0.204819	0.603473	0.228248	0.548879	0.550179	0.289323	0.606013	0.369399	0.394427	0.592824	0.646402	0.219214	0.567965	0.606426	0.559441	0.464640	0.569462	0.213429	0.653686	0.098924	0.491828	0.560072	0.638298	0.558511	0.441026	0.517864	0.615073	0.417815	0.572165	0.587774	0.562786	0.386092	0.603462	0.355408	0.644772	0.643105	0.605863	0.608333	0.607085	0.627540	0.605230	0.646698	0.625274	0.189550	0.572727	0.567364	0.574185	0.537845	0.405117	0.595335	0.439819	0.577215	0.394004	0.624915	0.535448	0.447360	0.631279	0.211285	0.623060	0.632000	0.550984	0.508181	0.633820	0.614774	0.585726	0.633780	0.619770	0.614021	0.624294	0.580645	0.405243	0.472112	0.582848	0.601002	0.581327	0.611605	0.637405	0.424047	0.648389	0.567266	0.621283	0.624901	0.642703	0.603101	0.583461	0.383532	0.372966	0.637460	0.574830	0.616293	0.616653	0.641696	0.620825	0.621418	0.610300	0.558298	0.532719	0.632530	0.586360	0.552655	0.485324	0.480000	0.601667	0.567616	0.553885	0.504762	0.466332	0.649299	0.228300	0.498047	0.624297	0.584718	0.295752	0.637387	0.558310	0.275463	0.345898	0.521659	0.499283	0.489952	0.629102	0.594463	0.593723	1.000000	0.550091	0.253224	0.569282	0.193939	0.558182	0.520112	0.387516	0.604235	0.557858	0.595601	0.615037	0.443532	0.609536	0.641345	0.414815	0.334448	0.624331	0.473896	0.624615	0.309065	0.597338	0.579639	0.500000	0.565062	0.625760	0.203886	0.458586	0.349945	0.590574	0.479075	0.624285	0.561243	0.605965	0.505263	0.499014	0.468342	0.480237	0.555455	0.562500	0.575229	0.066568	0.501264	0.522539	0.493124	0.599476	0.577441	0.643003	0.232503	0.603023	0.460123	0.629738	0.587607	0.524715	0.579358	0.530165	0.545781	0.178484	0.582011	0.486144	0.636253	0.568905	0.493124	0.622860	0.228300	0.418067	0.499457	0.318284	0.602907	0.516008	0.623177	0.455466	0.618392	0.492188	0.459817	0.608696	0.565408	0.403415	0.456033	0.614021	0.249289	0.499014	0.345227	0.328991	0.413502	0.565292	0.618683	0.578166	0.357222	0.561694	0.592366	0.590947	0.647929	0.623209	0.494665	0.430801	0.610870	0.460141	0.590803	0.596263	0.626168	0.381779	0.540241	0.248044	0.522456	0.625727	0.634454	0.587234	0.617363	0.636052	0.211285	0.332961	0.648716	0.594505	0.496881	0.595395	0.589116	0.632441	0.534579	0.604200	0.620592	0.494186	0.625731	0.591426	0.517941	0.330726	0.496524	0.283410	0.450358	0.482618	0.553230	0.478734	0.581849	0.590717	0.642493	0.614430	0.537170	0.641297	0.582848	0.244994	0.642372	0.606777	0.599149	0.603521	0.626234	0.580575	0.355017	0.426069	0.640625	0.621223	0.517274	0.637904	0.430108	0.608696	0.429461	0.396804	0.545788	0.601288	0.420275	0.567190	0.519955	0.265597	0.189954	0.521222	0.613909	0.405090	0.570919	0.638298	0.630844	0.329596	0.240850	0.607477	0.515504	0.475149	0.565074	0.524929	0.623291	0.471888	0.565371	0.142145	0.544268	0.269002	0.583045	0.437500	0.592775	0.514181	0.647605	0.635753	0.585577	0.424686	0.445585	0.628127	0.429907	0.641324	0.628832	0.397872	0.528926	0.638462	0.598811	0.226892	0.480080	0.645722	0.619200	0.366864	0.552308	0.566577	0.129712	0.557406	0.338530	0.406383	0.591247	0.540198	0.622064	0.588289	0.538100	0.046106	0.588235	0.512428	0.400000	0.466332	0.602575	0.479065	0.596289	0.563502	0.408946	0.634828	0.564982	0.630361	0.402570	0.590361	0.506648	0.597122	0.497537	0.638272	0.517045	0.439378	0.572426	0.327722	0.513359	0.504892	0.583691	0.615260	0.404233	0.618102	0.437759	0.293242	0.631003	0.434060	0.489676	0.283410	0.295108	0.631068	0.318284	0.470470	0.433610	0.629879	0.580864	0.635588	0.535506	0.492337	0.380541	0.468000	0.394583	0.358242	0.329596	0.381365	0.574205	0.647713	0.606583	0.602564	0.620982	0.624815	0.526616	0.642576	0.618862	0.552347	0.509615	0.610509	0.625813	0.176255	0.349945	0.521655	0.580071	0.628215	
0.626506	0.619217	0.540174	0.635171	0.574506	0.583741	0.518033	0.038969	0.626506	0.633803	0.643068	0.509288	0.642229	0.633053	0.630273	0.640466	0.579592	0.608547	0.610778	0.607229	0.383025	0.416123	0.615572	0.628225	0.650499	0.152155	0.536991	0.607717	0.615385	0.330370	0.516260	0.626030	0.629851	0.647887	0.426732	0.619632	0.629052	0.403438	0.558394	0.601078	0.599147	0.522337	0.458995	0.287109	0.623529	0.584229	0.439490	0.251246	0.605233	0.249382	0.645926	0.624390	0.302355	0.633745	0.602369	0.572606	0.597444	0.592982	0.588235	0.634667	0.303917	0.575092	0.605317	0.614311	0.558140	0.401597	0.604491	0.623077	0.629816	0.563758	0.638418	0.634006	0.325196	0.626007	0.639889	0.020279	0.639610	0.539056	0.323112	0.626966	0.617834	0.639893	0.602076	0.499232	0.646526	0.524590	0.626156	0.632877	0.405405	0.524728	0.099915	0.628483	0.597015	0.607204	0.550492	0.602829	0.147022	0.601399	0.589796	0.626781	0.634715	0.615385	0.631980	0.049958	0.568773	0.383562	0.589899	0.115059	0.381937	0.640884	0.488518	0.614679	0.569790	0.580407	0.595506	0.532787	0.110226	0.631717	0.430000	0.429814	0.258324	0.365235	0.398190	0.564054	0.048125	0.306957	0.620979	0.541846	0.638587	0.586621	0.303917	0.437855	0.580762	0.629534	0.604072	0.632332	0.203928	0.626066	0.544747	0.567273	0.568982	0.636364	0.618812	0.609412	0.606190	0.520593	0.573816	0.585466	0.357309	0.629944	0.615193	0.392157	0.615595	0.582418	0.427848	0.241533	0.633039	0.575646	0.568245	0.632353	0.244714	0.489706	0.390023	0.478754	0.486009	0.611570	0.630603	0.515974	0.606690	0.619105	0.463001	0.518695	0.621908	0.583984	0.452302	0.215902	0.624183	0.622991	0.637717	0.488177	0.453649	0.533898	0.233930	0.562324	0.411518	0.625282	0.630610	0.586587	0.601336	0.577681	0.561205	0.195948	0.532544	0.645408	0.502304	0.628502	0.566960	0.548018	0.605996	0.618262	0.360572	0.620491	0.615385	0.621438	0.639777	0.278172	0.628289	0.628713	0.650273	0.352647	0.626140	0.603648	0.550226	0.418708	0.648734	0.490620	0.640394	0.151959	0.484104	0.625538	0.474576	0.541176	0.606061	0.294658	0.615620	0.523303	0.417516	0.622618	0.550091	1.000000	0.451193	0.625310	0.369515	0.627119	0.620384	0.204460	0.614833	0.618799	0.637975	0.486565	0.594502	0.539655	0.527183	0.575045	0.530693	0.609836	0.625828	0.599119	0.159404	0.629630	0.610169	0.639241	0.641096	0.477064	0.102082	0.622074	0.551859	0.575569	0.277189	0.536833	0.646724	0.609977	0.624809	0.627010	0.597015	0.606452	0.649930	0.626374	0.394855	0.032104	0.297013	0.630216	0.629393	0.547535	0.620603	0.566636	0.425721	0.619653	0.614334	0.495843	0.463514	0.627273	0.625493	0.626781	0.631579	0.342723	0.628032	0.271226	0.512780	0.618919	0.616613	0.482030	0.418708	0.585714	0.297765	0.514170	0.587978	0.617910	0.619100	0.610738	0.584429	0.620253	0.595601	0.444156	0.637216	0.587156	0.597270	0.617197	0.126410	0.627010	0.179918	0.170655	0.593525	0.626943	0.592998	0.634794	0.543689	0.628242	0.592593	0.617254	0.597917	0.577689	0.629108	0.579965	0.469613	0.614357	0.601571	0.624553	0.614350	0.558491	0.638607	0.125735	0.626609	0.540260	0.561776	0.628352	0.612676	0.575445	0.399093	0.532803	0.537759	0.613103	0.283079	0.631068	0.556586	0.473940	0.637168	0.633570	0.573099	0.593750	0.596311	0.633822	0.325046	0.520875	0.608130	0.491597	0.598291	0.277734	0.625177	0.607431	0.630241	0.627995	0.489439	0.606466	0.404017	0.572541	0.613103	0.442013	0.533007	0.622577	0.641124	0.626717	0.582846	0.461751	0.539806	0.228405	0.574803	0.574200	0.627393	0.598234	0.231551	0.638452	0.594406	0.209932	0.631429	0.577114	0.601802	0.623342	0.308432	0.135301	0.094740	0.331611	0.600698	0.588022	0.636488	0.618016	0.578290	0.536000	0.443956	0.600897	0.625000	0.628664	0.608273	0.625931	0.471816	0.622517	0.654054	0.278049	0.634361	0.137167	0.636126	0.623239	0.605327	0.636234	0.579940	0.560219	0.414692	0.609929	0.604811	0.479033	0.602452	0.526231	0.552147	0.569343	0.639885	0.556507	0.578616	0.114332	0.620915	0.568841	0.620047	0.192686	0.358558	0.616231	0.063632	0.635514	0.533597	0.562044	0.617827	0.330989	0.580454	0.392419	0.622951	0.022114	0.624060	0.623853	0.567812	0.613599	0.633894	0.611024	0.524338	0.368668	0.574040	0.510189	0.645251	0.558960	0.575646	0.659740	0.295274	0.575150	0.288163	0.514510	0.632530	0.607330	0.636605	0.541082	0.625000	0.615873	0.626132	0.609524	0.560579	0.474648	0.608392	0.494802	0.518755	0.584939	0.630400	0.487395	0.151600	0.509554	0.518219	0.612850	0.594406	0.561243	0.613435	0.485735	0.323112	0.616564	0.562852	0.615132	0.209247	0.552124	0.536000	0.553672	0.643243	0.522023	0.626697	0.609813	0.515513	0.590437	0.636364	0.561062	0.592593	0.622905	0.626543	0.619579	0.472452	0.338824	0.559687	0.630603	0.625683	0.624018	
0.448687	0.361204	0.274112	0.410058	0.544872	0.278351	0.221538	0.012086	0.369231	0.464516	0.484988	0.206304	0.475973	0.443497	0.385027	0.457014	0.293878	0.552941	0.496454	0.369231	0.135593	0.149792	0.370884	0.487923	0.469298	0.049147	0.225470	0.509284	0.532578	0.114165	0.558704	0.519337	0.484706	0.487310	0.155844	0.486486	0.367347	0.144000	0.554455	0.418511	0.311688	0.235038	0.170481	0.097561	0.459770	0.562300	0.163019	0.084211	0.340694	0.083527	0.469767	0.375652	0.103349	0.433884	0.537572	0.297521	0.482940	0.547692	0.495913	0.423762	0.103946	0.584718	0.294679	0.573171	0.247423	0.143236	0.520958	0.400000	0.539773	0.270677	0.462203	0.463252	0.112150	0.346154	0.448637	0.006248	0.539084	0.234783	0.111340	0.334884	0.516971	0.426295	0.540541	0.204352	0.503597	0.236324	0.417969	0.441237	0.582915	0.227848	0.031667	0.503741	0.311688	0.550296	0.247140	0.320475	0.047400	0.581040	0.293878	0.455142	0.409867	0.562691	0.394107	0.015554	0.259928	0.569948	0.289933	0.036666	0.135593	0.438413	0.632479	0.344498	0.575540	0.560811	0.334884	0.221538	0.035065	0.405405	0.159410	0.158242	0.086817	0.127962	0.598985	0.269663	0.014974	0.105109	0.455319	0.236324	0.431772	0.514793	0.103946	0.161194	0.581699	0.402277	0.338028	0.453744	0.067143	0.375000	0.617100	0.252632	0.267990	0.365482	0.380107	0.357025	0.312139	0.222910	0.259615	0.295082	0.580645	0.449244	0.379928	0.140260	0.432099	0.558140	0.161798	0.080657	0.386861	0.579125	0.259615	0.482759	0.081818	0.193722	0.602041	0.185090	0.194070	0.440748	0.512438	0.214499	0.347267	0.371134	0.175896	0.213439	0.357616	0.277279	0.172249	0.071405	0.512262	0.375887	0.385027	0.202627	0.169279	0.231016	0.077894	0.262774	0.151899	0.336973	0.346154	0.286472	0.330781	0.322870	0.594406	0.064324	0.230277	0.397032	0.204352	0.375000	0.277635	0.242697	0.313498	0.325301	0.126095	0.459821	0.312590	0.434959	0.447257	0.094200	0.545455	0.383659	0.422998	0.122937	0.479419	0.536313	0.251163	0.607843	0.506460	0.189308	0.380952	0.049080	0.189640	0.473451	0.669604	0.596226	0.441964	0.100418	0.480392	0.220859	0.151899	0.394834	0.253224	0.451193	1.000000	0.381462	0.606383	0.457883	0.467593	0.067332	0.365482	0.399232	0.396330	0.190813	0.557864	0.236066	0.222910	0.512987	0.592308	0.322388	0.540390	0.325792	0.051625	0.382301	0.371773	0.516796	0.428866	0.184300	0.032379	0.532578	0.616541	0.299584	0.093831	0.230769	0.459519	0.339089	0.480392	0.530504	0.547486	0.506667	0.436441	0.422360	0.139987	0.009933	0.101313	0.462222	0.509186	0.242424	0.384755	0.260870	0.563107	0.348387	0.580645	0.200371	0.174899	0.506024	0.410853	0.459519	0.440252	0.563536	0.426559	0.091603	0.214499	0.432323	0.519685	0.183986	0.627451	0.558730	0.101599	0.642570	0.322388	0.465882	0.324324	0.535613	0.290323	0.490956	0.543353	0.166795	0.422311	0.593333	0.563050	0.357616	0.040449	0.530504	0.058712	0.055498	0.585209	0.406072	0.322870	0.417323	0.577778	0.449889	0.320951	0.373702	0.302098	0.284585	0.497462	0.567901	0.179551	0.542373	0.334365	0.363636	0.333849	0.596491	0.459459	0.040223	0.440529	0.237363	0.273072	0.397770	0.355848	0.262774	0.591837	0.573643	0.225000	0.382979	0.096043	0.373057	0.259304	0.180905	0.475751	0.359401	0.276569	0.501266	0.295486	0.418972	0.112091	0.596899	0.513514	0.640693	0.558824	0.094036	0.454545	0.513369	0.398524	0.390511	0.191489	0.331288	0.149171	0.276215	0.382979	0.641509	0.219959	0.341772	0.397770	0.388489	0.276569	0.179104	0.629630	0.075896	0.280156	0.274809	0.474654	0.326778	0.077033	0.371134	0.544343	0.069275	0.461538	0.284211	0.593548	0.416503	0.105675	0.043435	0.029971	0.114650	0.348534	0.581699	0.433884	0.341772	0.271357	0.572549	0.590476	0.333849	0.501266	0.542005	0.370884	0.478873	0.181208	0.534819	0.424242	0.557576	0.467890	0.044064	0.416185	0.569659	0.364888	0.447368	0.283465	0.253819	0.149688	0.583072	0.563798	0.185886	0.509202	0.217304	0.241071	0.561056	0.451327	0.234020	0.304654	0.036425	0.528610	0.251455	0.352365	0.063176	0.125290	0.431535	0.019908	0.424603	0.590038	0.574257	0.376307	0.114407	0.281250	0.139445	0.488263	0.006818	0.386980	0.488998	0.525974	0.541899	0.409091	0.476923	0.233261	0.129341	0.576159	0.200000	0.458599	0.259615	0.599327	0.411429	0.100652	0.286853	0.097959	0.209709	0.477327	0.579268	0.424361	0.574803	0.491484	0.519481	0.409091	0.363025	0.538961	0.183830	0.574924	0.593220	0.214286	0.552147	0.510526	0.571429	0.048957	0.213650	0.602410	0.535912	0.550459	0.254417	0.393382	0.192513	0.111340	0.452088	0.583333	0.528926	0.069032	0.571429	0.611765	0.615385	0.424242	0.220183	0.338028	0.350245	0.213439	0.301255	0.496386	0.244068	0.334365	0.433121	0.516129	0.384342	0.178956	0.588889	0.571429	0.502488	0.431211	0.334365	
0.617801	0.640509	0.594881	0.619490	0.554033	0.624442	0.551515	0.049734	0.662366	0.632099	0.624679	0.561782	0.634271	0.631450	0.637969	0.602287	0.609259	0.569343	0.614583	0.658065	0.450980	0.485730	0.639913	0.621871	0.614232	0.191139	0.594014	0.628809	0.575931	0.402325	0.459459	0.568600	0.600000	0.587280	0.491046	0.632979	0.638800	0.474797	0.555556	0.662708	0.635838	0.594937	0.529777	0.354045	0.638462	0.553191	0.505389	0.311340	0.637385	0.309110	0.624516	0.623913	0.370431	0.648975	0.593343	0.623716	0.622590	0.558209	0.617978	0.649412	0.373917	0.529412	0.619666	0.576523	0.622332	0.461954	0.550810	0.643182	0.582496	0.617673	0.626238	0.604534	0.398943	0.629515	0.647202	0.025949	0.583799	0.589723	0.396499	0.626263	0.609890	0.609209	0.581121	0.570613	0.622047	0.590945	0.609102	0.633735	0.334559	0.603248	0.126430	0.630027	0.645472	0.579795	0.605414	0.622179	0.184823	0.568452	0.590741	0.610973	0.653670	0.556548	0.635135	0.063659	0.598639	0.315985	0.636697	0.145285	0.454076	0.660194	0.428325	0.650206	0.491172	0.536661	0.654545	0.569697	0.139277	0.651217	0.494118	0.504094	0.319802	0.436793	0.328413	0.595113	0.061341	0.376667	0.633129	0.583002	0.653110	0.588580	0.373917	0.502077	0.531490	0.621560	0.644309	0.605757	0.254351	0.634093	0.498371	0.600000	0.601216	0.636752	0.612335	0.608421	0.617165	0.587519	0.616822	0.594243	0.293785	0.594059	0.660022	0.466844	0.657040	0.544892	0.476190	0.299702	0.658455	0.532710	0.599830	0.617949	0.303518	0.550685	0.325323	0.543651	0.545953	0.641646	0.613119	0.550296	0.622544	0.664509	0.521297	0.580693	0.623815	0.613879	0.527830	0.268843	0.617978	0.662266	0.602649	0.571226	0.519432	0.584375	0.290571	0.586118	0.493492	0.616633	0.635707	0.591447	0.629259	0.635108	0.516640	0.244666	0.565861	0.642534	0.572040	0.614549	0.591273	0.595951	0.607350	0.634291	0.435374	0.627995	0.625483	0.616487	0.630037	0.343442	0.581921	0.623348	0.617788	0.421503	0.630607	0.594595	0.594191	0.349727	0.603825	0.555855	0.644737	0.190898	0.549865	0.609787	0.412587	0.485246	0.650694	0.362981	0.637450	0.557823	0.478778	0.638106	0.569282	0.625310	0.381462	1.000000	0.300188	0.618812	0.630631	0.254996	0.623932	0.653580	0.626966	0.541638	0.557185	0.580952	0.576865	0.551302	0.485950	0.622660	0.571023	0.615079	0.200044	0.628571	0.637149	0.590164	0.633735	0.528675	0.129133	0.601719	0.494272	0.641651	0.342274	0.599532	0.633416	0.643585	0.610890	0.570637	0.586060	0.627778	0.658507	0.628019	0.468220	0.041012	0.365765	0.644025	0.603306	0.600324	0.629464	0.588235	0.355717	0.638342	0.556851	0.539705	0.535443	0.610526	0.631823	0.635910	0.644769	0.277567	0.610451	0.335183	0.557692	0.640476	0.597796	0.546412	0.349727	0.551515	0.366653	0.468013	0.650246	0.644156	0.640950	0.583333	0.631772	0.603825	0.570188	0.495122	0.625738	0.536434	0.562682	0.653319	0.159367	0.570637	0.225149	0.213831	0.551829	0.651376	0.637081	0.616647	0.491057	0.609572	0.658153	0.647887	0.620755	0.634058	0.606225	0.544096	0.533592	0.586552	0.672048	0.656017	0.631048	0.511111	0.638783	0.158530	0.648310	0.581673	0.600352	0.643262	0.615546	0.596401	0.325323	0.477612	0.562452	0.633663	0.349268	0.651515	0.602716	0.532814	0.606684	0.623679	0.623446	0.629730	0.643123	0.603995	0.398768	0.467662	0.576224	0.427083	0.566423	0.342922	0.619579	0.592490	0.638106	0.627100	0.532247	0.623872	0.472950	0.599823	0.629263	0.373429	0.566692	0.661208	0.631937	0.617092	0.600355	0.537718	0.500813	0.283924	0.612903	0.622458	0.626444	0.604374	0.287710	0.658037	0.580357	0.261623	0.635000	0.626244	0.537405	0.632319	0.379238	0.170365	0.119968	0.405563	0.625652	0.559140	0.634499	0.616172	0.615250	0.463333	0.367568	0.625000	0.602703	0.591036	0.648590	0.607004	0.530904	0.576705	0.611905	0.223529	0.601793	0.172670	0.629630	0.556886	0.619870	0.656679	0.614273	0.585284	0.472036	0.551205	0.580645	0.530856	0.551416	0.575056	0.601128	0.558642	0.637390	0.588328	0.601518	0.144382	0.589888	0.602990	0.609603	0.240701	0.430159	0.619105	0.080929	0.647821	0.485149	0.540123	0.652884	0.401254	0.609164	0.466737	0.609598	0.028290	0.636971	0.602122	0.554364	0.586060	0.627721	0.598639	0.590087	0.442680	0.537867	0.564211	0.622549	0.593033	0.510903	0.643678	0.363709	0.628415	0.355294	0.570182	0.612565	0.549777	0.634660	0.460768	0.632275	0.597260	0.634593	0.638298	0.551302	0.528947	0.559524	0.433735	0.566149	0.542474	0.590345	0.423611	0.190456	0.567847	0.457912	0.594059	0.571429	0.608040	0.647919	0.541241	0.395624	0.635638	0.540284	0.587571	0.260794	0.498382	0.470000	0.519810	0.616667	0.570136	0.632114	0.610879	0.561533	0.619586	0.597368	0.598374	0.611504	0.632353	0.601604	0.619625	0.524485	0.274286	0.481178	0.605087	0.608173	0.631685	
0.393862	0.280702	0.210526	0.327198	0.500000	0.213904	0.168955	0.008967	0.287253	0.366133	0.395062	0.157017	0.391198	0.362812	0.300188	0.381643	0.226308	0.487179	0.405063	0.287253	0.102236	0.113154	0.291439	0.409326	0.373832	0.036638	0.172043	0.452722	0.461538	0.085837	0.520548	0.467066	0.403023	0.431694	0.117820	0.395778	0.285714	0.108696	0.501818	0.341151	0.240602	0.179574	0.129136	0.073193	0.388206	0.498246	0.123362	0.063067	0.264026	0.062549	0.393035	0.292505	0.077595	0.350877	0.465409	0.229226	0.424929	0.498316	0.436578	0.335430	0.078049	0.534799	0.226950	0.493333	0.189349	0.108108	0.496732	0.315582	0.475309	0.207792	0.367816	0.380048	0.084299	0.268456	0.356347	0.004632	0.443149	0.179372	0.083682	0.259319	0.433803	0.337553	0.478689	0.155491	0.411311	0.180587	0.330579	0.350109	0.608187	0.173913	0.023554	0.428954	0.240602	0.503226	0.189125	0.247678	0.035328	0.488294	0.226308	0.368298	0.320641	0.501672	0.310680	0.011545	0.199253	0.533333	0.223152	0.027290	0.102236	0.354767	0.601942	0.267112	0.552000	0.522388	0.259319	0.168955	0.026093	0.326531	0.120573	0.119671	0.065041	0.096386	0.603550	0.206986	0.011113	0.078934	0.361991	0.180587	0.345572	0.451613	0.078049	0.121951	0.532374	0.320641	0.261866	0.370892	0.050172	0.291971	0.539419	0.193470	0.205656	0.284192	0.299065	0.277296	0.240964	0.170032	0.199005	0.227273	0.569620	0.363218	0.301887	0.105820	0.349345	0.527473	0.122418	0.060377	0.307692	0.520446	0.199005	0.388206	0.061256	0.147194	0.595238	0.140474	0.147465	0.353201	0.427807	0.163432	0.269360	0.288809	0.133333	0.162602	0.277778	0.213049	0.130506	0.053387	0.466077	0.298507	0.300188	0.154143	0.128205	0.176406	0.058288	0.201511	0.114778	0.261011	0.268456	0.220386	0.256000	0.249610	0.534884	0.048048	0.175824	0.313112	0.155491	0.291971	0.213333	0.185615	0.242057	0.251572	0.094955	0.380952	0.241327	0.344828	0.358744	0.070640	0.465672	0.299065	0.348584	0.092539	0.410390	0.454545	0.192308	0.613636	0.434540	0.143756	0.296846	0.036588	0.144014	0.377358	0.582915	0.565401	0.371429	0.075365	0.394737	0.168421	0.114778	0.311284	0.193939	0.369515	0.606383	0.300188	1.000000	0.367816	0.396040	0.050314	0.284192	0.324544	0.309478	0.144928	0.478964	0.180383	0.170032	0.435714	0.500000	0.249221	0.459215	0.251969	0.038499	0.297952	0.289331	0.423398	0.350109	0.139860	0.024086	0.467692	0.563025	0.230880	0.070361	0.176211	0.372960	0.262726	0.410526	0.446991	0.466667	0.432277	0.360360	0.351648	0.105611	0.007367	0.076046	0.379147	0.436261	0.185400	0.305927	0.200000	0.561798	0.270270	0.485623	0.152381	0.132560	0.408269	0.327869	0.372960	0.351893	0.614379	0.341151	0.068670	0.163432	0.342612	0.447592	0.139616	0.636364	0.508711	0.076263	0.579186	0.249221	0.392947	0.250784	0.470588	0.223464	0.434540	0.471698	0.126283	0.337553	0.544118	0.479233	0.277778	0.030120	0.446991	0.043824	0.041408	0.565371	0.320641	0.249610	0.333333	0.561983	0.375297	0.248062	0.290909	0.232897	0.218878	0.426230	0.479730	0.136170	0.472393	0.258900	0.282686	0.258481	0.529183	0.384615	0.029951	0.375587	0.181406	0.209699	0.313725	0.276339	0.201511	0.583333	0.521739	0.171674	0.298507	0.072040	0.290381	0.198758	0.137221	0.390123	0.279232	0.212483	0.403270	0.227596	0.334728	0.084255	0.573913	0.426901	0.600985	0.500000	0.070516	0.368664	0.439306	0.311284	0.307692	0.145455	0.256410	0.112676	0.212202	0.298507	0.619565	0.167715	0.264901	0.313725	0.303030	0.212483	0.135823	0.553719	0.056778	0.215343	0.211082	0.379310	0.252765	0.057637	0.288809	0.461538	0.051780	0.374707	0.218579	0.539007	0.332640	0.079365	0.032356	0.022287	0.086207	0.273038	0.525180	0.346491	0.264901	0.208333	0.537445	0.626374	0.258481	0.430518	0.463343	0.291439	0.402010	0.137457	0.453172	0.342612	0.569343	0.392157	0.032827	0.325866	0.515254	0.289331	0.369159	0.217984	0.194411	0.113074	0.515464	0.485437	0.141093	0.476510	0.165631	0.184332	0.501818	0.372642	0.178771	0.234949	0.027109	0.460177	0.192539	0.273504	0.047184	0.094340	0.352423	0.014785	0.336134	0.523605	0.545455	0.293040	0.086022	0.216216	0.105194	0.391960	0.005055	0.304762	0.404199	0.492857	0.448485	0.320000	0.419890	0.178174	0.097442	0.525547	0.152091	0.361174	0.199005	0.520446	0.321932	0.075543	0.220690	0.073496	0.159681	0.404092	0.493333	0.332640	0.601770	0.386423	0.436975	0.320000	0.282187	0.485714	0.139494	0.488294	0.576923	0.163265	0.496644	0.448864	0.581281	0.036496	0.162767	0.588235	0.449102	0.488294	0.194884	0.310078	0.146252	0.083682	0.406332	0.546154	0.471642	0.051596	0.579592	0.563877	0.565891	0.342612	0.167891	0.261866	0.274443	0.162602	0.232221	0.413437	0.186698	0.258900	0.361174	0.426667	0.299625	0.135708	0.565789	0.563025	0.422460	0.348584	0.258900	
0.618619	0.629586	0.558454	0.636126	0.604651	0.574780	0.513912	0.039185	0.627404	0.634831	0.655882	0.513138	0.631579	0.634078	0.633663	0.632801	0.596741	0.626917	0.644776	0.605769	0.385870	0.416815	0.618932	0.632375	0.634424	0.152951	0.544398	0.605769	0.606667	0.331931	0.489879	0.633826	0.645833	0.636505	0.429884	0.611621	0.644311	0.406411	0.589091	0.594086	0.612766	0.526587	0.458388	0.288501	0.633431	0.607143	0.444020	0.252489	0.622020	0.250618	0.635155	0.635036	0.303808	0.610123	0.620573	0.585817	0.601911	0.604895	0.596091	0.630319	0.305376	0.609489	0.597959	0.598261	0.562500	0.403419	0.623064	0.618926	0.611018	0.579904	0.647887	0.646552	0.326737	0.631458	0.624309	0.020393	0.637540	0.539846	0.324646	0.627803	0.619048	0.632844	0.606897	0.503067	0.641566	0.518519	0.642951	0.628415	0.408072	0.525523	0.100453	0.632716	0.610638	0.618803	0.554862	0.612378	0.147794	0.606272	0.598778	0.633523	0.630491	0.602787	0.640506	0.050233	0.565863	0.386364	0.576613	0.115673	0.383696	0.630854	0.474012	0.627002	0.560000	0.585635	0.609865	0.535188	0.110816	0.619608	0.438202	0.433002	0.259598	0.366925	0.396396	0.570611	0.048391	0.308427	0.655509	0.547804	0.623306	0.574359	0.305376	0.441084	0.607595	0.643411	0.598194	0.644793	0.204965	0.626974	0.558140	0.557169	0.567901	0.620525	0.639506	0.631455	0.598509	0.526316	0.570899	0.586313	0.360277	0.636620	0.586335	0.397314	0.616644	0.569343	0.434893	0.242735	0.628931	0.591912	0.559778	0.636364	0.245930	0.488987	0.392777	0.473833	0.491176	0.631868	0.647149	0.513557	0.626007	0.610374	0.467797	0.517871	0.625147	0.576998	0.451699	0.216993	0.609121	0.606658	0.633663	0.485910	0.453053	0.538071	0.235099	0.576239	0.412223	0.608108	0.629162	0.579421	0.615556	0.572052	0.581614	0.196949	0.538397	0.628499	0.515337	0.617254	0.577561	0.543536	0.604701	0.612514	0.362245	0.633094	0.607676	0.646820	0.638003	0.279528	0.626230	0.639506	0.643052	0.354291	0.633333	0.641322	0.558266	0.416851	0.627760	0.485591	0.621622	0.152754	0.493506	0.635193	0.472574	0.542969	0.615827	0.296080	0.607634	0.528980	0.420611	0.626109	0.558182	0.627119	0.457883	0.618812	0.367816	1.000000	0.648012	0.205499	0.618138	0.609375	0.648990	0.487310	0.630137	0.542169	0.529605	0.562162	0.532544	0.641221	0.640264	0.608791	0.160235	0.633005	0.628019	0.643533	0.647541	0.483439	0.102631	0.616667	0.565302	0.576446	0.278541	0.529163	0.656250	0.617647	0.632061	0.621795	0.611570	0.598071	0.642559	0.632877	0.396648	0.032283	0.298445	0.622669	0.624204	0.550088	0.624060	0.560000	0.423841	0.632065	0.608844	0.502642	0.461538	0.643505	0.636959	0.636364	0.624309	0.341121	0.642473	0.272553	0.516746	0.644205	0.636943	0.481351	0.421286	0.601423	0.299199	0.524194	0.604144	0.601190	0.608981	0.612040	0.595358	0.608833	0.613828	0.442283	0.643525	0.585009	0.608844	0.613396	0.127081	0.621795	0.180846	0.171539	0.598566	0.617571	0.602620	0.627815	0.557060	0.626437	0.597826	0.627879	0.602911	0.588469	0.630265	0.612960	0.475862	0.628952	0.589026	0.632580	0.610738	0.578947	0.639653	0.126402	0.621969	0.547969	0.568401	0.619108	0.639344	0.565014	0.397291	0.514851	0.540182	0.611591	0.284455	0.615012	0.527778	0.473282	0.626471	0.634434	0.575875	0.616822	0.603272	0.626826	0.326587	0.542574	0.628849	0.485356	0.626917	0.279088	0.629055	0.640902	0.623574	0.628931	0.490182	0.614016	0.403540	0.588921	0.631319	0.435730	0.527258	0.618885	0.652229	0.630137	0.593385	0.472127	0.549323	0.229551	0.585462	0.578896	0.643172	0.607930	0.232711	0.632087	0.588850	0.210996	0.635328	0.577954	0.610413	0.634921	0.309908	0.136015	0.095251	0.333177	0.622532	0.593128	0.632011	0.612059	0.569511	0.541833	0.437637	0.610738	0.632399	0.626623	0.611650	0.665676	0.483669	0.610561	0.636119	0.276699	0.629575	0.137891	0.642298	0.596491	0.637681	0.605974	0.586720	0.566485	0.411834	0.600707	0.609589	0.479773	0.603839	0.531829	0.559930	0.578182	0.635193	0.548718	0.589958	0.114943	0.622150	0.578662	0.620930	0.193672	0.360223	0.636488	0.063981	0.617843	0.543307	0.578182	0.635810	0.332553	0.585222	0.395323	0.647845	0.022238	0.632500	0.621951	0.562162	0.614876	0.632258	0.587127	0.535379	0.370370	0.579235	0.507913	0.643454	0.557924	0.580882	0.637306	0.296699	0.564000	0.289560	0.502741	0.633634	0.601739	0.642857	0.542914	0.610942	0.626582	0.621935	0.627078	0.569369	0.478200	0.599303	0.496894	0.530677	0.589878	0.634769	0.476987	0.152393	0.507154	0.516129	0.617406	0.599303	0.569343	0.624526	0.489408	0.324646	0.608563	0.575701	0.626230	0.210308	0.557692	0.529880	0.592871	0.652291	0.530945	0.613995	0.610723	0.516283	0.603734	0.643505	0.563604	0.622620	0.649025	0.646154	0.632880	0.473177	0.337237	0.538012	0.631741	0.653951	0.627100	
0.620472	0.633907	0.535857	0.616644	0.590909	0.558468	0.488665	0.035825	0.624220	0.646109	0.656394	0.489311	0.630934	0.648175	0.620335	0.638298	0.563617	0.611511	0.638498	0.609238	0.358209	0.389626	0.612863	0.612698	0.633929	0.140534	0.514480	0.627319	0.625659	0.307400	0.539957	0.608997	0.630265	0.600000	0.397004	0.635634	0.619403	0.377622	0.593449	0.645161	0.589659	0.521586	0.432906	0.266667	0.639017	0.620038	0.415315	0.233010	0.592941	0.231263	0.653251	0.616941	0.281006	0.640000	0.640569	0.562633	0.639866	0.621072	0.627787	0.615811	0.282476	0.603482	0.569020	0.610294	0.549128	0.374710	0.570909	0.636485	0.626761	0.554241	0.618557	0.610526	0.302521	0.611905	0.646465	0.018629	0.623509	0.529930	0.300557	0.603949	0.647746	0.607242	0.626594	0.488610	0.635071	0.507965	0.618132	0.656205	0.428916	0.520619	0.092085	0.625608	0.583058	0.620939	0.537615	0.579775	0.135764	0.618785	0.548896	0.632987	0.616420	0.600368	0.627141	0.045948	0.529131	0.415648	0.574402	0.106108	0.358209	0.656115	0.506667	0.612100	0.558704	0.593750	0.608595	0.508816	0.101631	0.623978	0.408657	0.409867	0.239645	0.340336	0.416465	0.542773	0.044259	0.285337	0.623907	0.532743	0.642150	0.631769	0.282476	0.413882	0.593870	0.621803	0.619883	0.614925	0.188756	0.608586	0.548454	0.535948	0.536204	0.607187	0.598203	0.594397	0.590308	0.518143	0.547710	0.552743	0.383085	0.594993	0.622739	0.369021	0.623932	0.576402	0.399742	0.223912	0.625654	0.569201	0.543893	0.611367	0.226891	0.465815	0.422330	0.455531	0.458992	0.634146	0.627832	0.487326	0.599045	0.621554	0.436288	0.498371	0.612195	0.552764	0.432653	0.199938	0.641509	0.625641	0.589447	0.477379	0.428954	0.512598	0.216795	0.529865	0.394383	0.606768	0.616667	0.548454	0.596087	0.574011	0.589641	0.181309	0.507799	0.622517	0.487038	0.603535	0.555332	0.540687	0.581215	0.604545	0.335925	0.623494	0.577729	0.615819	0.634783	0.258270	0.607945	0.618742	0.623044	0.328434	0.635930	0.620209	0.537175	0.433333	0.643449	0.462786	0.623244	0.140351	0.463469	0.613772	0.496614	0.548857	0.614458	0.273764	0.631410	0.490787	0.391941	0.614776	0.520112	0.620384	0.467593	0.630631	0.396040	0.648012	1.000000	0.189252	0.612144	0.635007	0.630749	0.458457	0.611212	0.518126	0.508017	0.603053	0.537815	0.589165	0.605217	0.580205	0.147273	0.604353	0.607277	0.623549	0.627675	0.448127	0.094090	0.636204	0.560166	0.572038	0.257347	0.517361	0.627043	0.616647	0.657051	0.613828	0.627178	0.626058	0.654070	0.612303	0.368391	0.029506	0.275980	0.630631	0.626466	0.529359	0.610169	0.542146	0.450237	0.607656	0.621185	0.469861	0.441075	0.630745	0.631148	0.635958	0.637807	0.367758	0.611501	0.251748	0.488962	0.649789	0.636516	0.451799	0.452381	0.606403	0.276687	0.546237	0.589165	0.633385	0.596372	0.620811	0.566667	0.633499	0.608541	0.415619	0.623955	0.577519	0.614004	0.614634	0.116631	0.613828	0.166367	0.157741	0.588235	0.629879	0.592090	0.616022	0.547325	0.604511	0.598425	0.634761	0.569280	0.580513	0.626230	0.600000	0.446794	0.642105	0.603248	0.627160	0.600232	0.566866	0.669697	0.116004	0.647761	0.507993	0.548163	0.610080	0.609964	0.543353	0.422330	0.552743	0.503401	0.600000	0.262880	0.618868	0.526215	0.449645	0.613251	0.594859	0.563691	0.641571	0.585005	0.614958	0.302380	0.544304	0.604096	0.492170	0.607914	0.257859	0.622419	0.620339	0.612137	0.599476	0.456845	0.596774	0.384615	0.559118	0.610256	0.462617	0.499165	0.596698	0.615385	0.595855	0.547643	0.448664	0.576132	0.211626	0.565350	0.564870	0.646154	0.556442	0.214570	0.631579	0.626151	0.194361	0.646796	0.571721	0.585551	0.604138	0.286726	0.124880	0.087296	0.308571	0.587952	0.597701	0.620000	0.580189	0.547431	0.564756	0.450704	0.579374	0.635025	0.618803	0.633039	0.632399	0.444602	0.619130	0.616034	0.299213	0.601227	0.126612	0.612245	0.608534	0.594730	0.642857	0.552147	0.530459	0.388186	0.613084	0.600362	0.449927	0.612546	0.500826	0.521583	0.593449	0.643713	0.519754	0.581622	0.105434	0.620926	0.543256	0.579011	0.178267	0.334021	0.613181	0.058558	0.630556	0.553459	0.581888	0.612658	0.307985	0.567073	0.367139	0.623053	0.020316	0.613784	0.624000	0.606870	0.630662	0.618280	0.623762	0.516637	0.343584	0.586873	0.484568	0.631732	0.530534	0.576998	0.620783	0.274344	0.575851	0.267658	0.487961	0.633071	0.606618	0.623448	0.527660	0.644338	0.632280	0.626344	0.601726	0.603053	0.448598	0.611418	0.517699	0.486928	0.594096	0.627517	0.510067	0.140017	0.492258	0.546237	0.595156	0.611418	0.538967	0.642105	0.458894	0.300557	0.632424	0.587302	0.639033	0.193722	0.568507	0.530786	0.577689	0.618847	0.506266	0.598830	0.582830	0.490228	0.580922	0.608558	0.535876	0.584687	0.643377	0.630048	0.596401	0.445538	0.363636	0.547718	0.640777	0.588905	0.600928	
0.182351	0.272981	0.359788	0.233115	0.123487	0.354565	0.434585	0.297163	0.266704	0.206537	0.189781	0.458529	0.191893	0.208610	0.254996	0.194525	0.336464	0.139256	0.184480	0.266704	0.573173	0.547587	0.262819	0.179683	0.201856	0.615947	0.429367	0.159691	0.146487	0.610156	0.085829	0.151461	0.185543	0.168931	0.540429	0.175934	0.268156	0.562778	0.118361	0.222987	0.317503	0.414728	0.518432	0.633116	0.190837	0.124054	0.530924	0.642073	0.290127	0.627465	0.188194	0.261845	0.622196	0.216341	0.142600	0.332437	0.161874	0.130841	0.154213	0.227052	0.616963	0.117218	0.335570	0.132530	0.395860	0.564000	0.135899	0.242132	0.145933	0.364116	0.205499	0.198198	0.610004	0.285398	0.212741	0.165065	0.156408	0.414622	0.608678	0.295298	0.162963	0.225529	0.135338	0.464312	0.181285	0.412698	0.230594	0.216854	0.057035	0.425888	0.549679	0.172709	0.317503	0.138138	0.396275	0.308783	0.603524	0.131967	0.336464	0.202378	0.238136	0.131967	0.246110	0.366609	0.378237	0.053375	0.340915	0.568051	0.569248	0.213771	0.078115	0.286820	0.103976	0.114355	0.295298	0.434585	0.563374	0.233618	0.533701	0.533395	0.644161	0.590598	0.055817	0.365410	0.355515	0.622548	0.209128	0.412698	0.219925	0.138138	0.631953	0.532318	0.120073	0.238136	0.292481	0.200813	0.644548	0.262332	0.098743	0.388355	0.367562	0.269606	0.255977	0.276341	0.317047	0.433224	0.378661	0.335124	0.049087	0.205499	0.253521	0.568844	0.217366	0.117218	0.529697	0.632804	0.248588	0.114929	0.378661	0.190837	0.642756	0.479182	0.055207	0.494350	0.478441	0.214800	0.173247	0.445111	0.284449	0.265249	0.510900	0.447053	0.275862	0.355874	0.516722	0.659465	0.154213	0.256468	0.254996	0.466732	0.520150	0.420168	0.644579	0.374410	0.550521	0.293421	0.285398	0.344901	0.299040	0.306474	0.108603	0.647244	0.421883	0.244123	0.462830	0.262332	0.355438	0.402885	0.315675	0.304158	0.595962	0.197674	0.316590	0.220436	0.211194	0.623273	0.152012	0.255977	0.217879	0.590861	0.179148	0.149254	0.390447	0.060075	0.165138	0.488749	0.257938	0.615447	0.484628	0.199768	0.073936	0.096408	0.197674	0.626871	0.176471	0.435264	0.545084	0.245614	0.387516	0.204460	0.067332	0.254996	0.050314	0.205499	0.189252	1.000000	0.269606	0.235127	0.247102	0.485451	0.137579	0.412081	0.433729	0.121212	0.093481	0.306936	0.149806	0.303694	0.615942	0.256958	0.264764	0.165138	0.216854	0.489914	0.551796	0.146487	0.096992	0.330191	0.634681	0.420570	0.202378	0.291540	0.176471	0.159691	0.149254	0.158598	0.210162	0.215827	0.570673	0.250627	0.628025	0.198722	0.161874	0.403296	0.250071	0.376963	0.061288	0.283499	0.139814	0.468305	0.510054	0.180217	0.232611	0.202378	0.212741	0.046013	0.222987	0.634766	0.444111	0.221967	0.161874	0.496880	0.060075	0.125189	0.627589	0.087010	0.306936	0.185543	0.305085	0.145378	0.340471	0.165138	0.142600	0.520644	0.225529	0.116646	0.139814	0.275862	0.576812	0.159691	0.645780	0.647298	0.122919	0.238136	0.306474	0.228571	0.099326	0.198198	0.308322	0.263305	0.327489	0.347107	0.168931	0.130277	0.504410	0.147041	0.295767	0.271054	0.296235	0.108026	0.195576	0.606075	0.200813	0.411071	0.361089	0.243626	0.277299	0.374410	0.055207	0.092308	0.428644	0.256468	0.637283	0.263792	0.379085	0.497850	0.189781	0.274422	0.356745	0.169472	0.334676	0.227559	0.617605	0.092308	0.155860	0.076326	0.139256	0.638306	0.204980	0.158051	0.245614	0.248588	0.481553	0.298573	0.549099	0.357181	0.256468	0.064919	0.438853	0.289183	0.243626	0.252537	0.356745	0.501667	0.099326	0.652278	0.352378	0.358920	0.190309	0.302765	0.662181	0.265249	0.131967	0.654337	0.201334	0.347548	0.122350	0.229077	0.623908	0.613685	0.542406	0.607875	0.280643	0.120073	0.216341	0.289183	0.363252	0.090545	0.063710	0.296235	0.169472	0.155311	0.262819	0.186074	0.498088	0.149806	0.221967	0.036110	0.191365	0.597922	0.234121	0.129713	0.264764	0.201856	0.348428	0.386677	0.551071	0.127454	0.137579	0.492537	0.131404	0.443051	0.405350	0.118361	0.199768	0.415326	0.324777	0.569827	0.154213	0.390029	0.280166	0.637654	0.585666	0.215314	0.435631	0.226545	0.094067	0.118361	0.261357	0.611475	0.351064	0.571680	0.186074	0.178819	0.251058	0.177007	0.121212	0.149254	0.238636	0.166765	0.416539	0.580867	0.117790	0.468075	0.209645	0.378661	0.114929	0.237134	0.630985	0.344459	0.632288	0.455495	0.182351	0.132530	0.229077	0.089957	0.178078	0.164051	0.238636	0.271536	0.121212	0.491481	0.131967	0.079306	0.446000	0.131404	0.161329	0.076326	0.619935	0.447664	0.087010	0.151461	0.131967	0.385837	0.246606	0.483228	0.610300	0.175934	0.109756	0.152012	0.655448	0.101072	0.090545	0.108603	0.221967	0.437956	0.292481	0.279212	0.446054	0.328390	0.180217	0.400825	0.295767	0.209645	0.173785	0.255487	0.503453	0.045397	0.096992	0.173247	0.217879	0.295767	
0.602015	0.655704	0.582975	0.645740	0.526929	0.618593	0.592593	0.052940	0.641667	0.633333	0.621287	0.585091	0.610837	0.635071	0.641026	0.614443	0.637838	0.559441	0.611529	0.620833	0.475610	0.507430	0.628151	0.618504	0.628159	0.202516	0.598650	0.571809	0.574176	0.419056	0.427653	0.586160	0.615000	0.608583	0.513345	0.593350	0.654206	0.497067	0.507375	0.587156	0.634831	0.565688	0.540804	0.373117	0.600000	0.537791	0.522353	0.328571	0.652131	0.326241	0.626087	0.650526	0.389452	0.614668	0.576976	0.643052	0.563492	0.537143	0.555256	0.622727	0.388096	0.526627	0.635379	0.549075	0.616987	0.492831	0.572638	0.635165	0.561210	0.622336	0.632458	0.633495	0.417210	0.662663	0.626761	0.027644	0.587131	0.594595	0.417279	0.635294	0.606860	0.631699	0.545198	0.562849	0.623737	0.569434	0.647125	0.620930	0.317073	0.582011	0.134241	0.610825	0.640449	0.546985	0.618094	0.646330	0.195864	0.544160	0.628829	0.615385	0.627494	0.544160	0.647059	0.067732	0.618574	0.299296	0.612500	0.154165	0.459350	0.627635	0.413793	0.646707	0.499234	0.509687	0.633333	0.588148	0.147819	0.642777	0.516763	0.510345	0.337408	0.457586	0.311189	0.624150	0.065270	0.387654	0.627219	0.600465	0.630485	0.546985	0.393804	0.520117	0.537445	0.647450	0.609467	0.634499	0.268931	0.658254	0.478261	0.621138	0.619814	0.654244	0.639659	0.651020	0.627929	0.587798	0.623032	0.652213	0.278075	0.630072	0.606645	0.483551	0.627178	0.517751	0.504094	0.316410	0.637053	0.523810	0.618061	0.604938	0.320398	0.563758	0.308231	0.551232	0.571237	0.609813	0.615187	0.596237	0.643932	0.620690	0.545228	0.582552	0.643514	0.623917	0.526703	0.284118	0.584906	0.630458	0.643162	0.549618	0.531799	0.593893	0.306861	0.626566	0.486366	0.663386	0.656657	0.625332	0.643969	0.588123	0.499244	0.258773	0.604722	0.645514	0.565642	0.641430	0.626193	0.605534	0.633459	0.656400	0.453065	0.619684	0.641651	0.641292	0.633687	0.362069	0.582656	0.646055	0.647332	0.443715	0.601523	0.564802	0.605668	0.331606	0.595801	0.563325	0.653928	0.202261	0.569353	0.619105	0.395349	0.475000	0.583232	0.380839	0.582375	0.597191	0.504174	0.632497	0.604235	0.614833	0.365482	0.623932	0.284192	0.618138	0.612144	0.269606	1.000000	0.609375	0.654348	0.558726	0.556180	0.600000	0.589286	0.527086	0.459843	0.654545	0.585831	0.637765	0.211889	0.648936	0.642259	0.603675	0.639535	0.555915	0.137099	0.576923	0.468019	0.602190	0.360852	0.588863	0.641827	0.636364	0.602810	0.598404	0.572988	0.568000	0.623377	0.631702	0.477581	0.043669	0.385321	0.620606	0.589947	0.592417	0.650108	0.615129	0.337349	0.653266	0.572626	0.569855	0.532919	0.615190	0.639731	0.612981	0.619718	0.262590	0.633028	0.353458	0.584660	0.625287	0.608466	0.551323	0.331606	0.539130	0.384646	0.442308	0.627751	0.580000	0.651297	0.581267	0.634495	0.601050	0.582524	0.517365	0.643101	0.527407	0.567039	0.637385	0.169029	0.598404	0.238283	0.226389	0.527697	0.629712	0.624521	0.636467	0.483721	0.621359	0.625954	0.635887	0.645872	0.626102	0.598179	0.543634	0.553866	0.570645	0.622919	0.639835	0.636008	0.493939	0.617827	0.168146	0.620024	0.603891	0.619211	0.646221	0.674134	0.626566	0.308231	0.461295	0.596255	0.636848	0.368140	0.654088	0.574503	0.548120	0.616337	0.655738	0.624567	0.568831	0.634720	0.642452	0.413553	0.461295	0.595973	0.402640	0.567832	0.361527	0.633214	0.582109	0.628135	0.641387	0.562874	0.642648	0.476138	0.636128	0.643237	0.354344	0.580693	0.647468	0.657174	0.650913	0.622837	0.542694	0.468217	0.299907	0.636998	0.625323	0.603214	0.638996	0.303869	0.647858	0.535613	0.276553	0.640964	0.620264	0.534307	0.638009	0.397685	0.180628	0.127407	0.421425	0.639029	0.513950	0.630966	0.641509	0.616567	0.450794	0.348718	0.634051	0.623377	0.591398	0.632353	0.619226	0.552648	0.588556	0.643678	0.211111	0.618989	0.183059	0.651007	0.538682	0.646444	0.611312	0.627968	0.615008	0.491749	0.547550	0.561798	0.556929	0.550642	0.590212	0.608969	0.510324	0.619105	0.605547	0.638376	0.153212	0.584906	0.627229	0.651822	0.254613	0.452596	0.611435	0.086058	0.623436	0.465409	0.530973	0.644889	0.423332	0.626422	0.482328	0.621723	0.030136	0.642241	0.612245	0.512445	0.570259	0.648948	0.596078	0.579554	0.464548	0.522895	0.586942	0.626478	0.628003	0.520833	0.646667	0.383181	0.590426	0.374419	0.566548	0.627204	0.557610	0.649321	0.454690	0.600509	0.607895	0.640089	0.639175	0.521230	0.547097	0.558405	0.405892	0.592914	0.573466	0.601325	0.402640	0.201797	0.572872	0.448718	0.583446	0.544160	0.632353	0.624592	0.563794	0.413823	0.595908	0.503771	0.582656	0.275685	0.478395	0.460317	0.499244	0.659770	0.585546	0.641026	0.651116	0.583994	0.633700	0.612658	0.617460	0.652302	0.633570	0.604113	0.636073	0.547408	0.259459	0.477379	0.622909	0.635731	0.654261	
0.613260	0.622370	0.572736	0.600973	0.547812	0.614246	0.517188	0.045442	0.626966	0.631169	0.634146	0.541420	0.625337	0.635659	0.628176	0.583668	0.592308	0.576744	0.609890	0.638202	0.426765	0.457928	0.630385	0.606398	0.630749	0.175745	0.568488	0.615836	0.580547	0.375057	0.481884	0.560720	0.619178	0.560801	0.455352	0.629213	0.636058	0.448753	0.582237	0.655860	0.619238	0.578431	0.496183	0.327908	0.635135	0.566343	0.477301	0.287805	0.621938	0.285714	0.623129	0.625000	0.344885	0.631179	0.589862	0.587779	0.623907	0.571429	0.622024	0.639506	0.346622	0.528053	0.591522	0.571880	0.590832	0.437948	0.541471	0.621429	0.584475	0.578422	0.632812	0.572944	0.370238	0.624327	0.639386	0.023685	0.588757	0.581224	0.367929	0.618947	0.627907	0.612144	0.592476	0.553598	0.614958	0.567678	0.597307	0.655696	0.357143	0.584198	0.115914	0.609065	0.629259	0.600311	0.585242	0.602656	0.169889	0.566456	0.569231	0.616798	0.637019	0.560127	0.629717	0.058202	0.577465	0.341365	0.620952	0.133312	0.422550	0.655612	0.456401	0.626609	0.504288	0.552413	0.635789	0.550000	0.127765	0.643985	0.471084	0.481437	0.295739	0.409433	0.354582	0.585895	0.056076	0.350000	0.609032	0.557834	0.660804	0.603421	0.346622	0.474164	0.536825	0.605769	0.646186	0.608696	0.234526	0.617480	0.505226	0.582759	0.568857	0.622768	0.587558	0.602198	0.597793	0.579278	0.585752	0.580521	0.317719	0.578125	0.669757	0.442276	0.649810	0.547855	0.447561	0.276902	0.670574	0.528239	0.592788	0.627027	0.280475	0.535211	0.351297	0.521739	0.521862	0.633588	0.596888	0.528963	0.599784	0.656144	0.495760	0.560364	0.618262	0.599631	0.505452	0.248048	0.630952	0.644419	0.591224	0.541211	0.489564	0.562903	0.268356	0.562555	0.466705	0.598309	0.613563	0.564684	0.613779	0.624230	0.517766	0.225498	0.547064	0.639810	0.555066	0.603859	0.576177	0.580753	0.595573	0.615067	0.408325	0.624170	0.616466	0.614806	0.626444	0.317937	0.592814	0.615207	0.611111	0.395732	0.626741	0.582202	0.564807	0.373281	0.606936	0.531120	0.635321	0.175521	0.523546	0.626156	0.428571	0.491228	0.669323	0.336319	0.645161	0.536243	0.452808	0.635183	0.557858	0.618799	0.399232	0.653580	0.324544	0.609375	0.635007	0.235127	0.609375	1.000000	0.630588	0.516354	0.582555	0.567213	0.551020	0.570962	0.499115	0.609231	0.569277	0.603306	0.184005	0.597701	0.623025	0.589595	0.607595	0.495599	0.118406	0.598784	0.490368	0.617934	0.316839	0.581789	0.614173	0.619958	0.628331	0.577713	0.597285	0.626471	0.646075	0.604061	0.442641	0.037459	0.338941	0.651656	0.603499	0.578595	0.619159	0.568402	0.383562	0.631351	0.566563	0.517715	0.510390	0.602778	0.630938	0.622047	0.647059	0.300412	0.588529	0.310176	0.535061	0.620000	0.606414	0.520622	0.373281	0.548387	0.339778	0.480144	0.635897	0.638356	0.638517	0.582317	0.610105	0.621387	0.571429	0.472500	0.609665	0.532231	0.554180	0.638064	0.146324	0.577713	0.207329	0.196807	0.555195	0.651442	0.620123	0.605166	0.486957	0.594164	0.631902	0.654587	0.592157	0.614662	0.595136	0.550079	0.510610	0.579666	0.658254	0.631813	0.621849	0.511864	0.640854	0.145551	0.650856	0.548148	0.587591	0.616845	0.603070	0.582076	0.351297	0.500888	0.534387	0.635213	0.323414	0.642534	0.592267	0.503002	0.596206	0.615894	0.591160	0.620000	0.613900	0.601726	0.370072	0.486679	0.580741	0.451493	0.567442	0.317448	0.607562	0.606775	0.630460	0.607268	0.517795	0.593521	0.449515	0.579577	0.621404	0.398453	0.554779	0.642476	0.609727	0.596980	0.572744	0.518862	0.514783	0.262139	0.594796	0.614115	0.638701	0.577640	0.265680	0.647125	0.610759	0.241309	0.628947	0.615962	0.517073	0.611794	0.351639	0.156499	0.109957	0.377341	0.609358	0.563011	0.628644	0.595518	0.586739	0.471429	0.380583	0.602941	0.614286	0.596439	0.643991	0.610123	0.499666	0.590361	0.600000	0.242553	0.591093	0.158633	0.606796	0.573248	0.602709	0.685940	0.581068	0.562284	0.455378	0.564103	0.588785	0.500341	0.564184	0.565050	0.567860	0.565789	0.642008	0.566775	0.579882	0.132478	0.601190	0.587629	0.594771	0.221805	0.401183	0.630241	0.074048	0.660074	0.512367	0.542763	0.646189	0.375741	0.589003	0.439051	0.582763	0.025825	0.603730	0.599440	0.587276	0.594268	0.600240	0.601439	0.563769	0.411139	0.556837	0.540072	0.610825	0.564644	0.521595	0.631325	0.337005	0.621928	0.329084	0.560300	0.604972	0.552923	0.631450	0.465116	0.645251	0.591304	0.624250	0.631111	0.564437	0.502703	0.579114	0.454713	0.537700	0.557845	0.586861	0.451493	0.175111	0.544073	0.476534	0.584708	0.575949	0.578856	0.654888	0.518570	0.367038	0.620787	0.546374	0.604790	0.240536	0.515571	0.464286	0.531303	0.607500	0.545879	0.614407	0.598253	0.543660	0.585127	0.597222	0.584874	0.599369	0.615979	0.593220	0.599769	0.501323	0.296907	0.493870	0.602546	0.580808	0.611987	
0.593583	0.651564	0.583706	0.633570	0.552262	0.624434	0.565951	0.048019	0.641138	0.647355	0.640420	0.565407	0.639687	0.636591	0.653933	0.651102	0.629699	0.579970	0.630319	0.638950	0.446410	0.474308	0.640177	0.632571	0.644586	0.185013	0.582751	0.609065	0.604106	0.390815	0.454861	0.602026	0.631300	0.616874	0.489796	0.603261	0.652126	0.468015	0.553797	0.612591	0.632094	0.559295	0.513784	0.343689	0.620419	0.566978	0.496977	0.302004	0.645898	0.299828	0.642951	0.641593	0.361306	0.624846	0.604444	0.608531	0.591549	0.559633	0.600575	0.652278	0.361446	0.546032	0.627119	0.590563	0.602329	0.461622	0.576169	0.645833	0.593245	0.605146	0.638889	0.645244	0.386696	0.658972	0.647643	0.025044	0.608571	0.584468	0.385192	0.628337	0.620787	0.632972	0.580060	0.556999	0.646113	0.564763	0.653983	0.628993	0.344697	0.573218	0.122238	0.621918	0.632094	0.584708	0.600166	0.642074	0.178878	0.585366	0.620301	0.631043	0.633178	0.573171	0.646789	0.061480	0.600000	0.325670	0.612663	0.140514	0.439126	0.643564	0.440497	0.650628	0.520593	0.550400	0.632444	0.573620	0.134689	0.630460	0.491686	0.486423	0.310259	0.429351	0.338403	0.610619	0.059238	0.364933	0.645807	0.595334	0.646341	0.581709	0.363108	0.499700	0.557480	0.640187	0.609504	0.641124	0.246475	0.638674	0.528428	0.597973	0.595595	0.632609	0.652466	0.644540	0.638590	0.559322	0.606374	0.623940	0.302913	0.654040	0.617813	0.455859	0.628221	0.546032	0.483173	0.290655	0.633979	0.552716	0.594315	0.659686	0.294375	0.549861	0.335238	0.525401	0.549237	0.622222	0.626539	0.573353	0.647739	0.619100	0.524085	0.562267	0.658092	0.610108	0.499052	0.260584	0.591954	0.636058	0.651685	0.530466	0.508411	0.569620	0.281754	0.622068	0.468304	0.641237	0.665268	0.626039	0.645621	0.591182	0.533333	0.237049	0.585635	0.649770	0.558442	0.638674	0.617886	0.585726	0.626719	0.644512	0.424094	0.622909	0.639216	0.652862	0.662516	0.333333	0.615607	0.654709	0.632353	0.414190	0.619946	0.611354	0.598823	0.360225	0.614525	0.541497	0.638393	0.184778	0.544959	0.624840	0.424460	0.501684	0.610039	0.352419	0.613297	0.573833	0.479726	0.636051	0.595601	0.637975	0.396330	0.626966	0.309478	0.648990	0.630749	0.247102	0.654348	0.630588	1.000000	0.533881	0.591592	0.575563	0.577812	0.530612	0.492360	0.644645	0.610465	0.641129	0.193663	0.639821	0.637363	0.628492	0.636364	0.530313	0.124857	0.583578	0.497479	0.586667	0.332193	0.572332	0.656489	0.650104	0.607870	0.620397	0.593886	0.590909	0.641698	0.645320	0.456197	0.039592	0.355140	0.613607	0.594366	0.598361	0.645455	0.603284	0.366355	0.634352	0.605970	0.554371	0.517903	0.639785	0.643787	0.651399	0.627792	0.286275	0.651332	0.325270	0.565868	0.648058	0.611268	0.533599	0.360225	0.559006	0.356008	0.467128	0.634635	0.612732	0.635176	0.579412	0.622554	0.597765	0.592593	0.500000	0.664260	0.572337	0.600000	0.615220	0.154172	0.620397	0.218064	0.207060	0.571875	0.630841	0.645291	0.654719	0.504174	0.645244	0.612774	0.646086	0.639847	0.621324	0.625173	0.572741	0.527415	0.609078	0.635897	0.643554	0.645492	0.527687	0.639069	0.153360	0.630907	0.584342	0.616071	0.652826	0.658120	0.618593	0.335238	0.480409	0.577192	0.642777	0.339022	0.643172	0.562823	0.526592	0.640420	0.636559	0.614414	0.602210	0.628302	0.651497	0.387411	0.490630	0.612303	0.432143	0.579970	0.332826	0.654867	0.605974	0.645235	0.652223	0.546328	0.638124	0.452448	0.617462	0.638298	0.384473	0.570557	0.634755	0.652826	0.650847	0.609009	0.521173	0.510851	0.275276	0.630909	0.615247	0.636959	0.634343	0.278966	0.647640	0.573171	0.253554	0.653061	0.604224	0.572770	0.634845	0.368310	0.164843	0.115977	0.394035	0.634146	0.563780	0.646986	0.636837	0.620444	0.479452	0.378479	0.620902	0.621547	0.621777	0.633554	0.625166	0.533859	0.598837	0.640777	0.230769	0.632680	0.167081	0.653302	0.570552	0.641758	0.611465	0.639780	0.598305	0.474041	0.564815	0.579580	0.536553	0.546565	0.583522	0.602449	0.547468	0.627401	0.594249	0.614644	0.139639	0.614943	0.617845	0.643312	0.233191	0.422796	0.638718	0.078182	0.648259	0.491525	0.550633	0.651163	0.394226	0.627165	0.458999	0.651656	0.027305	0.650794	0.634146	0.546311	0.596798	0.660443	0.581363	0.570518	0.433217	0.554675	0.556423	0.660000	0.611542	0.562300	0.651054	0.353131	0.606285	0.344909	0.569536	0.612299	0.587519	0.644391	0.487136	0.621622	0.610644	0.655776	0.653680	0.555730	0.525266	0.579268	0.446018	0.568437	0.577099	0.612130	0.432143	0.184349	0.562687	0.474048	0.590449	0.570122	0.609508	0.630011	0.554101	0.385192	0.597826	0.521880	0.592486	0.252747	0.521595	0.489726	0.520325	0.652913	0.577099	0.638430	0.648936	0.551827	0.634799	0.647849	0.599671	0.633846	0.645000	0.636612	0.655443	0.531250	0.282908	0.507563	0.648427	0.647059	0.652308	
0.446442	0.556143	0.597418	0.517795	0.332248	0.612293	0.625066	0.109006	0.558294	0.488052	0.459600	0.642894	0.464154	0.489531	0.549763	0.474227	0.604482	0.369427	0.458551	0.548967	0.604225	0.626802	0.542532	0.448120	0.483965	0.382602	0.626467	0.412993	0.382979	0.588319	0.239037	0.392801	0.454884	0.429008	0.629887	0.441421	0.563830	0.628311	0.319934	0.501062	0.580485	0.611444	0.641319	0.575719	0.460400	0.333605	0.638108	0.517093	0.575484	0.521987	0.459138	0.548625	0.573520	0.504286	0.374010	0.594397	0.414803	0.348106	0.400624	0.512315	0.561122	0.317173	0.612492	0.353698	0.621576	0.622937	0.361600	0.523777	0.381703	0.609102	0.480058	0.474725	0.591133	0.576623	0.496770	0.057715	0.405594	0.626362	0.590336	0.585522	0.415704	0.514810	0.360288	0.632539	0.445611	0.624044	0.528011	0.499643	0.163229	0.631974	0.264702	0.432802	0.590429	0.366826	0.618994	0.593711	0.372739	0.350764	0.604482	0.480699	0.529453	0.352373	0.530500	0.138350	0.622782	0.153291	0.604455	0.300867	0.608210	0.493190	0.219130	0.580687	0.284757	0.310231	0.572710	0.639873	0.289429	0.523013	0.625275	0.621657	0.543478	0.615975	0.159928	0.611532	0.133498	0.579603	0.489177	0.627322	0.504620	0.366826	0.586506	0.642730	0.324059	0.526681	0.565916	0.483212	0.475200	0.556300	0.271730	0.622247	0.617886	0.565362	0.547667	0.566732	0.590796	0.631300	0.627002	0.593447	0.141561	0.488760	0.537313	0.622964	0.497860	0.317173	0.629054	0.524763	0.534153	0.311624	0.618993	0.467802	0.529809	0.654850	0.158273	0.643303	0.642681	0.499642	0.433991	0.631305	0.561769	0.548732	0.644590	0.634855	0.567105	0.620649	0.640553	0.495813	0.399065	0.547297	0.545701	0.632694	0.640511	0.636413	0.510165	0.624856	0.621044	0.584457	0.570130	0.613174	0.579987	0.570347	0.296173	0.465138	0.636462	0.534708	0.641662	0.554960	0.612751	0.625692	0.590654	0.587342	0.607836	0.480938	0.601120	0.507102	0.496403	0.554067	0.397185	0.546315	0.496080	0.606061	0.445448	0.389325	0.626126	0.171429	0.422103	0.649490	0.543493	0.382547	0.644282	0.478070	0.208224	0.265876	0.467742	0.571242	0.441088	0.638860	0.629598	0.534979	0.615037	0.486565	0.190813	0.541638	0.144928	0.487310	0.458457	0.485451	0.558726	0.516354	0.533881	1.000000	0.363927	0.622611	0.632361	0.326797	0.258503	0.582598	0.390588	0.585180	0.395686	0.549629	0.547762	0.420568	0.499643	0.646552	0.269935	0.384555	0.267343	0.591326	0.556868	0.629590	0.486526	0.565357	0.439577	0.412993	0.390895	0.405887	0.485591	0.506076	0.623017	0.090372	0.572178	0.468521	0.419429	0.615385	0.535787	0.623853	0.174688	0.559896	0.370724	0.638917	0.637843	0.449286	0.512570	0.476329	0.495334	0.133090	0.506723	0.557728	0.639626	0.507442	0.416345	0.643062	0.171429	0.336312	0.573964	0.242060	0.585120	0.459359	0.590392	0.382005	0.602410	0.420568	0.375594	0.626866	0.510578	0.315789	0.370724	0.561842	0.327366	0.412993	0.436126	0.422213	0.330888	0.518365	0.580442	0.518258	0.273187	0.473260	0.590308	0.547523	0.604537	0.602985	0.424427	0.348387	0.645588	0.387402	0.577465	0.564238	0.582214	0.294754	0.476471	0.325803	0.478832	0.624315	0.611599	0.532325	0.562049	0.622555	0.158273	0.255537	0.644989	0.548649	0.569984	0.555184	0.607204	0.644550	0.464047	0.566908	0.609311	0.428680	0.602307	0.520394	0.586704	0.255537	0.405910	0.214473	0.367834	0.563336	0.481858	0.406202	0.536351	0.531421	0.657534	0.581633	0.593909	0.612485	0.545946	0.184397	0.646997	0.572351	0.532325	0.533967	0.603418	0.631480	0.273187	0.515683	0.615293	0.622797	0.463704	0.580850	0.515054	0.548732	0.352373	0.486862	0.481400	0.594272	0.329527	0.513684	0.581081	0.347767	0.252124	0.596429	0.569935	0.324059	0.497143	0.576227	0.621495	0.251067	0.181172	0.574536	0.428680	0.404669	0.542532	0.461997	0.641366	0.393725	0.511694	0.105458	0.468935	0.352011	0.519861	0.347054	0.546426	0.476676	0.620977	0.616865	0.626537	0.341700	0.363927	0.639076	0.351047	0.635602	0.636865	0.319934	0.472222	0.637303	0.580923	0.299153	0.399065	0.627606	0.563767	0.456747	0.613636	0.499285	0.174061	0.508451	0.259983	0.319934	0.544966	0.601997	0.608076	0.626369	0.456036	0.062830	0.535058	0.445283	0.326797	0.390895	0.527701	0.421133	0.614549	0.614849	0.318555	0.642285	0.496035	0.623570	0.311624	0.523248	0.572828	0.597963	0.574175	0.637205	0.449438	0.353698	0.512281	0.249573	0.444612	0.419677	0.531856	0.561218	0.326797	0.633190	0.352373	0.222222	0.630977	0.351047	0.413580	0.214473	0.383258	0.629995	0.242060	0.395931	0.352373	0.627762	0.534247	0.646712	0.592437	0.441421	0.299003	0.395622	0.487021	0.277544	0.251067	0.296173	0.506024	0.635741	0.574920	0.559267	0.642116	0.596448	0.447784	0.636313	0.577465	0.490267	0.433662	0.549391	0.644371	0.131387	0.267343	0.435508	0.513186	0.583867	
0.588889	0.567455	0.462046	0.583072	0.591224	0.486065	0.403285	0.025454	0.569405	0.614334	0.617329	0.392123	0.602151	0.593220	0.592375	0.596803	0.497664	0.629067	0.625000	0.549575	0.267211	0.293026	0.561605	0.624299	0.592721	0.101417	0.420760	0.606426	0.641350	0.227521	0.581522	0.596273	0.608059	0.598058	0.303915	0.617424	0.578279	0.282542	0.641509	0.566343	0.528256	0.423077	0.329971	0.196146	0.600719	0.640553	0.316736	0.170514	0.543046	0.169191	0.606171	0.583333	0.207146	0.581818	0.646681	0.500590	0.605578	0.623318	0.635246	0.594249	0.208276	0.601896	0.501171	0.636971	0.458753	0.281154	0.580220	0.588415	0.630021	0.476605	0.609589	0.610526	0.223742	0.547651	0.615385	0.013203	0.613821	0.434198	0.222222	0.532637	0.607143	0.574639	0.621145	0.387097	0.643123	0.428986	0.568720	0.607261	0.512500	0.422825	0.065975	0.613027	0.525799	0.627451	0.450251	0.523270	0.097905	0.656250	0.488318	0.598616	0.561728	0.625000	0.587349	0.032696	0.470588	0.496815	0.491917	0.076181	0.267211	0.610000	0.569014	0.540107	0.601504	0.623501	0.543081	0.410584	0.072918	0.604069	0.310298	0.308210	0.175546	0.253179	0.496855	0.479393	0.031486	0.210478	0.598985	0.436715	0.591503	0.605664	0.208276	0.313484	0.622951	0.580247	0.539474	0.615652	0.137208	0.556671	0.605128	0.456967	0.463862	0.544944	0.561404	0.542700	0.521525	0.418349	0.467996	0.499414	0.469055	0.589041	0.559647	0.275738	0.589786	0.635071	0.314560	0.163630	0.573991	0.617225	0.461700	0.633094	0.165882	0.370550	0.498423	0.355590	0.371151	0.581395	0.604207	0.400709	0.546433	0.554765	0.339511	0.404237	0.557241	0.486667	0.333091	0.145582	0.635246	0.563504	0.574780	0.382477	0.327845	0.424242	0.158258	0.462354	0.296824	0.524934	0.547651	0.496000	0.524548	0.493671	0.614251	0.131647	0.423041	0.575758	0.388795	0.553802	0.482759	0.439169	0.520988	0.522293	0.249727	0.597540	0.522167	0.600326	0.618487	0.189727	0.615702	0.555556	0.595395	0.243876	0.625468	0.647182	0.454638	0.504615	0.641732	0.362916	0.572674	0.101283	0.363492	0.600349	0.568966	0.595855	0.618629	0.201585	0.620038	0.409463	0.296824	0.570136	0.443532	0.594502	0.557864	0.557185	0.478964	0.630137	0.611212	0.137579	0.556180	0.582555	0.591592	0.363927	1.000000	0.432432	0.414679	0.624709	0.587927	0.530973	0.600000	0.515306	0.106388	0.562682	0.561254	0.645669	0.594059	0.354215	0.067432	0.603376	0.614987	0.479810	0.189022	0.425733	0.615917	0.548813	0.608696	0.594378	0.630480	0.620968	0.603710	0.579470	0.275240	0.020945	0.203285	0.619965	0.613546	0.440711	0.568452	0.465753	0.525994	0.542510	0.627706	0.380317	0.337758	0.626866	0.596546	0.598616	0.602007	0.437086	0.588997	0.184752	0.398936	0.590909	0.605578	0.353668	0.541538	0.646789	0.203827	0.578378	0.523388	0.619048	0.531131	0.631356	0.501734	0.610236	0.603854	0.323446	0.584270	0.650831	0.627706	0.562759	0.083867	0.594378	0.120526	0.114129	0.625000	0.583333	0.521519	0.585056	0.618926	0.585965	0.516373	0.580830	0.523923	0.502273	0.621359	0.620225	0.345921	0.648421	0.524120	0.567832	0.541667	0.610837	0.608850	0.083409	0.591304	0.432590	0.478070	0.585736	0.554945	0.477200	0.498423	0.606860	0.418131	0.572263	0.193249	0.565714	0.440252	0.348289	0.606498	0.551247	0.481153	0.616279	0.502347	0.586922	0.223633	0.580475	0.627291	0.579545	0.598698	0.189413	0.603774	0.638384	0.570136	0.576981	0.365092	0.538163	0.291906	0.482835	0.563504	0.528529	0.413418	0.560425	0.573596	0.579025	0.483370	0.345139	0.618926	0.154365	0.491031	0.487321	0.634234	0.526854	0.156581	0.583215	0.633929	0.141402	0.621528	0.485812	0.612529	0.574603	0.211547	0.089910	0.062500	0.228429	0.546939	0.622951	0.591736	0.523240	0.471101	0.595745	0.531722	0.523438	0.616279	0.624490	0.541547	0.617916	0.348819	0.604167	0.597403	0.391608	0.603232	0.091181	0.600000	0.621622	0.555556	0.599653	0.486976	0.454733	0.292839	0.604545	0.646288	0.356976	0.604027	0.410762	0.446411	0.632075	0.610820	0.431034	0.506024	0.075690	0.639344	0.457143	0.547684	0.129379	0.248238	0.597015	0.041746	0.585600	0.612565	0.622642	0.566906	0.227974	0.483690	0.274251	0.614260	0.014402	0.563798	0.603774	0.615385	0.626305	0.579353	0.567515	0.429799	0.255723	0.600473	0.381349	0.611486	0.455404	0.617225	0.591331	0.202029	0.494279	0.196905	0.397915	0.607407	0.636971	0.571429	0.576000	0.620301	0.632411	0.588598	0.558659	0.624709	0.353395	0.602679	0.588235	0.402126	0.604027	0.602794	0.590909	0.101037	0.401060	0.567568	0.608696	0.620536	0.457732	0.586466	0.368463	0.222222	0.628788	0.635697	0.628099	0.140923	0.598985	0.579787	0.628993	0.587662	0.413793	0.536842	0.549180	0.395410	0.501193	0.619403	0.449304	0.537158	0.628378	0.610687	0.565154	0.344880	0.458472	0.568475	0.623327	0.578947	0.544980	
0.511628	0.595220	0.609280	0.567434	0.403561	0.621017	0.635603	0.086910	0.604361	0.549828	0.524735	0.636884	0.526408	0.551370	0.587302	0.524102	0.633194	0.436959	0.516934	0.602804	0.585515	0.610929	0.581505	0.508535	0.543723	0.316843	0.648159	0.473978	0.450570	0.544963	0.293869	0.461828	0.519573	0.497713	0.616787	0.493671	0.596737	0.598454	0.387226	0.540134	0.626437	0.604450	0.625636	0.508067	0.527337	0.401186	0.616601	0.464461	0.609152	0.470015	0.524358	0.601256	0.510577	0.552832	0.445933	0.624561	0.477778	0.417969	0.470919	0.561462	0.509183	0.386000	0.620112	0.424537	0.637405	0.593566	0.431752	0.578606	0.452902	0.634603	0.537005	0.533101	0.540190	0.591081	0.535714	0.045764	0.457944	0.621371	0.546419	0.616071	0.484288	0.571191	0.428295	0.611617	0.507168	0.595164	0.566474	0.550676	0.202673	0.620522	0.214628	0.501818	0.612069	0.432015	0.645900	0.626366	0.307078	0.421053	0.627615	0.539792	0.564437	0.421053	0.576490	0.110654	0.630065	0.190583	0.606648	0.244917	0.575044	0.541596	0.270096	0.597285	0.348004	0.377889	0.602679	0.624851	0.235311	0.563681	0.607595	0.613372	0.484468	0.558860	0.198661	0.626667	0.106718	0.530864	0.545766	0.623683	0.551261	0.435873	0.528628	0.609122	0.394030	0.575856	0.590433	0.523851	0.410112	0.591373	0.332645	0.635779	0.632558	0.592248	0.586371	0.605828	0.622574	0.629496	0.629654	0.627533	0.176271	0.533563	0.571201	0.583296	0.551899	0.384000	0.602753	0.459580	0.583801	0.379518	0.633573	0.522046	0.467805	0.615215	0.196648	0.613076	0.624724	0.549153	0.504995	0.636577	0.601060	0.587041	0.612351	0.631210	0.595549	0.629229	0.617512	0.424812	0.467167	0.584323	0.587302	0.603966	0.622785	0.624235	0.444124	0.635108	0.570486	0.614925	0.597128	0.629043	0.613905	0.593567	0.361421	0.396845	0.638974	0.583199	0.612756	0.577255	0.622884	0.630585	0.622478	0.623624	0.565506	0.530078	0.624460	0.559194	0.545610	0.506016	0.463277	0.599049	0.556492	0.565147	0.507194	0.454115	0.636305	0.212625	0.476980	0.626087	0.586098	0.316471	0.631121	0.529974	0.257019	0.325726	0.530078	0.515789	0.509485	0.636852	0.591231	0.565673	0.609536	0.539655	0.236066	0.580952	0.180383	0.542169	0.518126	0.412081	0.600000	0.567213	0.575563	0.622611	0.432432	1.000000	0.623501	0.397219	0.316997	0.620891	0.459357	0.622614	0.330535	0.593354	0.610938	0.489871	0.540541	0.623196	0.218996	0.454373	0.327461	0.604225	0.497168	0.625076	0.538062	0.598802	0.507678	0.475836	0.456008	0.472998	0.549957	0.553299	0.584300	0.071909	0.522077	0.529156	0.479630	0.616352	0.587200	0.622135	0.216575	0.615618	0.434615	0.634778	0.630817	0.506284	0.567901	0.531142	0.551020	0.165909	0.551839	0.500491	0.627198	0.554439	0.475926	0.608649	0.212625	0.402367	0.518938	0.297468	0.601899	0.521352	0.608059	0.460952	0.644491	0.486188	0.445933	0.606820	0.567860	0.384384	0.436538	0.598619	0.267263	0.475836	0.368661	0.351557	0.400000	0.559543	0.599415	0.560066	0.334365	0.526132	0.600583	0.585748	0.619519	0.624143	0.501372	0.416422	0.622503	0.452042	0.599257	0.597061	0.622585	0.359756	0.531934	0.265942	0.535993	0.625233	0.632215	0.583670	0.598775	0.627219	0.196648	0.313480	0.632911	0.577989	0.508820	0.583725	0.605744	0.627575	0.521201	0.610769	0.632432	0.493601	0.625175	0.560996	0.533130	0.313480	0.463985	0.264516	0.442733	0.508678	0.534022	0.473439	0.560838	0.578990	0.620690	0.602517	0.571961	0.632005	0.595408	0.228321	0.610351	0.610068	0.569119	0.584861	0.644595	0.622572	0.334365	0.446262	0.625850	0.619529	0.520741	0.594118	0.442478	0.594848	0.421053	0.420749	0.526863	0.631940	0.398414	0.571192	0.538826	0.284556	0.204149	0.555943	0.592536	0.390050	0.559594	0.601052	0.632776	0.308176	0.224422	0.621100	0.489945	0.468165	0.592476	0.517333	0.625066	0.455577	0.559464	0.131944	0.521586	0.288163	0.581281	0.418787	0.600000	0.524675	0.624230	0.638710	0.609711	0.408644	0.434363	0.630844	0.425366	0.627289	0.633229	0.383234	0.533449	0.633785	0.630682	0.243476	0.469043	0.635430	0.597561	0.389509	0.580272	0.540220	0.139752	0.558603	0.318750	0.385230	0.586017	0.543487	0.657123	0.580961	0.515556	0.049847	0.584665	0.505415	0.393247	0.456008	0.568867	0.484848	0.615385	0.579147	0.387612	0.640809	0.548718	0.633573	0.379518	0.573529	0.526538	0.596419	0.522039	0.609601	0.518784	0.420643	0.579470	0.306401	0.493694	0.477860	0.568867	0.601236	0.397219	0.626467	0.421053	0.273797	0.636204	0.423415	0.480074	0.264516	0.315789	0.621053	0.297468	0.459943	0.421053	0.644703	0.569590	0.619440	0.550208	0.506329	0.364742	0.461394	0.418495	0.339506	0.308176	0.361421	0.562814	0.640476	0.609865	0.601527	0.644068	0.620056	0.511670	0.642677	0.605204	0.538462	0.504537	0.582078	0.630640	0.163823	0.327461	0.495913	0.553120	0.618587	
0.496587	0.596595	0.604802	0.565354	0.381221	0.627861	0.629630	0.092456	0.584454	0.533662	0.504216	0.640000	0.519328	0.528642	0.584475	0.515481	0.626344	0.415371	0.500000	0.585949	0.605286	0.611390	0.586466	0.500428	0.526055	0.334499	0.647575	0.456637	0.435805	0.569376	0.278000	0.441256	0.507640	0.477768	0.617111	0.477586	0.601044	0.610741	0.369318	0.548800	0.621024	0.616029	0.633663	0.529828	0.493266	0.384615	0.628489	0.473177	0.598414	0.485175	0.503804	0.579819	0.543088	0.543250	0.425842	0.626099	0.465608	0.397032	0.448214	0.548490	0.531261	0.366224	0.621803	0.401480	0.650677	0.614772	0.408464	0.569876	0.427149	0.640877	0.524671	0.519135	0.566629	0.604212	0.541463	0.048751	0.453737	0.638374	0.568140	0.608011	0.470070	0.541833	0.410681	0.635359	0.497436	0.614277	0.554941	0.533118	0.191176	0.631393	0.227357	0.478336	0.601660	0.414299	0.633067	0.618080	0.324294	0.403704	0.627688	0.530579	0.557813	0.398148	0.569444	0.117623	0.642677	0.179704	0.620828	0.259181	0.587383	0.542208	0.255319	0.607246	0.329777	0.358437	0.603720	0.645833	0.249096	0.549174	0.624288	0.606232	0.506017	0.587464	0.187368	0.634492	0.113454	0.530627	0.528209	0.646671	0.548232	0.416132	0.550336	0.628763	0.373938	0.554688	0.591954	0.526926	0.429219	0.576373	0.315068	0.643035	0.633740	0.593750	0.589666	0.592047	0.622837	0.631823	0.637224	0.622222	0.166134	0.526316	0.559878	0.604448	0.542373	0.366224	0.607280	0.479161	0.564181	0.360000	0.627129	0.511785	0.489832	0.638116	0.185458	0.630208	0.631297	0.533225	0.484848	0.643182	0.603636	0.587266	0.639071	0.637960	0.592483	0.627937	0.607872	0.446268	0.448214	0.574032	0.576865	0.615723	0.633810	0.649289	0.460579	0.642540	0.595862	0.602582	0.618736	0.631719	0.610242	0.587904	0.342637	0.415957	0.633944	0.566563	0.647514	0.592927	0.646636	0.640292	0.610264	0.611150	0.583942	0.526228	0.620499	0.547791	0.541157	0.520026	0.444444	0.577508	0.541935	0.589641	0.485420	0.441044	0.657161	0.200627	0.464912	0.642027	0.586364	0.334109	0.637421	0.519502	0.242857	0.308448	0.509575	0.539945	0.489233	0.637782	0.613333	0.565251	0.641345	0.527183	0.222910	0.576865	0.170032	0.529605	0.508017	0.433729	0.589286	0.551020	0.577812	0.632361	0.414679	0.623501	1.000000	0.375118	0.300099	0.611384	0.444245	0.611582	0.348795	0.584219	0.581709	0.473684	0.546042	0.642078	0.231950	0.433996	0.310108	0.599729	0.522422	0.639432	0.528926	0.600000	0.492679	0.460177	0.441044	0.457447	0.542041	0.538835	0.606272	0.076537	0.542114	0.513716	0.460317	0.635036	0.567485	0.632511	0.204380	0.603059	0.424132	0.640087	0.620724	0.496575	0.557920	0.533884	0.523577	0.156317	0.550400	0.516876	0.639773	0.554487	0.467372	0.637260	0.200627	0.387640	0.538381	0.281437	0.609979	0.494058	0.615927	0.431159	0.625251	0.461404	0.425842	0.617188	0.548207	0.364672	0.418647	0.595431	0.282619	0.460177	0.387184	0.370721	0.381579	0.550000	0.610408	0.563045	0.316716	0.519135	0.608696	0.589031	0.625341	0.626984	0.481255	0.399257	0.639059	0.437218	0.600429	0.604306	0.610000	0.341040	0.512949	0.281235	0.521955	0.641010	0.638601	0.584043	0.602941	0.637460	0.185458	0.296736	0.642148	0.564920	0.528981	0.588589	0.602774	0.644068	0.517707	0.592319	0.633638	0.479094	0.626685	0.557585	0.560448	0.296736	0.454141	0.250000	0.419030	0.520656	0.533333	0.463177	0.563707	0.579554	0.649654	0.607829	0.577919	0.625407	0.575550	0.215544	0.644380	0.597834	0.573199	0.580596	0.628422	0.616641	0.316716	0.465685	0.633858	0.617284	0.508846	0.619519	0.472870	0.588764	0.400000	0.438130	0.519868	0.609385	0.378175	0.554675	0.555595	0.300733	0.216332	0.564278	0.599854	0.373938	0.536783	0.602166	0.636540	0.291667	0.211838	0.590000	0.475610	0.458111	0.586466	0.498728	0.641645	0.442446	0.546474	0.124183	0.511354	0.304509	0.562893	0.395911	0.589205	0.516129	0.642904	0.637157	0.612022	0.393657	0.414679	0.640209	0.398517	0.652547	0.650091	0.367424	0.519502	0.643198	0.606019	0.257669	0.446429	0.640199	0.597365	0.410355	0.588615	0.542510	0.148410	0.547335	0.301775	0.367424	0.587792	0.572510	0.620644	0.606429	0.505513	0.053094	0.584992	0.493976	0.375118	0.442844	0.562061	0.465442	0.631328	0.591003	0.365877	0.648118	0.540850	0.635962	0.360000	0.575900	0.542256	0.620186	0.532792	0.636007	0.496587	0.405180	0.564184	0.289970	0.493127	0.469244	0.560500	0.597923	0.375118	0.627593	0.398148	0.258847	0.643952	0.400371	0.455428	0.250000	0.333398	0.650794	0.281437	0.444843	0.401852	0.652934	0.567463	0.657067	0.559970	0.486207	0.345821	0.448029	0.437403	0.321637	0.291667	0.342637	0.552885	0.640138	0.594828	0.617302	0.628895	0.624490	0.493151	0.648352	0.610436	0.540850	0.486159	0.580989	0.640816	0.154341	0.310108	0.484848	0.543548	0.610436	
0.579256	0.518841	0.431818	0.545156	0.554455	0.449309	0.371134	0.022267	0.511078	0.578097	0.579048	0.351185	0.578450	0.566845	0.523737	0.554307	0.457074	0.597222	0.601942	0.546529	0.237389	0.260756	0.529148	0.581028	0.562044	0.089146	0.380952	0.618337	0.593258	0.201613	0.619469	0.599119	0.568665	0.563786	0.270636	0.653307	0.520588	0.251256	0.663291	0.560272	0.478981	0.395648	0.294334	0.173461	0.592030	0.597531	0.282287	0.150546	0.506887	0.149365	0.586207	0.545727	0.183318	0.552083	0.607306	0.464548	0.613108	0.585132	0.631808	0.556114	0.184332	0.590331	0.455758	0.628571	0.412435	0.250000	0.544601	0.542265	0.621622	0.431461	0.587387	0.543438	0.198216	0.508380	0.572935	0.011540	0.596112	0.395257	0.196850	0.496608	0.602105	0.548822	0.616471	0.348129	0.601179	0.387674	0.529801	0.568458	0.508591	0.384615	0.057862	0.580122	0.491720	0.586047	0.414079	0.483029	0.086040	0.639618	0.459492	0.528233	0.549273	0.610979	0.541732	0.028614	0.420368	0.526316	0.465950	0.066856	0.237389	0.570928	0.546012	0.511822	0.556757	0.644330	0.504749	0.374883	0.063980	0.560656	0.276434	0.274537	0.155039	0.224719	0.498270	0.432251	0.027554	0.186306	0.562278	0.397614	0.566038	0.604651	0.184332	0.279330	0.577889	0.533118	0.506156	0.564103	0.120882	0.526946	0.576177	0.418163	0.420935	0.512445	0.512977	0.505022	0.484694	0.377003	0.426407	0.453883	0.489209	0.529730	0.553846	0.245098	0.550173	0.615776	0.280308	0.144404	0.562500	0.580977	0.426407	0.561670	0.146413	0.331400	0.486111	0.317712	0.331950	0.586387	0.570850	0.363967	0.481793	0.540059	0.303030	0.362319	0.511494	0.440873	0.297177	0.128329	0.618736	0.551829	0.511485	0.345423	0.292398	0.389484	0.139616	0.420131	0.264201	0.491132	0.505587	0.444444	0.499329	0.488830	0.603175	0.115942	0.386408	0.535658	0.348129	0.523952	0.434483	0.405295	0.466069	0.497354	0.221607	0.559259	0.475096	0.551370	0.540636	0.167715	0.584615	0.522137	0.566494	0.216333	0.625743	0.604444	0.407563	0.472973	0.613779	0.324412	0.546282	0.089027	0.324939	0.555147	0.551724	0.560224	0.588889	0.178333	0.624000	0.373832	0.264201	0.529968	0.414815	0.575045	0.512987	0.551302	0.435714	0.562162	0.603053	0.121212	0.527086	0.570962	0.530612	0.326797	0.624709	0.397219	0.375118	1.000000	0.573864	0.490814	0.563193	0.482119	0.093545	0.523592	0.523031	0.592902	0.561525	0.316456	0.059145	0.642697	0.608939	0.477245	0.167084	0.389105	0.575592	0.515775	0.588000	0.571429	0.648889	0.625268	0.570922	0.570435	0.244648	0.018317	0.179856	0.586716	0.583510	0.402848	0.541213	0.426087	0.530201	0.519663	0.563510	0.341880	0.301432	0.587771	0.536184	0.550091	0.583480	0.432234	0.509338	0.163265	0.363967	0.562181	0.591966	0.315956	0.520270	0.604423	0.180343	0.563050	0.488189	0.595745	0.493404	0.591422	0.464115	0.592902	0.602740	0.288392	0.558923	0.581633	0.572748	0.514368	0.073638	0.571429	0.106073	0.100402	0.565757	0.571890	0.483574	0.533333	0.591160	0.547135	0.491503	0.540299	0.473358	0.458284	0.563786	0.591346	0.308880	0.600897	0.512195	0.518950	0.506089	0.583554	0.604478	0.073233	0.567766	0.397206	0.434881	0.539683	0.506438	0.422319	0.534722	0.600000	0.380228	0.527439	0.170867	0.527571	0.415135	0.311042	0.586667	0.516595	0.439863	0.607803	0.466586	0.535117	0.198118	0.548571	0.580087	0.569659	0.574074	0.167434	0.577617	0.605150	0.517350	0.525000	0.327869	0.497312	0.259740	0.448513	0.518293	0.513158	0.372439	0.516575	0.530159	0.533951	0.439863	0.308166	0.624309	0.136147	0.456547	0.451025	0.593156	0.475432	0.138122	0.545994	0.653938	0.124611	0.585009	0.464789	0.562189	0.545757	0.187266	0.078973	0.054802	0.202429	0.512748	0.592965	0.562500	0.472376	0.439189	0.576369	0.529801	0.481732	0.579055	0.572668	0.535127	0.579151	0.311526	0.576497	0.555366	0.404669	0.537879	0.080096	0.543372	0.616867	0.517088	0.598540	0.444965	0.415695	0.260586	0.608273	0.578089	0.318979	0.583732	0.368324	0.400810	0.582278	0.599265	0.392118	0.464419	0.066423	0.596950	0.420610	0.487943	0.113928	0.220264	0.560976	0.036556	0.557047	0.594901	0.607595	0.519520	0.202020	0.446512	0.243754	0.540541	0.012590	0.514729	0.562874	0.605000	0.608889	0.532258	0.564315	0.390963	0.227015	0.568528	0.341297	0.550622	0.417749	0.519280	0.570502	0.178731	0.459172	0.174140	0.356506	0.587084	0.576190	0.532446	0.526012	0.584493	0.578616	0.561290	0.526929	0.640000	0.315706	0.606205	0.548780	0.363636	0.574163	0.593220	0.575851	0.088810	0.362647	0.551320	0.594714	0.634845	0.420829	0.566038	0.329489	0.196850	0.605210	0.621053	0.610989	0.124185	0.580822	0.564841	0.619048	0.545145	0.372787	0.503420	0.495021	0.362319	0.459827	0.540434	0.409417	0.501355	0.586146	0.557576	0.535168	0.307929	0.485294	0.536313	0.599190	0.549223	0.485095	
0.531317	0.461059	0.358173	0.491979	0.612360	0.370732	0.298332	0.016968	0.467409	0.542240	0.545073	0.278643	0.561331	0.530214	0.489256	0.522634	0.385109	0.583333	0.556745	0.457870	0.185706	0.204576	0.454106	0.558952	0.524000	0.068484	0.303393	0.593824	0.584383	0.157025	0.597938	0.571429	0.545842	0.543379	0.212587	0.549889	0.471519	0.196891	0.605187	0.499076	0.412483	0.315680	0.231884	0.134632	0.542797	0.616246	0.222060	0.116520	0.433628	0.115589	0.535865	0.458805	0.142455	0.522727	0.610256	0.392208	0.574118	0.617886	0.593674	0.524590	0.143261	0.597101	0.388674	0.618280	0.331516	0.195876	0.555556	0.490501	0.595960	0.361045	0.544379	0.543611	0.154315	0.446108	0.545106	0.008783	0.573494	0.315353	0.153226	0.432511	0.590164	0.487179	0.594164	0.276113	0.568330	0.317328	0.478417	0.514178	0.584362	0.306452	0.044283	0.575281	0.409769	0.581152	0.331155	0.412256	0.066073	0.630728	0.385109	0.510978	0.493870	0.582210	0.490630	0.021822	0.345143	0.582278	0.382763	0.051222	0.185706	0.520076	0.589928	0.435171	0.583851	0.623529	0.438316	0.298332	0.049001	0.498221	0.217298	0.215756	0.120063	0.175520	0.531120	0.359763	0.021010	0.144831	0.513619	0.317328	0.527103	0.581152	0.143261	0.219653	0.594286	0.490368	0.439239	0.510040	0.093223	0.464516	0.626198	0.338154	0.357647	0.453543	0.461285	0.443760	0.407609	0.300099	0.347032	0.389175	0.565217	0.497041	0.468439	0.191919	0.524528	0.597101	0.220450	0.111683	0.483108	0.604106	0.347032	0.542797	0.113264	0.262295	0.566667	0.251032	0.262748	0.521905	0.542601	0.289248	0.435435	0.469649	0.238994	0.287879	0.450617	0.369380	0.234206	0.099055	0.569343	0.476974	0.462810	0.273874	0.230303	0.310521	0.107916	0.351039	0.207367	0.423358	0.452096	0.375940	0.433286	0.412342	0.612121	0.089359	0.309572	0.483705	0.276113	0.461290	0.369830	0.325482	0.406548	0.420904	0.173022	0.540650	0.408163	0.500000	0.528958	0.130081	0.594595	0.464580	0.504708	0.168795	0.564551	0.547264	0.336283	0.532258	0.575406	0.256540	0.481178	0.068391	0.256974	0.524194	0.590406	0.576052	0.544715	0.138497	0.548673	0.297456	0.207367	0.488055	0.334448	0.530693	0.592308	0.485950	0.500000	0.532544	0.537815	0.093481	0.459843	0.499115	0.492360	0.258503	0.587927	0.316997	0.300099	0.573864	1.000000	0.414566	0.585608	0.413013	0.071902	0.469622	0.457600	0.580046	0.525520	0.250000	0.045272	0.599496	0.593548	0.389542	0.129582	0.310204	0.522954	0.443465	0.553097	0.546318	0.572139	0.568019	0.527132	0.478178	0.191556	0.013951	0.139706	0.534413	0.550588	0.325134	0.470588	0.348624	0.568000	0.445783	0.592208	0.270945	0.237686	0.579521	0.507143	0.558882	0.518234	0.480000	0.506470	0.126561	0.289248	0.519481	0.569412	0.249589	0.580645	0.607242	0.140092	0.614334	0.425770	0.520256	0.425352	0.567089	0.383249	0.561485	0.579487	0.227035	0.512821	0.610465	0.602597	0.453704	0.056464	0.546318	0.081655	0.077236	0.597183	0.493870	0.420757	0.471014	0.598726	0.503043	0.415621	0.472669	0.400527	0.378580	0.557078	0.603261	0.243785	0.603015	0.437681	0.457680	0.434153	0.595745	0.557377	0.056151	0.530120	0.318658	0.364072	0.481100	0.454685	0.351039	0.575000	0.622517	0.302789	0.460526	0.132577	0.471910	0.344356	0.245557	0.524109	0.458915	0.368485	0.578588	0.392258	0.490909	0.154236	0.582781	0.560386	0.610909	0.578125	0.129859	0.513834	0.588517	0.488055	0.476351	0.259386	0.419540	0.203753	0.368039	0.473684	0.585938	0.296296	0.443787	0.481100	0.466667	0.366061	0.243200	0.649682	0.105190	0.373006	0.366265	0.564854	0.411348	0.106742	0.463259	0.619946	0.096142	0.541082	0.378109	0.621469	0.488246	0.145594	0.060594	0.041925	0.157676	0.446809	0.645714	0.507576	0.417160	0.361905	0.622074	0.582677	0.419682	0.560364	0.585956	0.470209	0.536170	0.245955	0.575682	0.497217	0.516746	0.504167	0.061464	0.507993	0.572207	0.448000	0.532000	0.377171	0.339665	0.204438	0.600551	0.619423	0.252073	0.545946	0.292871	0.323404	0.639769	0.520161	0.314374	0.398406	0.050887	0.608273	0.336656	0.441400	0.087785	0.171946	0.505703	0.027905	0.521898	0.629508	0.593660	0.475728	0.157350	0.374384	0.190835	0.553191	0.009583	0.485762	0.556291	0.585227	0.606965	0.472028	0.562212	0.313402	0.177363	0.606936	0.270463	0.528155	0.344749	0.586510	0.506151	0.138813	0.381430	0.135171	0.283054	0.561555	0.575269	0.509946	0.563758	0.567033	0.578089	0.486014	0.463224	0.579545	0.249385	0.592992	0.550000	0.288973	0.600000	0.561321	0.596364	0.068223	0.288152	0.600683	0.571429	0.592992	0.340426	0.506803	0.260720	0.153226	0.545455	0.650602	0.565111	0.095808	0.611987	0.608696	0.612121	0.504638	0.296585	0.430454	0.433588	0.287879	0.394218	0.562092	0.327234	0.426087	0.528155	0.581655	0.462046	0.243006	0.526786	0.567742	0.565022	0.500942	0.431884	
0.581901	0.644487	0.607085	0.619979	0.498695	0.637398	0.606018	0.061334	0.635226	0.600653	0.586246	0.606262	0.594837	0.593716	0.630542	0.602679	0.637511	0.523929	0.586089	0.633301	0.513923	0.539030	0.634336	0.582949	0.606593	0.231800	0.616147	0.553550	0.547708	0.459506	0.393723	0.549020	0.584755	0.577830	0.547826	0.569106	0.648752	0.538383	0.480845	0.576236	0.645161	0.585579	0.576409	0.415292	0.600675	0.498044	0.556492	0.367671	0.630515	0.368421	0.592760	0.635569	0.431604	0.597015	0.532500	0.622034	0.553293	0.508344	0.545676	0.613139	0.428910	0.492715	0.641955	0.514066	0.629992	0.532110	0.532995	0.628918	0.531017	0.638978	0.610687	0.622370	0.456303	0.636364	0.612245	0.032093	0.560000	0.615721	0.458647	0.651501	0.559140	0.629707	0.513342	0.586367	0.594719	0.590643	0.623188	0.615548	0.278714	0.600571	0.154502	0.575439	0.641674	0.515152	0.623494	0.645390	0.224307	0.522407	0.637511	0.594951	0.609582	0.530090	0.639920	0.078377	0.631907	0.262751	0.622185	0.177147	0.497313	0.606645	0.366279	0.643848	0.456284	0.477333	0.626024	0.622813	0.169943	0.627572	0.550580	0.544255	0.381373	0.496732	0.273425	0.640637	0.075543	0.432842	0.610390	0.616959	0.605291	0.512626	0.439179	0.562988	0.494737	0.638124	0.611162	0.605727	0.306184	0.636893	0.439834	0.640183	0.653968	0.646890	0.641101	0.647781	0.636998	0.609979	0.628305	0.645868	0.243750	0.623773	0.606719	0.513541	0.606383	0.487417	0.534377	0.358876	0.616766	0.482024	0.623639	0.584927	0.363284	0.585086	0.270769	0.579889	0.592214	0.609626	0.572430	0.613279	0.650558	0.615830	0.571938	0.613915	0.633270	0.640714	0.557377	0.323081	0.552984	0.612967	0.644335	0.573684	0.563006	0.613391	0.348311	0.631661	0.519190	0.646575	0.645640	0.634106	0.641373	0.601959	0.470270	0.294858	0.622126	0.626385	0.599603	0.634951	0.633117	0.629464	0.645669	0.649374	0.494693	0.585366	0.635808	0.625793	0.616379	0.406989	0.555692	0.635202	0.622742	0.484848	0.581315	0.556650	0.625571	0.291793	0.577883	0.590596	0.646425	0.231514	0.590082	0.598234	0.349486	0.431154	0.587583	0.423033	0.570766	0.610335	0.533049	0.626506	0.624331	0.609836	0.322388	0.622660	0.249221	0.641221	0.589165	0.306936	0.654545	0.609231	0.644645	0.582598	0.530973	0.620891	0.611384	0.490814	0.414566	1.000000	0.553506	0.646374	0.242346	0.641806	0.635749	0.570749	0.628328	0.589176	0.157754	0.547708	0.436111	0.619574	0.405660	0.607194	0.621295	0.648946	0.577726	0.572804	0.544335	0.540410	0.606911	0.610459	0.520781	0.050631	0.429234	0.597345	0.562874	0.608178	0.644776	0.636505	0.296970	0.646182	0.530818	0.600522	0.571936	0.596087	0.618557	0.603732	0.614393	0.229921	0.633018	0.399716	0.611910	0.613277	0.574850	0.576167	0.291793	0.512354	0.426357	0.401138	0.626335	0.564278	0.641071	0.541615	0.641068	0.561237	0.545000	0.550029	0.621339	0.485411	0.533333	0.620038	0.193994	0.572804	0.271957	0.258629	0.507190	0.619776	0.648264	0.623701	0.441989	0.609081	0.617569	0.625969	0.662104	0.636439	0.580189	0.514139	0.579360	0.551980	0.625455	0.631679	0.653951	0.465494	0.605791	0.192995	0.579295	0.627566	0.657028	0.639113	0.655985	0.628527	0.270769	0.412921	0.616690	0.620825	0.413615	0.619555	0.590521	0.583738	0.604284	0.648341	0.634818	0.555948	0.636287	0.622917	0.457791	0.415730	0.570388	0.359124	0.536524	0.406398	0.624454	0.562802	0.628514	0.626747	0.594185	0.638336	0.508938	0.644013	0.628684	0.312312	0.605850	0.640884	0.618952	0.655446	0.631579	0.573494	0.441989	0.340606	0.648163	0.648387	0.590090	0.636771	0.344997	0.646718	0.507042	0.314670	0.609461	0.642504	0.494764	0.629283	0.442754	0.207113	0.146717	0.465355	0.634831	0.494737	0.624733	0.642726	0.638400	0.409027	0.307229	0.648501	0.560660	0.556501	0.624636	0.600000	0.585662	0.553506	0.638567	0.184168	0.597753	0.209858	0.633094	0.509653	0.643478	0.589011	0.634868	0.637548	0.530311	0.509702	0.515803	0.591584	0.515385	0.616022	0.634074	0.478203	0.596026	0.636166	0.636285	0.176065	0.550548	0.647372	0.644799	0.290214	0.489440	0.602564	0.099434	0.615866	0.419580	0.491413	0.628405	0.463706	0.639935	0.519221	0.613636	0.034979	0.649454	0.572422	0.488189	0.539409	0.639511	0.552133	0.602899	0.503766	0.478836	0.608866	0.620541	0.629860	0.476698	0.629213	0.430000	0.608119	0.420459	0.591644	0.591065	0.519182	0.637591	0.409605	0.575723	0.574493	0.629328	0.632984	0.485564	0.579497	0.514725	0.371014	0.615595	0.517949	0.563549	0.359124	0.230991	0.602048	0.398293	0.556373	0.514725	0.638526	0.623246	0.588832	0.456140	0.583043	0.463612	0.543452	0.313704	0.445667	0.414669	0.462162	0.625922	0.616028	0.644099	0.634742	0.604366	0.645602	0.586881	0.639283	0.649091	0.620541	0.581097	0.639764	0.585190	0.227129	0.436111	0.588785	0.624867	0.645455	
0.619217	0.582996	0.476907	0.596970	0.624176	0.502720	0.438283	0.027866	0.590659	0.625000	0.628472	0.416807	0.620690	0.607843	0.602273	0.629060	0.526196	0.637681	0.650177	0.565934	0.289171	0.316719	0.552778	0.639138	0.590985	0.110621	0.452316	0.592308	0.608871	0.246683	0.528205	0.645545	0.637324	0.651769	0.328319	0.596364	0.585499	0.305539	0.582960	0.565625	0.543062	0.440678	0.356028	0.212983	0.615917	0.609649	0.341962	0.185377	0.558559	0.183950	0.631763	0.590529	0.224810	0.606061	0.629857	0.520138	0.606870	0.645299	0.607843	0.592593	0.226024	0.617117	0.531963	0.615711	0.474409	0.304058	0.654088	0.587021	0.642424	0.505845	0.620462	0.628378	0.242629	0.571056	0.603226	0.014462	0.642023	0.459078	0.240999	0.563452	0.619772	0.589147	0.626050	0.413333	0.642857	0.433302	0.604580	0.605096	0.497076	0.443630	0.072085	0.632353	0.535885	0.627859	0.470010	0.553244	0.106809	0.621277	0.514806	0.620000	0.594030	0.621277	0.583090	0.035780	0.486653	0.464286	0.502252	0.083195	0.289171	0.607717	0.562334	0.566234	0.617577	0.601367	0.550761	0.440072	0.079645	0.593041	0.335113	0.332891	0.190802	0.274167	0.494118	0.491525	0.034459	0.228389	0.616639	0.461684	0.615142	0.590437	0.226024	0.338503	0.619154	0.602985	0.526854	0.606365	0.149405	0.573018	0.597087	0.482966	0.499473	0.594005	0.589235	0.582888	0.543713	0.435252	0.494359	0.530286	0.443769	0.603960	0.562054	0.298277	0.607313	0.594595	0.338295	0.177951	0.564399	0.600000	0.484103	0.629758	0.180381	0.399046	0.477876	0.383206	0.398089	0.592949	0.631193	0.426087	0.569935	0.546207	0.366156	0.425974	0.586345	0.498915	0.359341	0.158460	0.592157	0.565771	0.576705	0.406948	0.353770	0.454545	0.172154	0.497409	0.320767	0.566327	0.578879	0.526198	0.552764	0.517241	0.610723	0.143388	0.447734	0.595308	0.415000	0.570236	0.505972	0.464666	0.538462	0.555143	0.270474	0.612521	0.539568	0.620472	0.612642	0.206076	0.644269	0.592068	0.603175	0.264211	0.615108	0.630739	0.482552	0.507205	0.649057	0.390966	0.580282	0.110475	0.391576	0.625210	0.545946	0.593137	0.588832	0.218832	0.584392	0.437110	0.320767	0.578102	0.473896	0.625828	0.540390	0.571023	0.459215	0.640264	0.605217	0.149806	0.585831	0.569277	0.610465	0.390588	0.600000	0.459357	0.444245	0.563193	0.585608	0.553506	1.000000	0.545906	0.116016	0.593220	0.599448	0.630189	0.614650	0.380228	0.073672	0.637097	0.591687	0.490741	0.205317	0.448563	0.640000	0.558974	0.606171	0.630769	0.638723	0.602317	0.617886	0.603834	0.297746	0.022934	0.220659	0.600337	0.622137	0.458414	0.596542	0.488157	0.498567	0.574050	0.640496	0.406224	0.364296	0.637993	0.616085	0.613333	0.606452	0.432099	0.637500	0.200720	0.429565	0.608150	0.641221	0.381169	0.507205	0.624454	0.221243	0.576531	0.538745	0.584507	0.543881	0.631579	0.514092	0.626415	0.642127	0.349096	0.620155	0.618510	0.636364	0.567604	0.091556	0.630769	0.131345	0.124411	0.603524	0.585075	0.541872	0.599078	0.605327	0.618243	0.531863	0.571429	0.524476	0.514412	0.629423	0.642398	0.372957	0.635815	0.527250	0.569878	0.567089	0.621495	0.603066	0.091058	0.592965	0.461538	0.494647	0.590308	0.578667	0.499482	0.477876	0.558603	0.446056	0.571429	0.209866	0.578947	0.456967	0.375467	0.618056	0.583333	0.504329	0.598513	0.528604	0.585516	0.242512	0.583541	0.604288	0.561497	0.637681	0.205738	0.601653	0.618956	0.578102	0.599132	0.393391	0.566038	0.315525	0.510270	0.585573	0.507042	0.435556	0.565161	0.584435	0.589413	0.508658	0.372128	0.581114	0.167949	0.516411	0.503767	0.620451	0.544776	0.170343	0.582069	0.582979	0.153941	0.632107	0.500554	0.626932	0.595092	0.229538	0.098124	0.068299	0.247657	0.562748	0.623608	0.618820	0.557419	0.502662	0.597990	0.509915	0.546835	0.631970	0.644531	0.575000	0.639719	0.376030	0.633466	0.598746	0.363636	0.621762	0.099504	0.610272	0.622318	0.569061	0.587646	0.517127	0.478873	0.316520	0.636364	0.616667	0.383142	0.631130	0.436236	0.473532	0.582960	0.588235	0.461538	0.539906	0.082661	0.639216	0.487026	0.571429	0.140932	0.268881	0.592000	0.045665	0.602782	0.564356	0.627803	0.588563	0.247169	0.518112	0.296690	0.657293	0.015775	0.591954	0.634058	0.563193	0.626747	0.602086	0.615385	0.458372	0.276889	0.620225	0.408831	0.625407	0.480000	0.645455	0.607784	0.219310	0.488839	0.213799	0.421142	0.615658	0.645435	0.598160	0.574307	0.592058	0.640152	0.587183	0.558266	0.585366	0.380880	0.634043	0.538259	0.430930	0.631130	0.634799	0.529412	0.110209	0.426343	0.581633	0.617822	0.604255	0.489919	0.585153	0.395257	0.240999	0.610909	0.598608	0.620553	0.153423	0.615385	0.603015	0.610723	0.614420	0.443060	0.552430	0.567639	0.424242	0.527907	0.648746	0.474708	0.562738	0.605863	0.641026	0.578723	0.371852	0.427245	0.601467	0.634862	0.603175	0.575412	
0.565820	0.641148	0.602429	0.630705	0.498024	0.619787	0.611814	0.060593	0.647287	0.611842	0.606818	0.601071	0.590498	0.596070	0.626984	0.593926	0.656514	0.520966	0.586207	0.618217	0.500000	0.532557	0.615234	0.583043	0.604651	0.229244	0.614947	0.548544	0.540000	0.458316	0.391931	0.546354	0.594037	0.575505	0.541189	0.557377	0.637681	0.527992	0.472000	0.578390	0.631579	0.582723	0.569428	0.412627	0.585034	0.492105	0.550790	0.362550	0.640148	0.365974	0.608894	0.651663	0.429641	0.603652	0.539723	0.627451	0.528986	0.502591	0.542998	0.617647	0.424554	0.491979	0.645763	0.518710	0.628788	0.526854	0.527529	0.621181	0.545682	0.629719	0.610989	0.607143	0.454277	0.657330	0.603896	0.031700	0.567237	0.615947	0.454127	0.637363	0.554217	0.628030	0.517949	0.579787	0.590278	0.593681	0.625652	0.613734	0.281734	0.610753	0.152724	0.568396	0.654386	0.524841	0.617714	0.638715	0.221823	0.509044	0.649746	0.601770	0.622177	0.521964	0.630303	0.077438	0.622848	0.265625	0.614094	0.175134	0.491176	0.604752	0.370044	0.638734	0.455172	0.471063	0.622711	0.609001	0.168004	0.625907	0.544950	0.535320	0.378194	0.494614	0.276398	0.633013	0.074637	0.429257	0.619411	0.620132	0.618337	0.507006	0.435644	0.556240	0.496680	0.626283	0.611418	0.617092	0.302948	0.645161	0.438547	0.634409	0.636872	0.645472	0.661386	0.644487	0.632133	0.600282	0.619234	0.639525	0.246445	0.617582	0.616915	0.515350	0.595927	0.491979	0.537598	0.355200	0.625126	0.483871	0.633307	0.600907	0.359572	0.582586	0.273717	0.573730	0.593590	0.590517	0.593640	0.609354	0.647334	0.633625	0.575522	0.608636	0.662226	0.639478	0.560847	0.319700	0.542998	0.613254	0.638889	0.572373	0.567615	0.603473	0.344720	0.631994	0.514714	0.652574	0.644258	0.641132	0.629091	0.593190	0.472033	0.291721	0.636823	0.618661	0.589096	0.631476	0.628571	0.623785	0.649648	0.639064	0.486111	0.610056	0.637961	0.628328	0.629750	0.404380	0.553086	0.629703	0.612420	0.484574	0.588372	0.551553	0.631982	0.294931	0.568345	0.584383	0.635108	0.228960	0.596469	0.602892	0.353116	0.429775	0.578771	0.420323	0.573099	0.611930	0.531835	0.616785	0.624615	0.599119	0.325792	0.615079	0.251969	0.608791	0.580205	0.303694	0.637765	0.603306	0.641129	0.585180	0.515306	0.622614	0.611582	0.482119	0.413013	0.646374	0.545906	1.000000	0.239689	0.638340	0.636187	0.561151	0.615880	0.583076	0.155943	0.532500	0.431978	0.609589	0.400873	0.600145	0.606195	0.642066	0.589474	0.575243	0.539130	0.549878	0.600653	0.610753	0.515578	0.050016	0.424971	0.590858	0.567633	0.587444	0.629259	0.630588	0.300153	0.657919	0.543147	0.599344	0.571938	0.582367	0.631360	0.586283	0.593074	0.232484	0.627119	0.395009	0.606602	0.615711	0.572464	0.577421	0.294931	0.496063	0.423630	0.402299	0.623098	0.580275	0.639712	0.531328	0.648195	0.568345	0.532156	0.551091	0.619600	0.492637	0.538071	0.622265	0.191809	0.575243	0.269026	0.255819	0.506596	0.597536	0.630824	0.634555	0.443515	0.595982	0.621429	0.634146	0.643718	0.626866	0.568371	0.516213	0.583030	0.549313	0.618481	0.618636	0.647166	0.464481	0.599327	0.190820	0.583796	0.604274	0.630048	0.637563	0.667932	0.630418	0.273717	0.419858	0.622601	0.636993	0.409496	0.631579	0.581250	0.585009	0.593182	0.646947	0.625407	0.546318	0.641766	0.640084	0.450716	0.417021	0.553244	0.359882	0.536213	0.403061	0.607261	0.545676	0.626896	0.635176	0.598095	0.633303	0.500264	0.636290	0.629080	0.315630	0.611617	0.652456	0.633503	0.636092	0.631922	0.566243	0.435146	0.337079	0.642036	0.629359	0.585698	0.646209	0.341433	0.647230	0.514212	0.311360	0.605322	0.619718	0.499339	0.617155	0.437575	0.204797	0.145022	0.459030	0.631480	0.499336	0.622986	0.641335	0.645213	0.407407	0.310502	0.636197	0.584323	0.558824	0.615234	0.588774	0.583282	0.535980	0.622081	0.186275	0.600227	0.207515	0.623188	0.516883	0.630350	0.582503	0.646816	0.624037	0.534392	0.501305	0.525510	0.590429	0.514877	0.620402	0.640357	0.477333	0.591769	0.627737	0.643599	0.174063	0.545455	0.632466	0.652830	0.287118	0.491939	0.602799	0.098256	0.599369	0.420904	0.482667	0.644466	0.462527	0.646914	0.520040	0.597938	0.034550	0.632000	0.579439	0.471523	0.544099	0.644103	0.551971	0.594319	0.499764	0.483311	0.605108	0.618736	0.631744	0.486559	0.641975	0.424219	0.605000	0.416290	0.597156	0.595843	0.526452	0.631799	0.410842	0.566434	0.574519	0.631795	0.641075	0.484768	0.577065	0.524548	0.374817	0.615808	0.514877	0.565901	0.359882	0.228442	0.591221	0.405172	0.543881	0.516796	0.640432	0.607467	0.588910	0.453289	0.564403	0.454422	0.558025	0.310403	0.441667	0.404558	0.474761	0.619958	0.612045	0.633517	0.640832	0.592186	0.642612	0.605568	0.635135	0.649588	0.610022	0.571765	0.646184	0.585248	0.229665	0.434783	0.584217	0.616702	0.644099	
0.141783	0.214630	0.285955	0.182386	0.095327	0.281619	0.350799	0.373168	0.209532	0.161065	0.147694	0.372881	0.149376	0.162723	0.200044	0.151474	0.266638	0.107707	0.143475	0.209532	0.494875	0.467652	0.206381	0.139662	0.157324	0.606959	0.345108	0.123820	0.113400	0.531058	0.065955	0.117321	0.144321	0.131133	0.460590	0.136686	0.210711	0.479883	0.091314	0.174244	0.251019	0.331901	0.430564	0.554513	0.148535	0.095772	0.442471	0.577683	0.228596	0.596887	0.146430	0.205591	0.558270	0.168913	0.110338	0.263315	0.125546	0.101095	0.119493	0.177510	0.538207	0.090419	0.265901	0.102421	0.316050	0.481373	0.105067	0.189651	0.112963	0.289551	0.160235	0.154403	0.536478	0.224739	0.166029	0.211537	0.121226	0.332242	0.541977	0.232820	0.126408	0.176286	0.104627	0.374129	0.140935	0.330193	0.180357	0.169324	0.043677	0.341741	0.601909	0.134127	0.251019	0.106828	0.316398	0.243860	0.655718	0.101979	0.266638	0.157740	0.186429	0.101979	0.192862	0.445701	0.301313	0.040856	0.270316	0.612841	0.481568	0.166854	0.059971	0.225898	0.080075	0.088180	0.232820	0.350394	0.629542	0.182791	0.451625	0.449653	0.588910	0.505304	0.042737	0.290627	0.433426	0.538602	0.163137	0.330193	0.171787	0.106828	0.551439	0.447249	0.092653	0.186429	0.230519	0.156490	0.627697	0.205986	0.075997	0.309766	0.292417	0.211889	0.200839	0.217363	0.250644	0.348390	0.301667	0.265532	0.037554	0.160235	0.198851	0.479666	0.169735	0.090419	0.449557	0.606380	0.194863	0.088628	0.301667	0.148535	0.600787	0.391501	0.042267	0.404674	0.391655	0.167678	0.134554	0.361407	0.223965	0.208352	0.421478	0.362249	0.216973	0.282705	0.423592	0.591449	0.119493	0.201236	0.200044	0.376639	0.431732	0.337344	0.580329	0.298121	0.453061	0.231287	0.224739	0.273613	0.235880	0.241967	0.083686	0.627901	0.338361	0.191258	0.376517	0.205986	0.282343	0.321943	0.249517	0.240069	0.504489	0.153986	0.250268	0.172197	0.164791	0.582016	0.117756	0.200839	0.170146	0.520873	0.139238	0.115580	0.311516	0.046021	0.128129	0.398121	0.202426	0.627554	0.399843	0.155656	0.056734	0.074179	0.153986	0.552378	0.137112	0.351395	0.464564	0.192461	0.309065	0.159404	0.051625	0.200044	0.038499	0.160235	0.147273	0.615942	0.211889	0.184005	0.193663	0.395686	0.106388	0.330535	0.348795	0.093545	0.071902	0.242346	0.116016	0.239689	1.000000	0.201632	0.207958	0.128129	0.169324	0.408949	0.604568	0.113400	0.074634	0.261463	0.566826	0.337684	0.157740	0.229750	0.137112	0.123820	0.115580	0.122956	0.163964	0.168501	0.482308	0.317026	0.556393	0.154821	0.125546	0.322289	0.196061	0.300250	0.046957	0.223191	0.108146	0.382878	0.420911	0.140087	0.181980	0.157740	0.166029	0.035189	0.174244	0.584888	0.361407	0.173426	0.125546	0.407235	0.046021	0.096661	0.552018	0.066872	0.242346	0.144321	0.240829	0.112526	0.269949	0.128129	0.110338	0.438533	0.176286	0.089972	0.108146	0.216973	0.639235	0.123820	0.597620	0.622392	0.094882	0.186429	0.241967	0.178731	0.076451	0.154403	0.243482	0.206775	0.259236	0.275439	0.131133	0.100652	0.412686	0.113836	0.233203	0.213064	0.233586	0.083235	0.152312	0.630542	0.156490	0.328823	0.287035	0.190857	0.218142	0.298121	0.042267	0.070989	0.345779	0.201236	0.567476	0.207170	0.302020	0.411081	0.147694	0.215802	0.283428	0.131561	0.265163	0.177917	0.527566	0.070989	0.120793	0.058585	0.107707	0.571748	0.159819	0.122524	0.192461	0.194863	0.396389	0.235498	0.465657	0.283789	0.201236	0.049761	0.353131	0.227826	0.190857	0.198055	0.283428	0.413220	0.076451	0.607279	0.279806	0.285233	0.148114	0.238928	0.586237	0.208352	0.101979	0.615298	0.156907	0.275804	0.094437	0.179138	0.549900	0.616710	0.596152	0.529733	0.220864	0.092653	0.168913	0.227826	0.288833	0.069619	0.048827	0.233586	0.131561	0.120360	0.206381	0.144743	0.413953	0.116016	0.173426	0.027583	0.148955	0.641263	0.183196	0.100210	0.207958	0.157324	0.276533	0.308363	0.464979	0.098437	0.106388	0.406238	0.101537	0.356711	0.324013	0.091314	0.155656	0.333265	0.257002	0.614872	0.119493	0.311166	0.220476	0.625423	0.515460	0.168090	0.511270	0.177102	0.072358	0.091314	0.205196	0.530738	0.278716	0.479246	0.144743	0.228680	0.196859	0.137537	0.093545	0.115580	0.186833	0.129417	0.334287	0.508336	0.090867	0.382726	0.163550	0.301667	0.088628	0.185622	0.561335	0.273247	0.567633	0.366547	0.141783	0.102421	0.179138	0.069162	0.138388	0.127269	0.186833	0.213456	0.093545	0.409100	0.101979	0.060894	0.361334	0.101537	0.125115	0.058585	0.642959	0.362322	0.066872	0.117321	0.101979	0.307660	0.193262	0.393713	0.540961	0.136686	0.084586	0.117756	0.599690	0.077812	0.069619	0.083686	0.173426	0.352394	0.230519	0.219699	0.362651	0.259979	0.140087	0.320214	0.233203	0.163550	0.134981	0.200442	0.415072	0.034716	0.074634	0.134554	0.170146	0.233203	
0.591146	0.652587	0.585752	0.642032	0.538578	0.615111	0.580060	0.050162	0.631692	0.626536	0.621483	0.565903	0.628499	0.633252	0.635165	0.632111	0.627306	0.571843	0.619171	0.635974	0.460350	0.487996	0.632829	0.621232	0.623602	0.192664	0.587605	0.567493	0.575499	0.403391	0.453020	0.593530	0.614987	0.632571	0.501441	0.582011	0.638207	0.483505	0.515337	0.572104	0.633397	0.548896	0.527228	0.356613	0.604592	0.537764	0.517324	0.313658	0.638861	0.311414	0.626444	0.660173	0.374744	0.621849	0.581295	0.600930	0.578082	0.554896	0.586592	0.632319	0.374948	0.550769	0.637708	0.567208	0.602291	0.477114	0.576867	0.622172	0.576320	0.612031	0.630542	0.654135	0.400000	0.641316	0.622276	0.026176	0.588889	0.572104	0.399301	0.631791	0.592896	0.643948	0.554252	0.546230	0.621410	0.555819	0.645761	0.628297	0.332117	0.565921	0.127476	0.594667	0.618042	0.556041	0.600164	0.637341	0.186302	0.559172	0.634686	0.610422	0.618721	0.559172	0.643498	0.064203	0.611864	0.313653	0.599634	0.146474	0.449022	0.613527	0.428816	0.641393	0.507177	0.517829	0.627767	0.581571	0.140421	0.638985	0.501174	0.497083	0.322171	0.442808	0.326007	0.624348	0.061865	0.373544	0.622711	0.593824	0.623810	0.535662	0.376597	0.516282	0.552672	0.648402	0.591093	0.627646	0.256310	0.642162	0.488673	0.609635	0.625108	0.648936	0.646930	0.656184	0.632085	0.569044	0.606266	0.636448	0.291589	0.640394	0.601985	0.466914	0.615569	0.529231	0.492874	0.301949	0.619844	0.535604	0.602879	0.619898	0.305788	0.539617	0.322936	0.535620	0.562244	0.609639	0.607190	0.576696	0.648816	0.607948	0.533925	0.570169	0.654774	0.613475	0.512789	0.270895	0.583799	0.617744	0.650549	0.530035	0.524308	0.582555	0.292761	0.611443	0.464145	0.656566	0.639260	0.629193	0.638723	0.573674	0.529134	0.246561	0.590521	0.630631	0.561878	0.648649	0.624667	0.587571	0.641618	0.639684	0.436469	0.614806	0.628846	0.630202	0.643985	0.345950	0.595506	0.644737	0.638756	0.428300	0.606299	0.585573	0.607113	0.347197	0.608696	0.548993	0.652838	0.192421	0.557796	0.624220	0.409722	0.482085	0.587202	0.364800	0.591810	0.580256	0.491248	0.628507	0.597338	0.629630	0.382301	0.628571	0.297952	0.633005	0.604353	0.256958	0.648936	0.597701	0.639821	0.549629	0.562682	0.593354	0.584219	0.523592	0.469622	0.641806	0.593220	0.638340	0.201632	1.000000	0.632258	0.589674	0.628297	0.549638	0.130199	0.575499	0.491057	0.590654	0.344776	0.568093	0.622829	0.643002	0.597094	0.614325	0.577086	0.558011	0.604141	0.632212	0.470402	0.041367	0.368400	0.608260	0.597260	0.577419	0.640000	0.613424	0.353153	0.633643	0.585507	0.564821	0.515152	0.615183	0.640462	0.602978	0.595642	0.275472	0.657210	0.337643	0.575221	0.620853	0.602740	0.529219	0.347197	0.566265	0.367677	0.451505	0.614328	0.583979	0.626601	0.577143	0.631290	0.605978	0.592806	0.508516	0.643948	0.539291	0.576812	0.623295	0.160661	0.614325	0.226912	0.215515	0.557576	0.607306	0.624754	0.634772	0.494346	0.626566	0.608611	0.629989	0.644737	0.611913	0.605653	0.567608	0.529639	0.586060	0.601005	0.617179	0.642570	0.520505	0.622951	0.159818	0.602740	0.595711	0.621053	0.660654	0.669456	0.619983	0.322936	0.461285	0.591291	0.633078	0.351809	0.637931	0.546531	0.535321	0.634271	0.663158	0.623009	0.577957	0.627778	0.640936	0.398067	0.481054	0.598053	0.420690	0.574746	0.345427	0.631319	0.578147	0.639731	0.659978	0.563304	0.641359	0.457429	0.633068	0.641840	0.370766	0.577010	0.638124	0.651635	0.656354	0.623009	0.523473	0.487884	0.286072	0.632143	0.609692	0.610473	0.651485	0.289883	0.638024	0.538462	0.263628	0.631841	0.609558	0.555387	0.643357	0.381947	0.171740	0.120963	0.407524	0.641745	0.537405	0.636255	0.642202	0.611354	0.476821	0.364937	0.622490	0.602151	0.607242	0.619870	0.616774	0.543803	0.584746	0.646919	0.221790	0.642038	0.174062	0.652074	0.562500	0.647312	0.593789	0.626463	0.616667	0.483259	0.544910	0.571429	0.541363	0.554074	0.589724	0.604016	0.515337	0.621723	0.602201	0.627599	0.145565	0.581006	0.615894	0.659044	0.242569	0.438977	0.625752	0.081614	0.607268	0.478689	0.530675	0.624052	0.405901	0.614145	0.469968	0.629677	0.028537	0.649667	0.606860	0.523592	0.582744	0.654504	0.587280	0.569412	0.446756	0.519201	0.568230	0.631707	0.607959	0.529412	0.645309	0.366333	0.589837	0.357870	0.551124	0.627604	0.573117	0.636364	0.470978	0.589474	0.618529	0.629418	0.629237	0.514460	0.538058	0.553254	0.420513	0.576271	0.560000	0.587106	0.417241	0.191976	0.567647	0.461538	0.590717	0.550296	0.624374	0.618141	0.550646	0.398427	0.595238	0.514914	0.578652	0.262795	0.495177	0.473510	0.529134	0.642180	0.581955	0.639676	0.645833	0.573108	0.632270	0.633508	0.609400	0.643216	0.626829	0.611702	0.641054	0.541131	0.272212	0.487805	0.615180	0.657895	0.633166	
0.614796	0.650052	0.579358	0.628118	0.534712	0.602980	0.589552	0.051873	0.658947	0.624096	0.614035	0.569405	0.615960	0.625899	0.632829	0.607187	0.634545	0.570213	0.619289	0.644211	0.470889	0.498063	0.613588	0.603338	0.613886	0.198739	0.598639	0.574124	0.562674	0.412938	0.447712	0.594223	0.627848	0.598155	0.509423	0.603627	0.631689	0.486863	0.529940	0.600928	0.635161	0.562305	0.529412	0.366809	0.620000	0.528024	0.520710	0.322867	0.636637	0.320569	0.628931	0.648936	0.383707	0.612485	0.579466	0.621448	0.581769	0.562319	0.584699	0.627586	0.383135	0.528529	0.628415	0.556999	0.609047	0.482648	0.560801	0.635556	0.577406	0.624248	0.632850	0.626536	0.408555	0.645096	0.624703	0.027080	0.565217	0.582101	0.408677	0.633663	0.598930	0.638985	0.564470	0.545710	0.613811	0.559812	0.622577	0.623529	0.322695	0.571211	0.131645	0.603133	0.637051	0.560455	0.613398	0.660250	0.192198	0.560694	0.612727	0.622871	0.623318	0.557803	0.623348	0.066377	0.602007	0.304659	0.600000	0.151215	0.455567	0.620853	0.417362	0.627016	0.497667	0.523449	0.641584	0.580597	0.144981	0.631937	0.515116	0.515607	0.331581	0.448125	0.316726	0.622642	0.063962	0.387603	0.634731	0.587959	0.623832	0.537696	0.387229	0.514956	0.530551	0.634529	0.617530	0.620269	0.264098	0.633369	0.479495	0.609836	0.611443	0.642259	0.633621	0.649485	0.639546	0.580210	0.613200	0.639927	0.283122	0.608696	0.621885	0.472441	0.620447	0.525526	0.505882	0.310877	0.644031	0.525680	0.616541	0.610000	0.314809	0.544595	0.313725	0.540470	0.560217	0.624113	0.607562	0.574344	0.646403	0.614572	0.522285	0.576616	0.635707	0.629371	0.532427	0.279056	0.571038	0.628633	0.647948	0.545073	0.527727	0.593846	0.301466	0.614996	0.476777	0.648111	0.628918	0.618409	0.632613	0.593810	0.509985	0.254096	0.598619	0.630531	0.559775	0.620616	0.610674	0.594422	0.624288	0.645287	0.447546	0.605166	0.643939	0.634772	0.626937	0.355907	0.590659	0.642241	0.633803	0.439208	0.609254	0.605809	0.607347	0.337434	0.603723	0.548473	0.654506	0.198489	0.566489	0.631579	0.402027	0.479365	0.607626	0.375199	0.600259	0.586746	0.494684	0.613010	0.579639	0.610169	0.371773	0.637149	0.289331	0.628019	0.607277	0.264764	0.642259	0.623025	0.637363	0.547762	0.561254	0.610938	0.581709	0.523031	0.457600	0.635749	0.599448	0.636187	0.207958	0.632258	1.000000	0.590426	0.616471	0.549122	0.134451	0.579387	0.481775	0.609576	0.354706	0.574942	0.649635	0.638723	0.600259	0.590296	0.591978	0.575676	0.616487	0.622642	0.472746	0.042784	0.378855	0.625767	0.592493	0.578025	0.644105	0.601844	0.343257	0.639594	0.560907	0.565489	0.546250	0.612821	0.637911	0.613139	0.617577	0.267399	0.628770	0.347411	0.571429	0.632558	0.611260	0.543210	0.337434	0.561765	0.379767	0.452769	0.612560	0.584810	0.628516	0.583799	0.640216	0.590426	0.576653	0.522892	0.622837	0.538346	0.560907	0.625387	0.165819	0.590296	0.233927	0.222222	0.538462	0.623318	0.624758	0.613975	0.481890	0.611794	0.618497	0.623542	0.614815	0.615658	0.592885	0.560232	0.545918	0.573018	0.609298	0.633994	0.650198	0.513846	0.625464	0.164952	0.610501	0.586667	0.615917	0.644518	0.664609	0.611626	0.313725	0.462279	0.588679	0.615716	0.361897	0.622881	0.560935	0.542656	0.631579	0.641822	0.621291	0.578947	0.635036	0.619977	0.406632	0.468700	0.576871	0.409396	0.590071	0.355372	0.614268	0.592693	0.624035	0.626506	0.557267	0.635202	0.474352	0.619006	0.654467	0.360485	0.564217	0.639920	0.640089	0.631922	0.626527	0.538511	0.478740	0.294612	0.621479	0.615117	0.620776	0.602339	0.298517	0.646251	0.546243	0.271605	0.621951	0.625778	0.545185	0.633867	0.391864	0.177220	0.124934	0.417964	0.629213	0.542474	0.626620	0.619860	0.620155	0.464516	0.354783	0.636364	0.600000	0.602180	0.622081	0.619469	0.545922	0.566298	0.627907	0.215094	0.599251	0.179609	0.644796	0.561047	0.640592	0.616322	0.605146	0.620066	0.495575	0.555556	0.569801	0.548788	0.567294	0.584253	0.616971	0.505988	0.629131	0.594720	0.642458	0.150278	0.584699	0.616013	0.640082	0.250000	0.448061	0.599764	0.084351	0.616801	0.472843	0.535928	0.636848	0.416334	0.834951	0.473354	0.614412	0.029521	0.647059	0.589147	0.528975	0.575380	0.647256	0.590728	0.585593	0.455037	0.539730	0.577163	0.612440	0.609858	0.528701	0.642697	0.376742	0.599284	0.368093	0.547670	0.609694	0.562771	0.633867	0.462036	0.585052	0.594667	0.629339	0.618750	0.546805	0.546753	0.569364	0.422629	0.576839	0.558611	0.625503	0.409396	0.198032	0.561047	0.446254	0.563961	0.560694	0.619440	0.618262	0.546066	0.408677	0.606218	0.517611	0.590659	0.270750	0.498433	0.461290	0.519201	0.651163	0.582467	0.631474	0.635246	0.585330	0.630314	0.615385	0.608000	0.629080	0.622010	0.627604	0.629989	0.544529	0.264220	0.478605	0.604954	0.626761	0.636993	
0.600000	0.598179	0.492179	0.607558	0.612836	0.538543	0.458988	0.030926	0.600529	0.613208	0.625828	0.444992	0.657895	0.618750	0.595628	0.632953	0.538631	0.626223	0.626263	0.582011	0.316327	0.345939	0.604278	0.635897	0.618820	0.122208	0.481842	0.627737	0.660305	0.270480	0.564593	0.649156	0.617450	0.644248	0.358382	0.626298	0.606061	0.333932	0.624473	0.589820	0.567130	0.466055	0.388039	0.233962	0.627063	0.615702	0.371658	0.203947	0.593789	0.202394	0.622296	0.619303	0.246793	0.607634	0.642166	0.546265	0.623188	0.616935	0.639405	0.618343	0.248110	0.601695	0.548673	0.653307	0.509579	0.332341	0.617822	0.620397	0.634799	0.530444	0.640379	0.629032	0.266094	0.591195	0.635802	0.016062	0.619926	0.480293	0.264330	0.578431	0.646209	0.606241	0.611111	0.444625	0.653061	0.460829	0.609078	0.643293	0.470270	0.470063	0.079805	0.639860	0.562500	0.640472	0.505263	0.565680	0.118020	0.630522	0.534216	0.608280	0.610315	0.650602	0.605042	0.039693	0.510978	0.439560	0.539301	0.092049	0.316327	0.624615	0.528395	0.588972	0.596882	0.599572	0.566176	0.464223	0.088138	0.612482	0.365662	0.363281	0.209853	0.300161	0.461957	0.520576	0.038230	0.250674	0.639626	0.486636	0.643505	0.597250	0.248110	0.369292	0.607966	0.601719	0.562963	0.646400	0.164699	0.602410	0.622727	0.512671	0.522006	0.603675	0.607629	0.587629	0.563152	0.468421	0.522433	0.547065	0.425770	0.615142	0.573388	0.326125	0.621005	0.631356	0.369190	0.195858	0.603616	0.632479	0.508475	0.656766	0.198506	0.426128	0.457766	0.414051	0.429907	0.613497	0.631763	0.456706	0.595208	0.586985	0.397427	0.456467	0.585806	0.534737	0.384561	0.174593	0.628253	0.590476	0.595628	0.433306	0.385625	0.477396	0.189538	0.525680	0.349027	0.559113	0.606289	0.529730	0.587379	0.530952	0.630197	0.158118	0.476105	0.611268	0.442997	0.599732	0.522655	0.491989	0.558140	0.574850	0.296178	0.620355	0.563805	0.633484	0.626357	0.226461	0.655431	0.602180	0.613982	0.289419	0.633562	0.627599	0.506305	0.480000	0.648746	0.420732	0.604336	0.122047	0.421374	0.622793	0.537688	0.582569	0.620355	0.240310	0.607945	0.466493	0.350282	0.600281	0.500000	0.639241	0.516796	0.590164	0.423398	0.643533	0.623549	0.165138	0.603675	0.589595	0.628492	0.420568	0.645669	0.489871	0.473684	0.592902	0.580046	0.570749	0.630189	0.561151	0.128129	0.589674	0.590426	1.000000	0.621951	0.412509	0.081555	0.625954	0.581236	0.517937	0.225637	0.478771	0.633758	0.584158	0.642487	0.631387	0.646503	0.619048	0.631415	0.629969	0.325554	0.025460	0.242293	0.621578	0.630435	0.489642	0.592798	0.514515	0.472149	0.594185	0.625000	0.435548	0.395448	0.651877	0.611354	0.624204	0.620370	0.403409	0.616766	0.220641	0.456706	0.615616	0.663043	0.414870	0.469333	0.621399	0.242926	0.542857	0.565993	0.610738	0.568698	0.636015	0.544262	0.630824	0.638298	0.379263	0.618128	0.628450	0.640625	0.588387	0.101252	0.631387	0.144935	0.137337	0.643154	0.607450	0.561905	0.618557	0.603175	0.629032	0.571090	0.606142	0.553047	0.546237	0.651327	0.626263	0.406114	0.632381	0.570379	0.603922	0.586797	0.600877	0.643902	0.100704	0.630400	0.482886	0.536383	0.612130	0.596401	0.515609	0.446866	0.550117	0.472149	0.585034	0.230579	0.592000	0.488048	0.407326	0.649007	0.595855	0.539916	0.604240	0.560976	0.620384	0.265968	0.596737	0.658041	0.547264	0.653620	0.226094	0.635071	0.634862	0.605891	0.606398	0.423403	0.573512	0.344657	0.535152	0.617687	0.496084	0.470078	0.597758	0.612130	0.599725	0.527311	0.402324	0.598639	0.184952	0.541401	0.530825	0.647934	0.574519	0.187563	0.602922	0.626506	0.169656	0.632588	0.530612	0.636175	0.626471	0.251919	0.108476	0.075630	0.271533	0.568153	0.607966	0.622901	0.572852	0.523268	0.596244	0.493438	0.579462	0.639576	0.674074	0.609626	0.619765	0.407924	0.633962	0.621622	0.339286	0.616145	0.109994	0.623188	0.639676	0.587766	0.606061	0.542337	0.506849	0.345725	0.640816	0.657480	0.418605	0.603622	0.468670	0.498594	0.607595	0.629213	0.488117	0.534091	0.091460	0.669145	0.522330	0.589286	0.155432	0.294459	0.597243	0.050631	0.616296	0.578704	0.620253	0.612081	0.271005	0.543131	0.324419	0.623116	0.017519	0.604972	0.641379	0.605428	0.627599	0.618026	0.606061	0.472197	0.303096	0.600423	0.446043	0.632399	0.514457	0.598291	0.640805	0.240829	0.536797	0.234848	0.449625	0.654237	0.649299	0.641176	0.569412	0.632302	0.633094	0.609442	0.605744	0.617954	0.410104	0.626506	0.525799	0.461408	0.631791	0.646098	0.522388	0.121754	0.453469	0.566667	0.649156	0.622490	0.511765	0.598601	0.423821	0.264330	0.633218	0.605664	0.636704	0.169091	0.612613	0.577465	0.595186	0.636637	0.472222	0.577778	0.583120	0.454776	0.558559	0.641638	0.500000	0.570379	0.632399	0.651568	0.613915	0.403483	0.404558	0.576659	0.659686	0.610942	0.582619	
0.622093	0.634371	0.544939	0.638677	0.567986	0.602871	0.535370	0.041563	0.618267	0.621253	0.635328	0.524316	0.637394	0.628726	0.638554	0.641350	0.603586	0.594417	0.630058	0.622951	0.404941	0.433665	0.626478	0.626647	0.648276	0.161664	0.550937	0.622291	0.601286	0.348913	0.484496	0.633914	0.622478	0.633484	0.443505	0.633136	0.634772	0.423968	0.548951	0.603133	0.611227	0.531987	0.475260	0.303665	0.636364	0.580756	0.461731	0.266055	0.626800	0.264098	0.629471	0.635071	0.319627	0.624170	0.611382	0.588945	0.603077	0.595960	0.584906	0.638243	0.321261	0.582456	0.606786	0.582915	0.570928	0.423185	0.583748	0.614428	0.602254	0.592315	0.666667	0.651811	0.343508	0.624860	0.648794	0.021643	0.612500	0.548360	0.341331	0.619256	0.619632	0.627756	0.591362	0.524887	0.635569	0.534235	0.642766	0.631300	0.388889	0.547247	0.106347	0.617910	0.615385	0.599671	0.563430	0.625663	0.156237	0.604027	0.601594	0.630854	0.618090	0.590604	0.640394	0.053264	0.587273	0.363636	0.593688	0.122403	0.399570	0.628342	0.469185	0.647321	0.541133	0.569912	0.619256	0.543408	0.117281	0.617535	0.454433	0.452876	0.273486	0.384262	0.381974	0.586916	0.051313	0.324441	0.622463	0.559594	0.636842	0.560132	0.321261	0.457427	0.584348	0.648241	0.592511	0.627939	0.216294	0.636686	0.539033	0.576512	0.582326	0.623256	0.637019	0.624714	0.613944	0.542811	0.579473	0.599401	0.342857	0.631148	0.599758	0.415699	0.641060	0.557895	0.445137	0.255853	0.609547	0.568905	0.579473	0.607955	0.259196	0.511561	0.378495	0.491643	0.500724	0.642667	0.628912	0.532915	0.628507	0.613396	0.480962	0.530835	0.634593	0.582061	0.466185	0.228901	0.600629	0.617047	0.636145	0.500375	0.473786	0.559801	0.247863	0.577452	0.435245	0.615385	0.640538	0.590420	0.624729	0.579957	0.565766	0.207885	0.553438	0.638614	0.526395	0.653254	0.584527	0.555651	0.599165	0.630225	0.379415	0.622036	0.612500	0.654402	0.627187	0.294301	0.632911	0.639423	0.640212	0.372162	0.636364	0.602871	0.572188	0.401691	0.640244	0.504965	0.633971	0.161456	0.511364	0.613037	0.467742	0.516854	0.602510	0.311570	0.599705	0.542101	0.436428	0.621455	0.565062	0.641096	0.428866	0.633735	0.350109	0.647541	0.627675	0.216854	0.639535	0.607595	0.636364	0.499643	0.594059	0.540541	0.546042	0.561525	0.525520	0.628328	0.614650	0.615880	0.169324	0.628297	0.616471	0.621951	1.000000	0.499653	0.108646	0.607717	0.545794	0.577778	0.293271	0.559336	0.650138	0.633554	0.617430	0.622291	0.602871	0.586957	0.639676	0.622340	0.412804	0.034249	0.314036	0.614743	0.609231	0.565517	0.629268	0.585232	0.400000	0.616423	0.596721	0.516704	0.477394	0.637427	0.626752	0.652893	0.619303	0.324444	0.626632	0.287019	0.529781	0.643979	0.621538	0.497574	0.401691	0.592466	0.314823	0.505792	0.602769	0.593660	0.622460	0.593548	0.590326	0.603659	0.598374	0.461637	0.645914	0.576450	0.613115	0.636884	0.134427	0.622291	0.190983	0.181206	0.586207	0.628141	0.605544	0.630631	0.545455	0.621170	0.607219	0.639906	0.619919	0.587549	0.618401	0.590219	0.490489	0.613162	0.609836	0.628042	0.628821	0.563177	0.631136	0.133712	0.622407	0.563189	0.590566	0.646840	0.643836	0.581118	0.378495	0.508539	0.550041	0.629052	0.299444	0.627358	0.553539	0.490772	0.641026	0.632184	0.586667	0.605422	0.608000	0.637419	0.343352	0.516129	0.613459	0.476000	0.600985	0.293843	0.640219	0.615863	0.628853	0.658507	0.505369	0.623236	0.417006	0.582303	0.631453	0.424116	0.538769	0.621532	0.641884	0.637576	0.588571	0.482712	0.538033	0.242055	0.607692	0.593365	0.631579	0.617204	0.245363	0.646298	0.580537	0.222616	0.638122	0.588921	0.587219	0.637532	0.325984	0.143838	0.100856	0.350209	0.638732	0.563478	0.624170	0.630411	0.595305	0.500000	0.421712	0.606987	0.620482	0.614420	0.614657	0.633094	0.495551	0.621019	0.651832	0.262673	0.632624	0.145813	0.639594	0.591216	0.618824	0.634483	0.591659	0.573214	0.432243	0.581633	0.597360	0.496157	0.578151	0.546318	0.569957	0.559441	0.621359	0.562081	0.591002	0.121633	0.619497	0.579787	0.632653	0.204447	0.378324	0.620506	0.067812	0.636481	0.520755	0.576923	0.619217	0.349560	0.582449	0.413641	0.638849	0.023600	0.622871	0.616519	0.547660	0.602871	0.644918	0.606980	0.545607	0.387829	0.549912	0.530764	0.659459	0.563124	0.565371	0.649874	0.312215	0.583170	0.304770	0.532717	0.648256	0.589615	0.634961	0.516252	0.620588	0.623853	0.634881	0.620370	0.561525	0.491690	0.590604	0.467327	0.534064	0.594958	0.619414	0.464000	0.161077	0.532813	0.498069	0.608558	0.590604	0.576029	0.637146	0.507549	0.341331	0.621302	0.560144	0.610759	0.221895	0.531365	0.534351	0.558559	0.638743	0.550400	0.625551	0.634091	0.526151	0.612576	0.622807	0.580589	0.627322	0.656757	0.633929	0.632972	0.491870	0.320713	0.538318	0.622951	0.637566	0.633880	
0.437818	0.554698	0.580275	0.518669	0.321767	0.605081	0.633868	0.113023	0.550292	0.477129	0.453564	0.650025	0.460876	0.475789	0.531312	0.464950	0.607924	0.358025	0.446701	0.548994	0.633974	0.625521	0.545336	0.439416	0.475921	0.390207	0.634274	0.399100	0.372804	0.596208	0.231089	0.383915	0.451846	0.419259	0.650726	0.426999	0.550518	0.645765	0.309770	0.488644	0.580958	0.595200	0.646874	0.567823	0.454349	0.323089	0.645331	0.516899	0.567296	0.540373	0.453102	0.539517	0.589626	0.483333	0.365591	0.599287	0.403889	0.338798	0.388511	0.505133	0.557680	0.307080	0.606276	0.342679	0.623291	0.648539	0.350388	0.517773	0.370031	0.623717	0.484848	0.474021	0.595420	0.565823	0.487090	0.059901	0.396383	0.611940	0.603591	0.570893	0.406273	0.513032	0.349108	0.613015	0.442826	0.601070	0.514986	0.492713	0.157576	0.609244	0.273627	0.427413	0.589448	0.355487	0.621858	0.588957	0.384908	0.341387	0.610290	0.469922	0.515172	0.341387	0.535023	0.143367	0.624510	0.147955	0.587889	0.310793	0.614359	0.480836	0.211765	0.563487	0.275527	0.300319	0.564647	0.640083	0.299044	0.516961	0.639550	0.621284	0.552846	0.624811	0.154380	0.623791	0.138353	0.567918	0.485273	0.639572	0.500346	0.355487	0.592617	0.643728	0.313788	0.521915	0.549216	0.480851	0.491253	0.546997	0.262857	0.629486	0.628831	0.550743	0.545095	0.566304	0.591019	0.617143	0.618568	0.610190	0.136602	0.480620	0.521797	0.618590	0.486824	0.307080	0.637276	0.535498	0.515957	0.301676	0.609620	0.454349	0.543938	0.632545	0.152778	0.634951	0.643789	0.485734	0.430044	0.646969	0.574144	0.526658	0.654762	0.622967	0.560256	0.605187	0.621719	0.490831	0.390023	0.534211	0.551088	0.599407	0.645161	0.630354	0.502548	0.620922	0.597981	0.576080	0.567089	0.612865	0.573027	0.541538	0.286634	0.478442	0.642027	0.520401	0.628912	0.552219	0.618224	0.618635	0.598176	0.582716	0.606220	0.464387	0.586521	0.505525	0.492308	0.573715	0.386657	0.542462	0.503119	0.624401	0.433893	0.380518	0.628855	0.165517	0.412509	0.638054	0.541037	0.395371	0.646301	0.470170	0.201183	0.257166	0.452991	0.572256	0.426686	0.641158	0.646762	0.522029	0.625760	0.477064	0.184300	0.528675	0.139860	0.483439	0.448127	0.489914	0.555915	0.495599	0.530313	0.646552	0.354215	0.623196	0.642078	0.316456	0.250000	0.589176	0.380228	0.583076	0.408949	0.549638	0.549122	0.412509	0.499653	1.000000	0.279009	0.374332	0.258592	0.570066	0.563536	0.613108	0.479830	0.564972	0.432551	0.403601	0.378995	0.396694	0.487395	0.493398	0.620248	0.093736	0.582254	0.463727	0.405385	0.600975	0.537492	0.617713	0.168675	0.559645	0.359291	0.647984	0.628024	0.442013	0.512228	0.468507	0.487090	0.128408	0.507915	0.569101	0.644931	0.498966	0.403889	0.632864	0.165517	0.325728	0.569760	0.234025	0.565806	0.443157	0.581998	0.370314	0.607059	0.412509	0.365591	0.641493	0.502058	0.305732	0.359291	0.552564	0.337992	0.403601	0.441424	0.432343	0.320442	0.508429	0.569846	0.512295	0.264274	0.474021	0.570902	0.547588	0.608019	0.593586	0.419259	0.337500	0.636406	0.375573	0.553059	0.558710	0.578915	0.285254	0.460000	0.336390	0.465248	0.632369	0.612479	0.526104	0.575816	0.619798	0.152778	0.247117	0.645094	0.532895	0.582215	0.538111	0.585802	0.644651	0.457883	0.561336	0.610248	0.414508	0.597510	0.514364	0.575789	0.247117	0.393665	0.207245	0.358025	0.565017	0.476728	0.400000	0.520694	0.537234	0.656430	0.580846	0.588186	0.620253	0.546053	0.178082	0.621259	0.566751	0.532798	0.544974	0.614853	0.619796	0.264274	0.527091	0.606833	0.609644	0.454676	0.586271	0.516489	0.542263	0.341387	0.496318	0.470588	0.592075	0.319115	0.510580	0.595333	0.358576	0.260688	0.597183	0.569427	0.313788	0.491667	0.568010	0.615297	0.242775	0.174957	0.571429	0.423390	0.393962	0.528376	0.451520	0.652700	0.381749	0.505858	0.101695	0.465517	0.363264	0.522034	0.336200	0.549122	0.464589	0.621653	0.631987	0.643602	0.330980	0.354215	0.660057	0.340094	0.640000	0.637149	0.309770	0.463068	0.643960	0.594595	0.309033	0.391534	0.630303	0.562141	0.468571	0.631343	0.499305	0.180247	0.497260	0.251438	0.309770	0.538562	0.611814	0.605568	0.625150	0.447178	0.065204	0.539430	0.435165	0.316456	0.378995	0.528302	0.413076	0.608927	0.629855	0.308426	0.650295	0.489138	0.617450	0.301676	0.528022	0.584139	0.578116	0.577033	0.619335	0.442182	0.342679	0.505119	0.241322	0.430139	0.410142	0.521563	0.551902	0.316456	0.649460	0.341387	0.214765	0.639511	0.340094	0.405689	0.207245	0.395678	0.637519	0.234025	0.385432	0.341387	0.632687	0.517333	0.644851	0.598757	0.429934	0.289389	0.385140	0.488617	0.268511	0.242775	0.286634	0.501723	0.639133	0.566771	0.573070	0.634146	0.606097	0.442013	0.634438	0.580524	0.486335	0.428256	0.542819	0.651872	0.126761	0.258592	0.430044	0.504505	0.585518	
0.090486	0.138948	0.187767	0.117326	0.060293	0.184760	0.233378	0.503720	0.135511	0.103179	0.094367	0.250333	0.095473	0.104275	0.129133	0.096854	0.174409	0.068286	0.091596	0.135511	0.369036	0.337850	0.133390	0.089096	0.100709	0.582304	0.229327	0.078747	0.071974	0.417635	0.041480	0.074520	0.092151	0.083516	0.325979	0.087147	0.136306	0.349969	0.057709	0.111910	0.163682	0.219962	0.300181	0.460261	0.094920	0.060579	0.312853	0.494235	0.148399	0.507687	0.093537	0.132859	0.450556	0.108373	0.069990	0.172121	0.079871	0.064012	0.075931	0.114080	0.443689	0.057134	0.173901	0.064868	0.208788	0.351626	0.066578	0.122175	0.071691	0.190266	0.102631	0.098783	0.423577	0.145783	0.106463	0.319959	0.077058	0.220203	0.427635	0.151268	0.080433	0.113267	0.066293	0.252662	0.089930	0.218754	0.115975	0.108646	0.027352	0.226935	0.633022	0.085473	0.163682	0.067717	0.209033	0.158788	0.615692	0.064583	0.174409	0.100984	0.120023	0.064583	0.124321	0.562285	0.198463	0.025572	0.176944	0.626438	0.368539	0.107009	0.037674	0.146569	0.050498	0.055695	0.151268	0.233378	0.642093	0.117596	0.319334	0.321483	0.499385	0.387081	0.026759	0.191014	0.551533	0.439953	0.104549	0.218754	0.110279	0.067717	0.446267	0.316100	0.058571	0.120023	0.149704	0.100159	0.561621	0.133125	0.047888	0.204378	0.192260	0.137099	0.129667	0.140793	0.163425	0.231950	0.198710	0.173647	0.023490	0.102631	0.128333	0.358224	0.108918	0.057134	0.315019	0.519435	0.125660	0.055983	0.198710	0.094920	0.513249	0.266050	0.026462	0.277880	0.265592	0.107555	0.085752	0.240954	0.145259	0.134716	0.291553	0.242132	0.140530	0.185513	0.297315	0.525316	0.075931	0.129933	0.129133	0.254753	0.302160	0.223816	0.508886	0.196235	0.333376	0.150225	0.145783	0.179220	0.153348	0.157496	0.052811	0.565372	0.224537	0.123248	0.252662	0.133125	0.185262	0.212934	0.162654	0.156202	0.390059	0.098508	0.163168	0.110551	0.105643	0.477138	0.074802	0.129667	0.109190	0.399172	0.088818	0.073389	0.205605	0.028833	0.081555	0.271985	0.130732	0.608880	0.271530	0.099609	0.035618	0.046726	0.098508	0.452940	0.087425	0.234091	0.333630	0.124053	0.203886	0.102082	0.032379	0.129133	0.024086	0.102631	0.094090	0.551796	0.137099	0.118406	0.124857	0.269935	0.067432	0.218996	0.231950	0.059145	0.045272	0.157754	0.073672	0.155943	0.604568	0.130199	0.134451	0.081555	0.108646	0.279009	1.000000	0.071974	0.047017	0.170847	0.470481	0.224056	0.100984	0.149182	0.087425	0.078747	0.073389	0.078184	0.105096	0.108100	0.358590	0.451190	0.453942	0.099059	0.079871	0.213177	0.126463	0.197721	0.029425	0.144735	0.068570	0.257534	0.293108	0.089374	0.117056	0.100984	0.106463	0.022001	0.111910	0.483377	0.240954	0.111367	0.079871	0.279460	0.028833	0.061152	0.450530	0.042064	0.157754	0.092151	0.156720	0.071408	0.176691	0.081555	0.069990	0.306323	0.113267	0.056847	0.068570	0.140530	0.635015	0.078747	0.561082	0.585677	0.060006	0.120023	0.157496	0.114893	0.048178	0.098783	0.158530	0.133656	0.169317	0.180482	0.083516	0.063726	0.285975	0.072257	0.151528	0.137892	0.151788	0.052522	0.097405	0.639154	0.100159	0.217787	0.188518	0.122980	0.141320	0.196235	0.026462	0.044689	0.229804	0.129933	0.468980	0.133921	0.198957	0.283959	0.094367	0.139739	0.186014	0.083796	0.173393	0.114351	0.422095	0.044689	0.076777	0.036793	0.068286	0.473035	0.102357	0.077903	0.124053	0.125660	0.269023	0.153089	0.338859	0.186265	0.129933	0.031198	0.235041	0.147876	0.122980	0.127799	0.186014	0.286647	0.048178	0.529190	0.183504	0.187267	0.094644	0.155424	0.513878	0.134716	0.064583	0.548626	0.100434	0.180735	0.059719	0.115164	0.444758	0.604655	0.642073	0.416837	0.143160	0.058571	0.108373	0.147876	0.189767	0.043815	0.030608	0.151788	0.083796	0.076495	0.133390	0.092428	0.283510	0.073672	0.111367	0.017221	0.095197	0.631681	0.117866	0.063441	0.134451	0.100709	0.181239	0.203394	0.338060	0.062297	0.067432	0.276749	0.064297	0.237884	0.214393	0.057709	0.099609	0.220927	0.167783	0.638514	0.075931	0.205360	0.142898	0.575653	0.393691	0.107828	0.608495	0.113809	0.045563	0.057709	0.132594	0.420472	0.182750	0.359570	0.092428	0.344198	0.126998	0.087704	0.059145	0.073389	0.120292	0.082396	0.221650	0.384000	0.057422	0.257996	0.104822	0.198710	0.055983	0.119484	0.458319	0.178968	0.460277	0.246359	0.090486	0.064868	0.115164	0.043524	0.088261	0.080994	0.120292	0.138156	0.059145	0.279685	0.064583	0.038260	0.241190	0.064297	0.079590	0.036793	0.622619	0.241897	0.042064	0.074520	0.064583	0.202903	0.124589	0.267652	0.429541	0.087147	0.053389	0.074802	0.538397	0.049049	0.043815	0.052811	0.111367	0.234804	0.149704	0.142372	0.242132	0.169827	0.089374	0.211717	0.151528	0.104822	0.086031	0.129400	0.286870	0.021703	0.047017	0.085752	0.109190	0.151528	
0.625899	0.574150	0.471351	0.581040	0.623608	0.506024	0.422662	0.027209	0.576177	0.604651	0.635088	0.410473	0.641115	0.627063	0.590258	0.583765	0.516055	0.641509	0.632143	0.576177	0.283237	0.310323	0.560224	0.609800	0.603710	0.108120	0.440183	0.638132	0.612245	0.241498	0.593750	0.657315	0.619217	0.606403	0.321733	0.636029	0.571034	0.299328	0.627273	0.589905	0.525301	0.446970	0.349003	0.208422	0.636364	0.608889	0.335157	0.181347	0.557717	0.179949	0.634921	0.575843	0.220027	0.611916	0.645963	0.512167	0.610039	0.627706	0.619048	0.595016	0.221219	0.639269	0.510345	0.615054	0.469307	0.297872	0.615711	0.586310	0.633947	0.494118	0.620000	0.621160	0.237518	0.557162	0.609121	0.014119	0.618110	0.452223	0.235917	0.547315	0.650000	0.600939	0.655319	0.405360	0.624549	0.437678	0.570108	0.607717	0.494048	0.440553	0.070423	0.635688	0.544578	0.631579	0.468843	0.535142	0.104389	0.637931	0.511468	0.585859	0.593373	0.625000	0.594118	0.034940	0.466942	0.484848	0.512472	0.081287	0.283237	0.616883	0.560647	0.557592	0.607229	0.660508	0.554987	0.431655	0.077815	0.595420	0.328418	0.326232	0.186667	0.268493	0.479042	0.479744	0.033649	0.223540	0.599671	0.452902	0.617834	0.597895	0.221219	0.331754	0.623025	0.596386	0.543814	0.578680	0.146094	0.577840	0.576355	0.473790	0.483563	0.582418	0.568571	0.574124	0.535585	0.439421	0.480908	0.508631	0.464396	0.590000	0.578417	0.292188	0.593900	0.643836	0.330163	0.174067	0.595620	0.608295	0.482972	0.594406	0.176449	0.388179	0.498498	0.375767	0.387200	0.608414	0.630798	0.421329	0.548090	0.567455	0.358974	0.426458	0.569501	0.500000	0.352265	0.154965	0.634921	0.584879	0.561605	0.400665	0.346780	0.436567	0.168385	0.475495	0.314304	0.555270	0.567674	0.493827	0.549367	0.521092	0.619385	0.140200	0.442791	0.591716	0.407035	0.572230	0.493989	0.459591	0.532688	0.554307	0.264865	0.618803	0.521739	0.594595	0.608838	0.201646	0.640000	0.571429	0.608974	0.258712	0.632727	0.618182	0.469408	0.498534	0.637405	0.381847	0.585227	0.107977	0.384013	0.614601	0.532967	0.611940	0.601709	0.214161	0.612844	0.430493	0.314304	0.577320	0.458586	0.622074	0.532578	0.601719	0.467692	0.616667	0.636204	0.146487	0.576923	0.598784	0.583578	0.384555	0.603376	0.454373	0.433996	0.642697	0.599496	0.547708	0.637097	0.532500	0.113400	0.575499	0.579387	0.625954	0.607717	0.374332	0.071974	1.000000	0.600496	0.522145	0.200902	0.445480	0.616162	0.563307	0.634862	0.599222	0.646465	0.625000	0.617406	0.603226	0.291667	0.022392	0.215954	0.620102	0.644788	0.449416	0.572674	0.482902	0.513120	0.570674	0.615063	0.401646	0.357143	0.615942	0.591118	0.612795	0.586319	0.433962	0.583596	0.196393	0.412587	0.601266	0.625483	0.373760	0.510264	0.641593	0.216527	0.595855	0.530359	0.604982	0.552927	0.651639	0.519864	0.660305	0.629400	0.342179	0.610329	0.613272	0.606695	0.564103	0.089465	0.599222	0.128407	0.121618	0.620536	0.584337	0.533499	0.586047	0.609337	0.569966	0.543210	0.584615	0.516432	0.506696	0.621469	0.620390	0.365672	0.623218	0.544061	0.574555	0.566327	0.611374	0.636833	0.088978	0.622673	0.445081	0.491379	0.592593	0.569892	0.481752	0.504505	0.582278	0.435734	0.579173	0.205365	0.581006	0.455670	0.368144	0.610526	0.579946	0.498911	0.624060	0.516129	0.587869	0.237403	0.592405	0.583826	0.570652	0.633124	0.201315	0.597663	0.618395	0.562592	0.578102	0.385771	0.544994	0.309148	0.504897	0.573466	0.538682	0.427167	0.559168	0.580741	0.580087	0.490196	0.364855	0.614251	0.164264	0.504405	0.500542	0.619965	0.523810	0.166610	0.575800	0.629310	0.150538	0.625000	0.510591	0.617450	0.609907	0.224668	0.095890	0.066721	0.242454	0.551265	0.645598	0.592593	0.543563	0.495177	0.591837	0.541787	0.543367	0.624060	0.636364	0.574230	0.625222	0.368698	0.612903	0.613924	0.377483	0.596859	0.097242	0.600610	0.634783	0.571031	0.630691	0.491657	0.475709	0.310127	0.631579	0.616034	0.375674	0.660907	0.429708	0.456922	0.613636	0.611205	0.449057	0.531915	0.080765	0.623016	0.475904	0.538667	0.137795	0.263299	0.571890	0.044598	0.595944	0.628141	0.613636	0.565401	0.241975	0.508287	0.290629	0.625222	0.015401	0.588406	0.619048	0.611236	0.646465	0.574436	0.618596	0.451552	0.271168	0.610478	0.402629	0.598684	0.472652	0.599078	0.595166	0.214630	0.503371	0.209223	0.411311	0.618705	0.636559	0.609907	0.603581	0.616788	0.636015	0.604511	0.551913	0.624719	0.371951	0.637931	0.573727	0.422707	0.630670	0.642166	0.570652	0.107716	0.419861	0.601036	0.621242	0.637931	0.476673	0.596182	0.386021	0.235917	0.625000	0.630588	0.648000	0.150031	0.614634	0.566327	0.638298	0.610759	0.432916	0.548969	0.537433	0.419495	0.519906	0.626812	0.465753	0.536398	0.601974	0.629630	0.566524	0.364583	0.435331	0.640199	0.627087	0.583333	0.556833	
0.554371	0.466049	0.369928	0.504409	0.624309	0.382567	0.308293	0.017632	0.475591	0.543689	0.567288	0.288058	0.570842	0.543353	0.490998	0.540650	0.397452	0.635897	0.570825	0.469291	0.192331	0.211796	0.472089	0.577586	0.549407	0.071091	0.313492	0.576112	0.600496	0.162719	0.585859	0.601942	0.555789	0.594595	0.220056	0.590810	0.482759	0.203871	0.628895	0.511883	0.422611	0.326109	0.239939	0.139576	0.544330	0.628099	0.229818	0.120841	0.447368	0.119879	0.575000	0.476800	0.147664	0.524345	0.636364	0.402062	0.570766	0.624000	0.570743	0.526126	0.148496	0.632479	0.403576	0.608466	0.342362	0.202824	0.598958	0.505983	0.611940	0.372642	0.541910	0.561122	0.159919	0.454006	0.538899	0.009128	0.598575	0.325773	0.158794	0.437410	0.586605	0.525362	0.605744	0.285456	0.569593	0.327801	0.505338	0.534579	0.586345	0.316633	0.045990	0.572062	0.419919	0.592784	0.341991	0.430939	0.068591	0.641910	0.397452	0.536489	0.495667	0.599469	0.499157	0.022673	0.358683	0.551440	0.389937	0.053190	0.192331	0.548204	0.598592	0.457903	0.609756	0.635838	0.446043	0.308293	0.050886	0.517606	0.224911	0.223322	0.124507	0.181818	0.599190	0.371328	0.021831	0.150119	0.538462	0.327801	0.528651	0.561856	0.148496	0.227338	0.646067	0.509532	0.444122	0.539683	0.096725	0.482428	0.645768	0.349171	0.369159	0.474259	0.479608	0.458015	0.417790	0.310108	0.358277	0.398977	0.542373	0.526316	0.473684	0.198742	0.518657	0.586895	0.228159	0.115836	0.484950	0.622478	0.358277	0.573196	0.117472	0.271245	0.544715	0.259655	0.271711	0.534840	0.575221	0.298959	0.455357	0.455696	0.247261	0.297552	0.470948	0.381182	0.242331	0.102764	0.580336	0.488599	0.484452	0.283154	0.238311	0.320812	0.111938	0.362385	0.214674	0.445731	0.456973	0.390547	0.440967	0.422809	0.636905	0.092723	0.319838	0.509338	0.285456	0.482428	0.381643	0.336170	0.416779	0.439776	0.179240	0.538153	0.423752	0.542435	0.538168	0.134870	0.610169	0.476346	0.540037	0.174875	0.561555	0.774510	0.347253	0.566929	0.581236	0.265323	0.486224	0.070995	0.265770	0.537849	0.613718	0.647619	0.522088	0.143571	0.550218	0.307393	0.214674	0.493243	0.349945	0.551859	0.616541	0.494272	0.563025	0.565302	0.560166	0.096992	0.468019	0.490368	0.497479	0.267343	0.614987	0.327461	0.310108	0.608939	0.593548	0.436111	0.591687	0.431978	0.074634	0.491057	0.481775	0.581236	0.545794	0.258592	0.047017	0.600496	1.000000	0.404669	0.134354	0.320487	0.564103	0.457060	0.589520	0.580796	0.622549	0.564706	0.536398	0.525328	0.198368	0.014498	0.144821	0.540000	0.580046	0.335813	0.495840	0.359909	0.554688	0.459701	0.618926	0.280142	0.245914	0.589247	0.505300	0.560158	0.523719	0.519481	0.511883	0.131229	0.298959	0.532110	0.603248	0.258170	0.622047	0.641096	0.145221	0.622074	0.430556	0.534737	0.438547	0.598504	0.392947	0.572082	0.616162	0.234944	0.528986	0.651429	0.598465	0.464832	0.058627	0.580796	0.084741	0.080162	0.609418	0.502600	0.420028	0.512545	0.650000	0.541082	0.431535	0.477707	0.413072	0.390606	0.567568	0.614973	0.252195	0.608911	0.436782	0.468944	0.444763	0.632836	0.558704	0.058303	0.539683	0.329167	0.373365	0.510204	0.471842	0.362385	0.544715	0.571429	0.312871	0.485342	0.137451	0.467409	0.353341	0.254019	0.550725	0.470046	0.380265	0.570787	0.404609	0.525180	0.159838	0.603896	0.595238	0.640569	0.605128	0.134640	0.546875	0.603774	0.479730	0.511706	0.268251	0.438746	0.210948	0.377404	0.478827	0.603053	0.306202	0.451613	0.500000	0.485149	0.380265	0.251592	0.631250	0.109116	0.384896	0.377990	0.574380	0.433193	0.110722	0.484177	0.594164	0.099747	0.562376	0.385185	0.633333	0.515206	0.150907	0.062911	0.043544	0.163392	0.457831	0.634831	0.524345	0.445748	0.373522	0.636066	0.592308	0.436155	0.588764	0.615752	0.472089	0.567227	0.254428	0.616137	0.528440	0.502326	0.539095	0.063813	0.516696	0.595174	0.472266	0.525692	0.386700	0.350721	0.211654	0.650407	0.594315	0.260726	0.606383	0.302682	0.334038	0.600567	0.537849	0.324769	0.413702	0.052843	0.604317	0.347635	0.461538	0.091093	0.178129	0.515038	0.028991	0.519856	0.643087	0.617564	0.480769	0.163055	0.386308	0.197624	0.554622	0.009959	0.494196	0.566449	0.586592	0.607843	0.501730	0.527273	0.323770	0.183721	0.596591	0.279646	0.541267	0.358277	0.599424	0.514783	0.143898	0.391034	0.140133	0.292593	0.558635	0.619048	0.508050	0.611842	0.559653	0.602299	0.508651	0.465116	0.620112	0.257959	0.610080	0.573427	0.298677	0.622340	0.595349	0.619217	0.070820	0.297832	0.628763	0.592233	0.625995	0.351502	0.501684	0.269625	0.158794	0.551422	0.650888	0.600484	0.099402	0.600619	0.642623	0.636905	0.532110	0.306499	0.449927	0.453858	0.297552	0.409387	0.559140	0.337968	0.439655	0.548944	0.591611	0.490196	0.251392	0.556522	0.582278	0.592920	0.525140	0.451149	
0.573593	0.605621	0.620263	0.571429	0.465116	0.635441	0.570270	0.066714	0.620183	0.571134	0.554371	0.605670	0.573248	0.583162	0.617261	0.544879	0.619355	0.489941	0.560345	0.625688	0.518589	0.557781	0.598891	0.552775	0.563996	0.250204	0.626111	0.548753	0.487179	0.485607	0.364362	0.514418	0.546237	0.527253	0.540455	0.567982	0.605672	0.544638	0.457921	0.608782	0.629382	0.646067	0.581264	0.445017	0.585106	0.471883	0.565027	0.397394	0.605795	0.388871	0.558289	0.598148	0.447013	0.598584	0.498237	0.615760	0.546275	0.484337	0.532110	0.598020	0.457607	0.446650	0.610662	0.477791	0.626996	0.529558	0.469607	0.611538	0.508751	0.626247	0.570248	0.551363	0.482106	0.616475	0.576375	0.034955	0.522831	0.627368	0.476074	0.619130	0.542793	0.577954	0.494033	0.617157	0.544469	0.611698	0.566372	0.587879	0.258523	0.642808	0.167349	0.554084	0.649416	0.510083	0.614938	0.608991	0.242197	0.473558	0.595161	0.559252	0.614341	0.483173	0.601145	0.085186	0.609281	0.243553	0.646400	0.191682	0.527169	0.595528	0.338295	0.628975	0.411239	0.451935	0.645217	0.610811	0.183946	0.608016	0.554839	0.577540	0.401604	0.507068	0.253561	0.606432	0.082117	0.467187	0.576410	0.608879	0.598394	0.495848	0.459156	0.551762	0.443896	0.589147	0.639860	0.552659	0.329393	0.612396	0.405685	0.623529	0.602593	0.616788	0.589888	0.616216	0.604845	0.639077	0.625280	0.594988	0.225760	0.541322	0.637817	0.552567	0.603431	0.451613	0.519565	0.383915	0.641975	0.441397	0.619297	0.555319	0.387917	0.595062	0.251070	0.598086	0.584672	0.594320	0.549063	0.582011	0.589175	0.629255	0.565493	0.618326	0.604148	0.621495	0.599204	0.347309	0.532110	0.621141	0.585366	0.621260	0.571589	0.615278	0.374009	0.601356	0.557343	0.612565	0.611160	0.581414	0.614853	0.643952	0.424779	0.317370	0.604297	0.605364	0.620999	0.592044	0.615744	0.619355	0.599665	0.627887	0.517583	0.579224	0.608696	0.569709	0.574055	0.427448	0.523041	0.593633	0.592742	0.494253	0.564270	0.519119	0.616850	0.270804	0.535874	0.601458	0.625000	0.249898	0.586375	0.555904	0.322404	0.394805	0.596013	0.447289	0.562979	0.586649	0.539699	0.617001	0.590574	0.575569	0.299584	0.641651	0.230880	0.576446	0.572038	0.330191	0.602190	0.617934	0.586667	0.591326	0.479810	0.604225	0.599729	0.477245	0.389542	0.619574	0.490741	0.609589	0.261463	0.590654	0.609576	0.517937	0.577778	0.570066	0.170847	0.522145	0.404669	1.000000	0.429640	0.627342	0.573805	0.630473	0.552026	0.501134	0.514484	0.543182	0.589560	0.587045	0.547852	0.055099	0.449754	0.569634	0.528217	0.630372	0.613636	0.630158	0.275668	0.624000	0.470449	0.582438	0.605747	0.550000	0.575906	0.575884	0.604888	0.212828	0.560878	0.424729	0.596561	0.590000	0.525959	0.605122	0.270804	0.465854	0.458381	0.371353	0.624681	0.580645	0.623399	0.511682	0.627702	0.544843	0.491187	0.554444	0.577954	0.437267	0.477541	0.613165	0.209752	0.501134	0.293021	0.278826	0.458333	0.614341	0.609881	0.590326	0.402581	0.540881	0.645161	0.626039	0.613115	0.634494	0.522803	0.472859	0.586651	0.495925	0.649870	0.627843	0.621528	0.427848	0.579557	0.208681	0.596455	0.606360	0.621914	0.600192	0.609712	0.601356	0.251070	0.393185	0.593857	0.613658	0.434277	0.614391	0.638266	0.579164	0.569296	0.613020	0.625194	0.548889	0.631068	0.565776	0.487664	0.387942	0.507429	0.331522	0.487574	0.428979	0.558428	0.527873	0.597899	0.594492	0.569504	0.608470	0.539683	0.599845	0.602432	0.290098	0.610625	0.642040	0.584851	0.588124	0.603421	0.607832	0.410323	0.365861	0.623824	0.641363	0.575080	0.591767	0.370505	0.612695	0.480769	0.338394	0.579167	0.640316	0.451534	0.583826	0.466065	0.223804	0.158973	0.493093	0.588025	0.458693	0.578362	0.601583	0.619523	0.384211	0.285315	0.621528	0.524444	0.503432	0.630314	0.552095	0.573954	0.513889	0.576000	0.170149	0.533475	0.226743	0.587891	0.478261	0.594843	0.607700	0.607735	0.615044	0.545175	0.470874	0.496437	0.574685	0.478941	0.629753	0.623840	0.455446	0.580982	0.603641	0.601318	0.190521	0.516055	0.617302	0.583184	0.312436	0.507851	0.579534	0.107970	0.590684	0.394256	0.465347	0.607970	0.483076	0.617439	0.541383	0.543502	0.038092	0.599244	0.549234	0.474785	0.516802	0.580833	0.536313	0.623340	0.510345	0.448575	0.601893	0.579918	0.616305	0.426434	0.600000	0.451905	0.640700	0.450185	0.609772	0.549784	0.477791	0.581854	0.376812	0.552402	0.525843	0.596321	0.600000	0.460025	0.577381	0.475962	0.345479	0.593523	0.464501	0.524294	0.334239	0.249339	0.608179	0.366048	0.502884	0.490385	0.624815	0.615825	0.592502	0.476892	0.557018	0.436318	0.511521	0.337369	0.411311	0.378947	0.437421	0.580000	0.608345	0.617133	0.591398	0.607779	0.608838	0.532609	0.625899	0.597741	0.584016	0.535242	0.575445	0.571262	0.210219	0.391699	0.531422	0.568548	0.611642	
0.248303	0.365127	0.455115	0.314253	0.170142	0.457023	0.512251	0.219862	0.357170	0.279890	0.258039	0.539419	0.260801	0.282583	0.342274	0.264241	0.435307	0.191261	0.251096	0.357170	0.617015	0.596939	0.352234	0.244800	0.273800	0.568122	0.519711	0.218433	0.200902	0.640523	0.119160	0.207516	0.252489	0.230645	0.594470	0.239872	0.359013	0.605689	0.163248	0.301200	0.415977	0.505158	0.584551	0.649302	0.259421	0.170905	0.589270	0.636852	0.386029	0.622432	0.255962	0.350996	0.619253	0.292607	0.195724	0.436700	0.221321	0.180008	0.211170	0.306445	0.644573	0.161709	0.434197	0.182270	0.495438	0.607679	0.186777	0.325830	0.200164	0.462552	0.278541	0.269034	0.640080	0.379336	0.287944	0.119711	0.214082	0.506986	0.639841	0.391798	0.222762	0.304482	0.186027	0.549793	0.246904	0.513333	0.311008	0.293271	0.079650	0.517469	0.470192	0.235625	0.416697	0.189769	0.490541	0.407971	0.547945	0.181517	0.433889	0.274479	0.320704	0.181517	0.330924	0.274714	0.478574	0.074594	0.444366	0.484142	0.620277	0.289279	0.108621	0.381865	0.143824	0.157851	0.391798	0.523358	0.489449	0.314900	0.589945	0.591713	0.632269	0.622682	0.077968	0.462764	0.265762	0.635595	0.283255	0.502000	0.297245	0.189769	0.643612	0.589025	0.165552	0.320704	0.389725	0.272441	0.612483	0.351615	0.136730	0.484189	0.461964	0.360105	0.343526	0.368636	0.416127	0.520458	0.470185	0.435060	0.068662	0.278541	0.340393	0.619415	0.293935	0.161709	0.578194	0.620907	0.334093	0.158624	0.475668	0.259421	0.636479	0.556076	0.077125	0.569935	0.553923	0.290612	0.236334	0.525703	0.378139	0.355322	0.574532	0.530665	0.368030	0.456545	0.580240	0.640579	0.211170	0.344151	0.342274	0.546320	0.584771	0.508441	0.633464	0.467675	0.607754	0.390172	0.380812	0.445070	0.396495	0.406534	0.150084	0.613152	0.507937	0.328381	0.545339	0.351615	0.458101	0.501344	0.415135	0.404364	0.633851	0.268350	0.416277	0.297905	0.285938	0.631194	0.208248	0.343526	0.294598	0.622430	0.244098	0.204583	0.484046	0.083843	0.225637	0.567710	0.346023	0.558039	0.565581	0.271080	0.102897	0.133560	0.268350	0.642908	0.240577	0.523499	0.596921	0.330289	0.479075	0.277189	0.093831	0.342274	0.070361	0.278541	0.257347	0.634681	0.360852	0.316839	0.332193	0.556868	0.189022	0.497168	0.522422	0.167084	0.129582	0.405660	0.205317	0.400873	0.566826	0.344776	0.354706	0.225637	0.293271	0.563536	0.470481	0.200902	0.134354	0.429640	1.000000	0.515553	0.274479	0.387808	0.240577	0.218433	0.204583	0.216985	0.284597	0.291942	0.622210	0.184122	0.632053	0.269716	0.221321	0.499160	0.335988	0.472203	0.085515	0.376940	0.192007	0.546144	0.579946	0.245502	0.313605	0.274479	0.287944	0.064402	0.301200	0.635914	0.523117	0.299884	0.221321	0.574847	0.083843	0.172428	0.647198	0.120771	0.406386	0.252489	0.404070	0.199426	0.441696	0.225637	0.195724	0.580893	0.304482	0.160939	0.192007	0.368773	0.508753	0.218433	0.607112	0.598862	0.169378	0.320704	0.407260	0.308404	0.137521	0.269034	0.407394	0.352853	0.425562	0.448506	0.230645	0.179253	0.572210	0.201639	0.393119	0.362687	0.392975	0.149304	0.265613	0.534871	0.272441	0.504005	0.458811	0.327744	0.370590	0.471802	0.077125	0.127986	0.514773	0.344151	0.644521	0.353471	0.478246	0.565854	0.258039	0.366208	0.459016	0.231358	0.435215	0.307099	0.646898	0.127986	0.213355	0.106172	0.191261	0.642939	0.277865	0.216260	0.330289	0.334093	0.550093	0.395179	0.591964	0.453278	0.344151	0.090513	0.525424	0.385578	0.327744	0.339137	0.454133	0.574727	0.137521	0.634631	0.451523	0.462396	0.258730	0.401893	0.640900	0.355322	0.181517	0.623367	0.273121	0.446943	0.168614	0.309056	0.636804	0.555603	0.455181	0.644332	0.374815	0.165552	0.292607	0.385578	0.461485	0.125587	0.088850	0.393707	0.231358	0.212627	0.352234	0.253185	0.569860	0.205317	0.299884	0.050644	0.260111	0.537779	0.315547	0.178497	0.354706	0.273800	0.446629	0.482125	0.601303	0.175468	0.189022	0.559113	0.180763	0.526623	0.496982	0.163248	0.271080	0.508475	0.422182	0.499251	0.211170	0.487606	0.373472	0.600545	0.622572	0.291277	0.339208	0.305792	0.130379	0.163248	0.350376	0.638651	0.447793	0.621733	0.253185	0.129953	0.337249	0.241283	0.167084	0.204583	0.321347	0.227787	0.512616	0.622471	0.162479	0.549589	0.283926	0.472927	0.158624	0.319418	0.639887	0.448750	0.648334	0.543646	0.248303	0.182270	0.309056	0.124786	0.242691	0.224201	0.321347	0.363297	0.167084	0.563631	0.181517	0.110250	0.525533	0.180763	0.220600	0.106172	0.561404	0.532774	0.120771	0.207516	0.181517	0.480409	0.331559	0.564838	0.630899	0.239872	0.151643	0.208248	0.633174	0.139890	0.125587	0.150084	0.299884	0.521682	0.387523	0.372265	0.531311	0.428113	0.245502	0.491417	0.392387	0.283926	0.237043	0.342900	0.570908	0.063548	0.134354	0.236334	0.294598	0.392387	
0.498683	0.597876	0.615385	0.559418	0.393411	0.637701	0.614749	0.089071	0.591571	0.543460	0.520382	0.630447	0.518583	0.543314	0.590164	0.518072	0.613058	0.430189	0.516185	0.596169	0.581064	0.602220	0.593678	0.507937	0.530612	0.323754	0.644815	0.479490	0.445480	0.558193	0.287487	0.447320	0.510044	0.477558	0.598291	0.503993	0.587156	0.600000	0.381232	0.570255	0.624204	0.643075	0.628083	0.522154	0.528139	0.396902	0.612225	0.476712	0.608567	0.461585	0.502609	0.588417	0.518149	0.553156	0.439024	0.626556	0.477748	0.409569	0.465501	0.568163	0.538242	0.376102	0.619408	0.416031	0.650345	0.582585	0.417457	0.575299	0.444030	0.628458	0.537616	0.518392	0.550265	0.607143	0.564745	0.046927	0.458295	0.656098	0.552632	0.613919	0.478694	0.541735	0.423552	0.667417	0.508355	0.635251	0.556818	0.551037	0.198041	0.663070	0.219600	0.494202	0.624204	0.429112	0.644918	0.604017	0.313815	0.416428	0.602062	0.528462	0.587009	0.416428	0.581156	0.113370	0.629271	0.186199	0.647099	0.250492	0.585387	0.548791	0.264151	0.608760	0.340681	0.370079	0.616850	0.631268	0.240698	0.565428	0.615904	0.613909	0.488155	0.568937	0.194111	0.614070	0.109343	0.539820	0.546218	0.629131	0.561519	0.432892	0.539671	0.606796	0.380117	0.558140	0.631347	0.529813	0.414021	0.583333	0.325581	0.631111	0.613368	0.598017	0.572097	0.573585	0.618980	0.646536	0.643041	0.599174	0.172185	0.517329	0.596244	0.603540	0.557214	0.378061	0.573236	0.460271	0.597792	0.371681	0.640464	0.521212	0.469643	0.644142	0.192140	0.639110	0.617567	0.559534	0.499109	0.616097	0.593145	0.603687	0.614990	0.643187	0.590634	0.627085	0.634245	0.440587	0.463661	0.599688	0.563622	0.642777	0.626253	0.636858	0.461494	0.621271	0.614379	0.587803	0.613095	0.599729	0.616169	0.624910	0.353877	0.402158	0.620024	0.586180	0.650535	0.587963	0.618158	0.636025	0.596167	0.609827	0.592684	0.525685	0.623671	0.551155	0.539363	0.503153	0.452447	0.575214	0.541839	0.565200	0.513680	0.450835	0.632911	0.207792	0.480578	0.646964	0.582751	0.323374	0.637977	0.518771	0.251320	0.318782	0.539384	0.526646	0.501773	0.624264	0.591036	0.580032	0.624285	0.536833	0.230769	0.599532	0.176211	0.529163	0.517361	0.420570	0.588863	0.581789	0.572332	0.629590	0.425733	0.625076	0.639432	0.389105	0.310204	0.607194	0.448563	0.600145	0.337684	0.568093	0.574942	0.478771	0.559336	0.613108	0.224056	0.445480	0.320487	0.627342	0.515553	1.000000	0.526763	0.610169	0.498227	0.468551	0.452690	0.473059	0.548658	0.533666	0.614229	0.073711	0.523843	0.535043	0.466848	0.664184	0.571204	0.627907	0.211663	0.601493	0.429783	0.618465	0.633248	0.502203	0.558252	0.543755	0.559733	0.162042	0.547247	0.500975	0.616097	0.559671	0.472298	0.644139	0.207792	0.398068	0.536894	0.291022	0.634532	0.524017	0.623377	0.446312	0.614754	0.478771	0.429644	0.599504	0.551555	0.376471	0.429783	0.607251	0.273267	0.468551	0.376449	0.359063	0.391853	0.578990	0.613391	0.542345	0.327273	0.526946	0.630294	0.600924	0.625784	0.631508	0.488330	0.409962	0.635465	0.450652	0.628111	0.614916	0.614484	0.350249	0.527491	0.271921	0.534923	0.626994	0.626075	0.569157	0.587792	0.629053	0.192140	0.306748	0.628571	0.580997	0.513978	0.598922	0.642627	0.618600	0.513443	0.581378	0.628914	0.496861	0.636802	0.546493	0.561390	0.306748	0.464220	0.258675	0.422642	0.511767	0.538071	0.468007	0.575277	0.570978	0.622294	0.606414	0.597786	0.609854	0.579439	0.223176	0.635723	0.613905	0.570747	0.570533	0.615590	0.636552	0.327273	0.454291	0.639839	0.628154	0.530329	0.605358	0.463110	0.600614	0.416428	0.427827	0.539574	0.618919	0.386408	0.566314	0.541968	0.290884	0.208906	0.562212	0.598201	0.385965	0.553156	0.596154	0.637203	0.301538	0.219355	0.595465	0.487892	0.462810	0.606014	0.507853	0.629707	0.450417	0.544856	0.128814	0.525952	0.294557	0.560129	0.406520	0.574942	0.542517	0.620783	0.622533	0.596394	0.400385	0.427625	0.617428	0.405354	0.641774	0.631188	0.381232	0.532423	0.632988	0.592022	0.249023	0.463661	0.638379	0.577644	0.394781	0.573650	0.542429	0.143129	0.576797	0.311927	0.379277	0.598145	0.556748	0.615591	0.602027	0.513089	0.051111	0.565593	0.494243	0.389105	0.452690	0.564103	0.481081	0.641555	0.572385	0.379648	0.643333	0.539043	0.623711	0.371681	0.568675	0.526867	0.643585	0.525812	0.657143	0.512730	0.408397	0.563059	0.299795	0.514589	0.476018	0.570513	0.608365	0.389105	0.626913	0.412607	0.267782	0.619213	0.414914	0.470909	0.258675	0.322681	0.647025	0.291022	0.454713	0.416428	0.634799	0.588608	0.641694	0.543609	0.503993	0.357143	0.456140	0.428163	0.332326	0.301538	0.353877	0.546502	0.641975	0.604857	0.586026	0.643187	0.606820	0.496916	0.626791	0.595900	0.547439	0.491541	0.570983	0.617540	0.160000	0.320487	0.497326	0.536868	0.603221	
0.609091	0.624553	0.548105	0.630607	0.611212	0.576205	0.516447	0.038536	0.624697	0.651558	0.640950	0.509317	0.640118	0.639437	0.630923	0.655930	0.598361	0.633391	0.653614	0.605327	0.380589	0.412359	0.613692	0.644275	0.651363	0.150561	0.535446	0.614887	0.629630	0.327239	0.520492	0.630182	0.648649	0.651969	0.421635	0.620370	0.644150	0.400919	0.577206	0.590786	0.599572	0.513793	0.457560	0.284318	0.621302	0.581227	0.440613	0.248753	0.626286	0.246905	0.649776	0.634804	0.299442	0.631724	0.623509	0.589452	0.610932	0.628975	0.595395	0.640751	0.300992	0.590406	0.597536	0.604569	0.551167	0.397942	0.615652	0.623711	0.623946	0.565929	0.639205	0.663768	0.322104	0.633526	0.635097	0.020052	0.633987	0.534022	0.320037	0.620767	0.625000	0.656797	0.602787	0.500770	0.671733	0.533333	0.658699	0.636364	0.409091	0.526493	0.098839	0.644860	0.612420	0.597582	0.547085	0.762842	0.145477	0.605634	0.588115	0.647564	0.625000	0.630282	0.632653	0.049405	0.576493	0.391705	0.565923	0.113829	0.380589	0.630556	0.505263	0.626728	0.574181	0.584730	0.600451	0.527961	0.109045	0.632411	0.431078	0.425903	0.255771	0.361846	0.406393	0.577735	0.047593	0.304007	0.646976	0.543723	0.636612	0.590674	0.300992	0.436433	0.606947	0.627604	0.590909	0.656115	0.201851	0.619339	0.564706	0.572993	0.574976	0.629808	0.644279	0.640662	0.610932	0.520661	0.577819	0.587873	0.365340	0.647727	0.608260	0.391915	0.635488	0.590406	0.431472	0.239123	0.631179	0.587361	0.559180	0.644970	0.242277	0.483776	0.398169	0.468750	0.493353	0.637119	0.662519	0.517628	0.630359	0.605103	0.465623	0.518755	0.648521	0.578431	0.450836	0.213717	0.628289	0.621118	0.635910	0.475899	0.450890	0.542517	0.231586	0.579492	0.408900	0.619048	0.645087	0.586935	0.608501	0.575824	0.595825	0.193943	0.534351	0.633333	0.500770	0.631579	0.580962	0.534041	0.606452	0.614365	0.357216	0.609579	0.620172	0.663029	0.662937	0.275454	0.649007	0.639303	0.664835	0.349349	0.642202	0.647746	0.568574	0.426966	0.636943	0.489146	0.633663	0.150366	0.488406	0.643579	0.487179	0.561265	0.624093	0.291806	0.604006	0.523380	0.413710	0.643678	0.561243	0.646724	0.459519	0.633416	0.372960	0.656250	0.627043	0.202378	0.641827	0.614173	0.656489	0.486526	0.615917	0.538062	0.528926	0.575592	0.522954	0.621295	0.640000	0.606195	0.157740	0.622829	0.649635	0.633758	0.650138	0.479830	0.100984	0.616162	0.564103	0.573805	0.274479	0.526763	1.000000	0.619590	0.619414	0.653722	0.621035	0.610390	0.639551	0.638122	0.390135	0.031746	0.294142	0.628075	0.614148	0.535336	0.623737	0.579981	0.429530	0.624855	0.615120	0.500379	0.460705	0.640244	0.639366	0.636103	0.621170	0.345972	0.653117	0.268565	0.514423	0.649457	0.655949	0.473498	0.426966	0.586331	0.294888	0.530612	0.599341	0.609610	0.610805	0.614865	0.588832	0.633758	0.633731	0.434896	0.646030	0.606285	0.625430	0.613018	0.125067	0.653722	0.178061	0.168885	0.597826	0.614583	0.604396	0.648865	0.579256	0.637681	0.586433	0.627595	0.602510	0.582000	0.626772	0.601770	0.468144	0.618487	0.597520	0.634731	0.614865	0.589354	0.636496	0.124399	0.627338	0.543875	0.575581	0.641849	0.639151	0.577611	0.402746	0.525050	0.539550	0.631056	0.280321	0.626829	0.530726	0.475261	0.649852	0.641330	0.565558	0.625786	0.590535	0.634538	0.321956	0.537074	0.631751	0.500000	0.612737	0.275020	0.648649	0.624390	0.636015	0.648923	0.486486	0.624860	0.400237	0.584555	0.618634	0.445916	0.521668	0.607102	0.639281	0.639900	0.589041	0.464409	0.547945	0.226109	0.602767	0.588121	0.640000	0.607539	0.229228	0.646416	0.588028	0.207800	0.643678	0.575425	0.617060	0.645333	0.305470	0.133870	0.093716	0.328471	0.624561	0.610603	0.645517	0.625430	0.582449	0.548387	0.452328	0.599099	0.666667	0.645902	0.613692	0.650675	0.471738	0.630000	0.663043	0.280788	0.670606	0.135718	0.639474	0.617021	0.625304	0.625538	0.600199	0.560440	0.412114	0.625000	0.608997	0.476123	0.603175	0.531174	0.552331	0.558824	0.643579	0.542955	0.585263	0.113110	0.634868	0.572727	0.627635	0.190710	0.355216	0.644537	0.062934	0.630872	0.537849	0.595588	0.630675	0.327853	0.596630	0.389944	0.656672	0.021866	0.634761	0.627692	0.571949	0.614357	0.660598	0.589540	0.526135	0.365254	0.593002	0.505678	0.640449	0.564772	0.594796	0.642298	0.292417	0.567404	0.285364	0.503541	0.636364	0.625659	0.637333	0.545455	0.616564	0.635783	0.626788	0.629187	0.579235	0.473164	0.623239	0.507338	0.525220	0.613757	0.637681	0.495763	0.150011	0.514377	0.530612	0.620232	0.595070	0.572477	0.626752	0.487161	0.320037	0.617284	0.578450	0.612583	0.207122	0.560311	0.544355	0.576850	0.663043	0.527005	0.609091	0.619718	0.507582	0.599165	0.664634	0.561279	0.613303	0.648876	0.642857	0.645081	0.473757	0.342043	0.540434	0.659409	0.637363	0.629087	
0.583333	0.649657	0.615385	0.626866	0.510232	0.646617	0.585960	0.057836	0.646123	0.613995	0.608899	0.587193	0.606061	0.606742	0.647658	0.609502	0.622837	0.541393	0.609005	0.638171	0.503476	0.522813	0.639279	0.584431	0.618016	0.219684	0.607687	0.578947	0.563307	0.445309	0.416168	0.554278	0.593381	0.579141	0.524626	0.601449	0.640238	0.515357	0.511050	0.623094	0.653501	0.600000	0.553318	0.400759	0.605140	0.517711	0.539519	0.352311	0.642654	0.351181	0.615746	0.640562	0.410195	0.625414	0.552803	0.641674	0.588529	0.525469	0.576142	0.641469	0.416166	0.498615	0.632582	0.531375	0.630603	0.510109	0.532450	0.627615	0.553687	0.648072	0.624434	0.604598	0.443119	0.644976	0.632517	0.030237	0.575758	0.611484	0.439644	0.636023	0.587065	0.619718	0.533156	0.583221	0.608592	0.603745	0.600214	0.631347	0.293548	0.598977	0.146092	0.593674	0.653501	0.542819	0.622394	0.630137	0.212535	0.542781	0.615917	0.610478	0.637131	0.534759	0.645228	0.073945	0.624601	0.276873	0.646655	0.167617	0.493545	0.628889	0.384733	0.646947	0.469242	0.490934	0.651032	0.601719	0.160766	0.632588	0.533784	0.538634	0.363011	0.478900	0.288026	0.633388	0.071265	0.415186	0.608305	0.614232	0.629386	0.537549	0.420968	0.549688	0.506190	0.632911	0.635849	0.610286	0.290819	0.629890	0.452174	0.622257	0.629177	0.632411	0.628049	0.641326	0.630728	0.614388	0.633679	0.622723	0.257002	0.597285	0.629213	0.510964	0.626240	0.498615	0.512528	0.341400	0.629515	0.495822	0.635275	0.614486	0.345639	0.584635	0.285251	0.568010	0.574967	0.616408	0.595383	0.591036	0.651965	0.642074	0.551850	0.602931	0.641951	0.628333	0.551642	0.307023	0.571066	0.641624	0.629328	0.577001	0.555097	0.607670	0.331246	0.621078	0.513294	0.634652	0.650718	0.616170	0.635009	0.631193	0.486563	0.279968	0.596026	0.637500	0.591340	0.629890	0.615513	0.614798	0.619820	0.635945	0.477038	0.619102	0.633094	0.635268	0.627933	0.386883	0.586735	0.632114	0.610132	0.465565	0.587530	0.567394	0.605777	0.307200	0.594059	0.578745	0.635628	0.219411	0.575641	0.625430	0.367284	0.446064	0.607595	0.409798	0.598311	0.604718	0.521975	0.631360	0.605965	0.609977	0.339089	0.643585	0.262726	0.617647	0.616647	0.291540	0.636364	0.619958	0.650104	0.565357	0.548813	0.598802	0.600000	0.515775	0.443465	0.648946	0.558974	0.642066	0.229750	0.643002	0.638723	0.584158	0.633554	0.564972	0.149182	0.563307	0.457060	0.630473	0.387808	0.610169	0.619590	1.000000	0.588661	0.568922	0.572529	0.560302	0.613662	0.621681	0.509165	0.047729	0.410497	0.601607	0.581047	0.618902	0.629630	0.629303	0.312600	0.645533	0.548556	0.588392	0.559179	0.610048	0.633938	0.633257	0.616927	0.242525	0.625272	0.380712	0.589636	0.631004	0.573566	0.570533	0.307200	0.529891	0.410679	0.414925	0.630614	0.593381	0.631095	0.549223	0.645494	0.566832	0.547588	0.530303	0.630553	0.510402	0.543307	0.640000	0.183649	0.568922	0.258049	0.245305	0.510929	0.654008	0.638532	0.635091	0.460203	0.611494	0.636197	0.642643	0.651408	0.644068	0.579141	0.523490	0.571429	0.565161	0.641050	0.636453	0.647940	0.481586	0.617341	0.182697	0.610286	0.614576	0.630363	0.625652	0.645914	0.629123	0.285251	0.435935	0.589428	0.645685	0.394007	0.648000	0.594896	0.568421	0.611241	0.632094	0.630616	0.580882	0.637153	0.636462	0.442078	0.435935	0.558786	0.377301	0.544021	0.388521	0.620612	0.573585	0.625130	0.623323	0.570691	0.646785	0.505083	0.633416	0.637563	0.328594	0.583036	0.657170	0.629823	0.638690	0.628952	0.574063	0.460203	0.323845	0.634228	0.651201	0.617544	0.626617	0.328062	0.650050	0.537433	0.298955	0.625571	0.641829	0.511628	0.627957	0.426775	0.196144	0.138700	0.449458	0.635749	0.511692	0.629834	0.621083	0.611339	0.428994	0.323296	0.634831	0.578431	0.569620	0.631263	0.604486	0.579045	0.558974	0.624454	0.194539	0.585764	0.198760	0.636170	0.529570	0.636727	0.624857	0.632291	0.624214	0.520386	0.527027	0.538259	0.567277	0.530120	0.603534	0.627183	0.502762	0.616266	0.616071	0.628319	0.166588	0.576142	0.635938	0.628627	0.275521	0.475524	0.613511	0.093869	0.629189	0.439883	0.497238	0.629146	0.448679	0.624054	0.508629	0.609209	0.032958	0.636550	0.587952	0.502058	0.577664	0.625922	0.567201	0.607275	0.481110	0.492393	0.596935	0.623318	0.617717	0.490251	0.632135	0.411375	0.633731	0.402133	0.598208	0.597619	0.531375	0.625806	0.426667	0.603365	0.570720	0.630137	0.637795	0.507545	0.567669	0.532086	0.386606	0.597621	0.543507	0.571785	0.377301	0.218912	0.587989	0.417910	0.567050	0.540107	0.631496	0.650777	0.579391	0.437103	0.584541	0.499295	0.571429	0.298028	0.461095	0.428994	0.472419	0.626638	0.607703	0.647170	0.635659	0.587579	0.639719	0.593301	0.635528	0.633552	0.621076	0.594660	0.628688	0.566339	0.239601	0.448326	0.597813	0.610132	0.644799	
0.602291	0.607595	0.504082	0.609309	0.587302	0.553719	0.469580	0.033215	0.617761	0.608828	0.643200	0.464891	0.632750	0.632375	0.589641	0.627760	0.558792	0.609023	0.627642	0.602317	0.336134	0.367197	0.608583	0.636964	0.635802	0.130804	0.499130	0.636204	0.616514	0.287908	0.546697	0.635379	0.628849	0.645051	0.378961	0.611018	0.612821	0.354610	0.593939	0.606676	0.569492	0.489649	0.408499	0.249377	0.647528	0.598020	0.395517	0.217628	0.583535	0.215983	0.627010	0.607562	0.262927	0.603550	0.650558	0.549020	0.631763	0.607350	0.626118	0.625538	0.264317	0.596349	0.560000	0.619231	0.527700	0.352941	0.600760	0.632737	0.621324	0.537374	0.629008	0.614665	0.283286	0.598039	0.633782	0.017261	0.611012	0.503597	0.281426	0.590203	0.622609	0.605187	0.613333	0.461169	0.627258	0.482821	0.588068	0.652880	0.439898	0.492982	0.085555	0.637437	0.578531	0.626415	0.532833	0.565820	0.126342	0.616570	0.550162	0.597843	0.606398	0.628131	0.612245	0.042617	0.518084	0.431169	0.565635	0.098636	0.336134	0.640835	0.521127	0.590965	0.578723	0.602459	0.585424	0.483290	0.094458	0.633803	0.387847	0.385356	0.223881	0.319149	0.447301	0.545821	0.041048	0.267023	0.622356	0.506329	0.632504	0.603774	0.264317	0.391645	0.606426	0.609179	0.575211	0.619195	0.176005	0.617188	0.590022	0.531041	0.539078	0.610473	0.582781	0.572146	0.567873	0.489233	0.527344	0.564935	0.407407	0.610687	0.608000	0.346420	0.625369	0.596349	0.385069	0.209059	0.610811	0.601227	0.537109	0.628389	0.211864	0.443764	0.448454	0.435614	0.447510	0.615156	0.616162	0.478732	0.599509	0.602067	0.415493	0.480066	0.597990	0.545829	0.409405	0.186509	0.647585	0.603175	0.602922	0.453100	0.405995	0.496894	0.202361	0.524655	0.368030	0.578631	0.593137	0.536998	0.589349	0.543554	0.610879	0.169014	0.495575	0.607387	0.469175	0.604167	0.538144	0.528651	0.574347	0.588785	0.314961	0.631250	0.566251	0.631579	0.618619	0.241449	0.612613	0.617219	0.612666	0.307850	0.644628	0.621818	0.520913	0.454545	0.645941	0.438110	0.611331	0.130634	0.444778	0.611801	0.510740	0.568928	0.625000	0.256082	0.623333	0.476923	0.370508	0.594005	0.505263	0.624809	0.480392	0.610890	0.410526	0.632061	0.657051	0.176471	0.602810	0.628331	0.607870	0.439577	0.608696	0.507678	0.492679	0.588000	0.553097	0.577726	0.606171	0.589474	0.137112	0.597094	0.600259	0.642487	0.617430	0.432551	0.087425	0.634862	0.589520	0.552026	0.240577	0.498227	0.619414	0.588661	1.000000	0.629174	0.629091	0.627866	0.623494	0.598519	0.345821	0.027350	0.258176	0.629283	0.631763	0.504155	0.605653	0.523529	0.467337	0.610837	0.604128	0.455118	0.420463	0.626030	0.607345	0.616333	0.621824	0.386059	0.615385	0.235294	0.472060	0.614265	0.631763	0.434846	0.469697	0.635108	0.258844	0.535147	0.577726	0.619125	0.589744	0.659300	0.566239	0.632124	0.631970	0.398117	0.602305	0.585366	0.622889	0.600503	0.108460	0.629174	0.154999	0.146915	0.608350	0.625869	0.566783	0.611429	0.584416	0.624025	0.582659	0.618182	0.564498	0.557308	0.617747	0.620155	0.422939	0.626374	0.582339	0.603053	0.600715	0.557652	0.647799	0.107875	0.631579	0.495463	0.543235	0.621918	0.615770	0.528600	0.443299	0.555556	0.487847	0.592593	0.245801	0.601816	0.501463	0.425685	0.614400	0.597730	0.552929	0.633731	0.572048	0.604585	0.283152	0.555556	0.626335	0.505910	0.616541	0.241061	0.629969	0.636042	0.596730	0.602703	0.440909	0.582938	0.362195	0.542094	0.605820	0.470297	0.482112	0.592233	0.616438	0.604278	0.546763	0.427754	0.571429	0.197498	0.548287	0.541922	0.642173	0.569754	0.200267	0.625323	0.616570	0.181269	0.630603	0.556723	0.601594	0.624822	0.268336	0.116167	0.081092	0.289017	0.573201	0.606426	0.644970	0.580097	0.548583	0.559284	0.472637	0.591180	0.633731	0.623886	0.603381	0.611650	0.429191	0.617060	0.622999	0.319328	0.592357	0.117786	0.618847	0.625243	0.608021	0.614198	0.549266	0.529243	0.365749	0.614481	0.627599	0.428360	0.617761	0.485666	0.516544	0.602020	0.618012	0.505830	0.559378	0.098007	0.636852	0.530923	0.593789	0.166159	0.313152	0.626113	0.054338	0.609195	0.560706	0.597980	0.603133	0.288462	0.554167	0.344630	0.611650	0.018825	0.614765	0.632280	0.584000	0.603636	0.619444	0.608247	0.491950	0.322234	0.587045	0.465409	0.636501	0.519531	0.593047	0.624826	0.256630	0.537566	0.250313	0.468085	0.651391	0.619231	0.619116	0.551570	0.620232	0.644714	0.619444	0.597205	0.620000	0.430139	0.616570	0.537383	0.476667	0.602317	0.632867	0.515366	0.130321	0.473815	0.544218	0.620939	0.620424	0.526417	0.630435	0.444444	0.281426	0.627713	0.591667	0.648649	0.180668	0.584946	0.559284	0.589958	0.631732	0.479113	0.584838	0.597758	0.475083	0.569857	0.616145	0.525534	0.575179	0.630468	0.645378	0.612732	0.424589	0.381720	0.585153	0.649832	0.612666	0.582339	
0.593103	0.592885	0.499473	0.613569	0.600423	0.518677	0.454225	0.029834	0.581769	0.635783	0.636364	0.438742	0.615385	0.625397	0.592798	0.636816	0.549107	0.614770	0.623288	0.565684	0.306727	0.335621	0.577236	0.653913	0.645057	0.118086	0.470063	0.598513	0.645914	0.262056	0.549020	0.627151	0.631399	0.648649	0.347770	0.598592	0.608812	0.323901	0.590517	0.547112	0.555035	0.457407	0.376751	0.226526	0.587248	0.590717	0.362046	0.197359	0.583648	0.195850	0.626058	0.614130	0.239005	0.592248	0.615385	0.527621	0.564576	0.609053	0.587121	0.618619	0.240286	0.619048	0.554810	0.629857	0.493230	0.322349	0.630303	0.589080	0.619883	0.523462	0.634615	0.645902	0.257786	0.603822	0.614420	0.015491	0.650376	0.468085	0.256069	0.570720	0.632353	0.627451	0.599190	0.428571	0.636678	0.448372	0.632987	0.622291	0.461111	0.459874	0.077055	0.615658	0.557377	0.605210	0.492754	0.574850	0.114031	0.618852	0.542411	0.624595	0.616279	0.647541	0.610795	0.038297	0.506048	0.423729	0.520971	0.088896	0.306727	0.609375	0.531646	0.581218	0.610478	0.603939	0.558313	0.459507	0.085113	0.594993	0.354881	0.352556	0.203096	0.290968	0.480447	0.511435	0.036885	0.242780	0.643423	0.483721	0.625767	0.585170	0.240286	0.358428	0.625268	0.613372	0.540000	0.647154	0.159266	0.597015	0.595349	0.503937	0.525336	0.603723	0.621547	0.590078	0.558030	0.454867	0.515609	0.548712	0.403458	0.663462	0.567455	0.316285	0.596600	0.601732	0.358289	0.189503	0.581100	0.620087	0.497482	0.661074	0.192074	0.420063	0.459384	0.402108	0.417582	0.591900	0.628774	0.453767	0.579821	0.567968	0.387329	0.450128	0.596078	0.529787	0.377385	0.168864	0.598485	0.593103	0.637119	0.422168	0.374391	0.470803	0.183367	0.510682	0.339861	0.583541	0.596178	0.550820	0.565111	0.522892	0.626398	0.152884	0.473157	0.614286	0.438424	0.618725	0.532481	0.477640	0.562353	0.576970	0.287086	0.617406	0.556338	0.643185	0.633071	0.219234	0.629771	0.599448	0.629630	0.280501	0.609756	0.643545	0.503428	0.482192	0.649635	0.410138	0.604396	0.117931	0.413846	0.636215	0.546392	0.586854	0.568144	0.232699	0.583480	0.460053	0.339861	0.608819	0.499014	0.627010	0.530504	0.570637	0.446991	0.621795	0.613828	0.159691	0.598404	0.577713	0.620397	0.412993	0.594378	0.475836	0.460177	0.571429	0.546318	0.572804	0.630769	0.575243	0.123820	0.614325	0.590296	0.631387	0.622291	0.403601	0.078747	0.599222	0.580796	0.501134	0.218433	0.468551	0.653722	0.568922	0.629174	1.000000	0.620424	0.589552	0.606635	0.621118	0.315728	0.024558	0.234627	0.599018	0.605166	0.475285	0.592697	0.509606	0.479564	0.588988	0.653386	0.432607	0.382521	0.631944	0.611521	0.611650	0.623824	0.426901	0.635258	0.213577	0.450342	0.621951	0.660517	0.402996	0.493151	0.596639	0.235243	0.556098	0.553550	0.597270	0.568319	0.617188	0.554696	0.605839	0.635108	0.369505	0.627451	0.629067	0.645418	0.577778	0.097800	1.000000	0.140104	0.132741	0.644068	0.581395	0.568675	0.627803	0.593968	0.632787	0.539568	0.584574	0.561644	0.523913	0.619820	0.643299	0.394428	0.640777	0.542751	0.582781	0.574257	0.636771	0.624793	0.097270	0.595122	0.478058	0.521008	0.612303	0.593750	0.516785	0.453782	0.553699	0.474576	0.604138	0.223237	0.591892	0.478873	0.395572	0.616162	0.603675	0.526539	0.586331	0.551570	0.623688	0.257663	0.591885	0.647834	0.551020	0.626747	0.218877	0.632424	0.613084	0.614509	0.620592	0.414275	0.563346	0.334369	0.525981	0.595862	0.504021	0.463692	0.564943	0.629471	0.602510	0.526539	0.389173	0.584687	0.178916	0.540773	0.525871	0.631933	0.591241	0.181450	0.600269	0.598361	0.164074	0.610390	0.510315	0.649682	0.608955	0.243991	0.104792	0.073018	0.263081	0.580645	0.591006	0.632558	0.592686	0.514107	0.552885	0.501348	0.559406	0.654676	0.656604	0.550136	0.633731	0.397635	0.653846	0.628049	0.349693	0.673367	0.106261	0.614706	0.623967	0.598383	0.576985	0.552546	0.498024	0.335411	0.637500	0.626506	0.405140	0.599589	0.460606	0.495743	0.568966	0.616639	0.479705	0.549425	0.088327	0.632576	0.507843	0.599483	0.150279	0.285411	0.618974	0.048860	0.595489	0.578199	0.607759	0.593197	0.262567	0.536060	0.314620	0.640545	0.016896	0.607843	0.617544	0.571429	0.631985	0.621190	0.588022	0.467341	0.293829	0.596112	0.431910	0.642405	0.511581	0.620087	0.620991	0.233203	0.512035	0.227388	0.436608	0.637931	0.646217	0.620896	0.612048	0.615385	0.641026	0.606676	0.595238	0.571429	0.401198	0.643443	0.559194	0.451668	0.616016	0.624769	0.525510	0.117647	0.443686	0.570732	0.627151	0.610656	0.506931	0.570213	0.416212	0.256069	0.577465	0.587973	0.622137	0.163526	0.580645	0.581731	0.626398	0.631098	0.464098	0.567500	0.598446	0.443308	0.548975	0.663194	0.495220	0.577447	0.617089	0.641844	0.611342	0.393275	0.416422	0.608899	0.674956	0.629630	0.579926	
0.609626	0.586486	0.470968	0.582701	0.603524	0.507625	0.427932	0.027756	0.585970	0.622735	0.622609	0.418839	0.639033	0.612111	0.591750	0.599315	0.517674	0.643154	0.644248	0.585970	0.288184	0.315657	0.584145	0.629496	0.618729	0.110205	0.449091	0.635838	0.642424	0.245821	0.596401	0.630952	0.603175	0.623134	0.327225	0.648452	0.589041	0.304507	0.660674	0.594679	0.536527	0.450518	0.354862	0.212224	0.644714	0.624176	0.340832	0.184706	0.567010	0.183284	0.632867	0.580195	0.224014	0.607029	0.643443	0.525346	0.623327	0.625268	0.652259	0.621329	0.225225	0.623025	0.518857	0.646809	0.482759	0.303030	0.626050	0.605613	0.639676	0.502128	0.631405	0.612521	0.241779	0.571802	0.623586	0.014405	0.615984	0.455744	0.240154	0.554003	0.651429	0.608696	0.631579	0.412010	0.658318	0.448864	0.581040	0.612440	0.492669	0.447706	0.071808	0.640884	0.553293	0.616667	0.472441	0.544118	0.106406	0.639659	0.503991	0.601002	0.597907	0.622601	0.578102	0.035640	0.476876	0.471642	0.516347	0.082878	0.288184	0.644122	0.563830	0.582575	0.604762	0.652968	0.559085	0.433303	0.079340	0.603030	0.334001	0.331785	0.190114	0.273224	0.501475	0.496288	0.034324	0.227583	0.607843	0.467803	0.628752	0.641667	0.225225	0.337382	0.625000	0.582960	0.558259	0.620805	0.148854	0.576602	0.622871	0.477432	0.491561	0.578445	0.587234	0.567604	0.541966	0.442844	0.486653	0.526316	0.463415	0.604959	0.585714	0.297265	0.605096	0.636569	0.335816	0.177305	0.597101	0.601367	0.484600	0.648180	0.179727	0.397772	0.497041	0.380443	0.398406	0.606742	0.628676	0.422977	0.568063	0.577348	0.364964	0.429809	0.573727	0.503800	0.358166	0.157878	0.648330	0.583569	0.566145	0.410596	0.352609	0.449396	0.171527	0.489627	0.319693	0.546616	0.566580	0.504464	0.558491	0.530210	0.616822	0.142857	0.442593	0.590308	0.417014	0.579387	0.508696	0.463178	0.529483	0.558313	0.269542	0.613559	0.533013	0.608833	0.616883	0.205339	0.657426	0.595745	0.600954	0.263296	0.641441	0.640000	0.471058	0.491329	0.646503	0.388153	0.592384	0.110059	0.390320	0.619529	0.558266	0.604423	0.627119	0.218055	0.629091	0.435714	0.319693	0.576023	0.468342	0.597015	0.547486	0.586060	0.466667	0.611570	0.627178	0.149254	0.572988	0.597285	0.593886	0.390895	0.630480	0.456008	0.441044	0.648889	0.572139	0.544335	0.638723	0.539130	0.115580	0.577086	0.591978	0.646503	0.602871	0.378995	0.073389	0.646465	0.622549	0.514484	0.204583	0.452690	0.621035	0.572529	0.629091	0.620424	1.000000	0.626692	0.618893	0.598400	0.296736	0.022844	0.219877	0.645270	0.642447	0.466602	0.588745	0.480412	0.517241	0.564304	0.641822	0.406557	0.363108	0.635548	0.595745	0.604341	0.617124	0.445820	0.597809	0.200000	0.424717	0.605965	0.661568	0.379939	0.526012	0.634573	0.220459	0.588235	0.544335	0.634921	0.549505	0.649087	0.523702	0.623819	0.627049	0.347947	0.608696	0.647059	0.641822	0.571046	0.091208	0.620424	0.130856	0.123946	0.613687	0.615845	0.547472	0.606154	0.621359	0.615905	0.542331	0.588889	0.532089	0.517203	0.623134	0.630901	0.371747	0.641129	0.553299	0.570652	0.565272	0.618267	0.648464	0.090711	0.614094	0.448669	0.505895	0.602941	0.568758	0.489627	0.479290	0.590000	0.444646	0.577904	0.209118	0.582524	0.461538	0.372754	0.636522	0.567968	0.509209	0.644320	0.526919	0.592593	0.241663	0.600000	0.632812	0.568365	0.651452	0.205002	0.609272	0.627907	0.573099	0.591304	0.392126	0.549118	0.314465	0.495671	0.583569	0.525424	0.437722	0.571059	0.576471	0.598854	0.500542	0.370920	0.621359	0.167336	0.514786	0.502155	0.631944	0.535492	0.169722	0.582873	0.639659	0.153374	0.629816	0.507761	0.623894	0.599078	0.228728	0.097752	0.068036	0.246792	0.563492	0.616071	0.607029	0.545220	0.492537	0.589421	0.528409	0.555133	0.621974	0.630137	0.575800	0.612676	0.374813	0.646707	0.596546	0.371336	0.608997	0.099128	0.614221	0.632258	0.575380	0.612040	0.508850	0.477341	0.315457	0.642082	0.634656	0.383436	0.606838	0.436620	0.470135	0.615730	0.622896	0.460094	0.524089	0.082345	0.632613	0.485514	0.564238	0.140410	0.267953	0.605769	0.045488	0.600619	0.615385	0.615730	0.594972	0.246305	0.516484	0.295683	0.619718	0.015712	0.589928	0.620690	0.608889	0.656000	0.597015	0.597744	0.455056	0.275938	0.603604	0.409165	0.626427	0.472279	0.619590	0.605697	0.218531	0.511732	0.213038	0.414676	0.627451	0.646809	0.614439	0.575758	0.643761	0.641366	0.591045	0.586160	0.640000	0.379651	0.656716	0.555556	0.427826	0.615385	0.632184	0.557641	0.109794	0.424978	0.578005	0.638889	0.665245	0.482341	0.591837	0.393987	0.240154	0.622951	0.613953	0.653465	0.152858	0.631325	0.599496	0.621495	0.599686	0.438112	0.563380	0.568393	0.426343	0.528522	0.624776	0.473223	0.558376	0.623165	0.627523	0.582386	0.370645	0.447205	0.593137	0.639706	0.610493	0.568528	
0.608997	0.570674	0.492080	0.606509	0.581741	0.521925	0.437390	0.029616	0.583333	0.615385	0.618243	0.436153	0.624161	0.621019	0.597222	0.585691	0.519016	0.605210	0.621993	0.586022	0.304795	0.333542	0.592391	0.614311	0.601626	0.117260	0.463742	0.645522	0.609375	0.260361	0.600985	0.614203	0.616438	0.589512	0.345631	0.639576	0.594378	0.321881	0.632035	0.621951	0.542254	0.474954	0.374474	0.225032	0.636364	0.635593	0.359838	0.196035	0.569987	0.194536	0.617997	0.574932	0.237439	0.631415	0.629703	0.528814	0.637037	0.607438	0.650190	0.620482	0.238713	0.560870	0.522422	0.632444	0.496124	0.320336	0.563895	0.616715	0.626223	0.501567	0.614148	0.578947	0.256115	0.572158	0.610063	0.015377	0.622642	0.483781	0.254407	0.567164	0.642066	0.586989	0.650407	0.437500	0.638889	0.469711	0.575261	0.608696	0.486034	0.475158	0.076504	0.632143	0.561033	0.627767	0.495644	0.547419	0.113232	0.625514	0.505593	0.594156	0.600583	0.609053	0.589744	0.038018	0.486869	0.465909	0.539823	0.088264	0.304795	0.633229	0.554707	0.575064	0.567506	0.610989	0.564677	0.449735	0.084507	0.620384	0.352708	0.350394	0.201738	0.289117	0.432584	0.508333	0.036615	0.241192	0.607313	0.475303	0.618462	0.663984	0.238713	0.356237	0.580645	0.565598	0.581454	0.610114	0.158175	0.576871	0.588785	0.500986	0.495337	0.589333	0.576177	0.557592	0.533490	0.460993	0.508577	0.511785	0.446377	0.572347	0.622036	0.314303	0.623256	0.613043	0.350736	0.188227	0.630835	0.578947	0.502523	0.646465	0.190782	0.412873	0.484507	0.401207	0.408805	0.637500	0.606061	0.435678	0.545455	0.599190	0.385004	0.445773	0.584535	0.511727	0.377919	0.167714	0.657795	0.625173	0.550000	0.427755	0.372125	0.464351	0.182128	0.491335	0.337761	0.547500	0.574713	0.510405	0.559113	0.572464	0.584270	0.151834	0.461258	0.590258	0.435855	0.552381	0.516542	0.484271	0.530660	0.554070	0.285256	0.606260	0.550588	0.605223	0.590837	0.217781	0.613027	0.567867	0.606811	0.278706	0.639860	0.622824	0.490677	0.479339	0.611722	0.410769	0.589532	0.117105	0.409861	0.608838	0.518135	0.584906	0.629325	0.231169	0.638448	0.439754	0.337761	0.599144	0.480237	0.606452	0.506667	0.627778	0.432277	0.598071	0.626058	0.158598	0.568000	0.626471	0.590909	0.405887	0.620968	0.472998	0.457447	0.625268	0.568019	0.540410	0.602317	0.549878	0.122956	0.558011	0.575676	0.619048	0.586957	0.396694	0.078184	0.625000	0.564706	0.543182	0.216985	0.473059	0.610390	0.560302	0.627866	0.589552	0.626692	1.000000	0.646593	0.610592	0.313749	0.024378	0.233086	0.646962	0.607407	0.487619	0.583099	0.496454	0.498630	0.580231	0.600000	0.417138	0.383070	0.609756	0.592593	0.613636	0.641509	0.405882	0.576220	0.212157	0.442539	0.608563	0.622222	0.399100	0.462810	0.582278	0.233698	0.568627	0.566948	0.647260	0.569697	0.619608	0.529347	0.655678	0.601980	0.365887	0.593041	0.588235	0.592000	0.597641	0.097109	0.589552	0.139135	0.131819	0.604255	0.618076	0.538647	0.596702	0.564103	0.588816	0.572115	0.607870	0.530892	0.549020	0.614828	0.604555	0.392070	0.612086	0.583851	0.594954	0.565757	0.581081	0.640133	0.096582	0.629690	0.463985	0.501053	0.599713	0.561358	0.495413	0.473239	0.589928	0.457551	0.605809	0.221761	0.598916	0.495968	0.391722	0.601351	0.571053	0.519149	0.657040	0.543820	0.592481	0.255992	0.551559	0.593573	0.528205	0.609218	0.217427	0.599034	0.626642	0.593438	0.571429	0.407148	0.547472	0.331052	0.516472	0.564315	0.528302	0.455741	0.586599	0.591105	0.573427	0.508511	0.391209	0.606061	0.177704	0.524731	0.526984	0.650927	0.529268	0.180223	0.596491	0.670782	0.162954	0.635179	0.528836	0.588486	0.592814	0.242397	0.104053	0.072495	0.261380	0.543338	0.632258	0.600311	0.530973	0.521466	0.579710	0.514905	0.563275	0.624549	0.613636	0.592391	0.611966	0.395263	0.610039	0.581040	0.351852	0.598319	0.105513	0.589971	0.605809	0.559459	0.637398	0.516830	0.485149	0.333333	0.623431	0.616935	0.399697	0.593814	0.450997	0.479621	0.597403	0.648118	0.467652	0.529954	0.087699	0.623574	0.499018	0.533679	0.149245	0.283590	0.608424	0.048506	0.621418	0.600000	0.593074	0.586630	0.260870	0.513484	0.312646	0.591453	0.016772	0.581461	0.602113	0.629550	0.634429	0.596798	0.601093	0.466359	0.291963	0.620390	0.429379	0.606349	0.492432	0.596491	0.605263	0.231670	0.528509	0.225888	0.440706	0.619377	0.579055	0.601796	0.532688	0.635088	0.628676	0.593886	0.586207	0.638116	0.394303	0.617284	0.556962	0.437018	0.581443	0.615955	0.543590	0.116823	0.435897	0.549020	0.614203	0.629630	0.500000	0.614509	0.413739	0.254407	0.600707	0.621924	0.620690	0.162409	0.578704	0.541063	0.611236	0.587156	0.447368	0.561404	0.550649	0.444065	0.529680	0.585366	0.490421	0.546584	0.619048	0.597865	0.574202	0.390922	0.412979	0.569412	0.606061	0.560372	0.556522	
0.642963	0.629977	0.559387	0.631307	0.584507	0.589147	0.515028	0.040159	0.637337	0.643551	0.644412	0.511128	0.646465	0.642759	0.651163	0.624642	0.599395	0.597315	0.621502	0.625446	0.393726	0.424028	0.619448	0.623881	0.629213	0.156525	0.545305	0.650869	0.600985	0.338920	0.516899	0.637540	0.619677	0.615385	0.428745	0.636501	0.625592	0.412301	0.576029	0.634794	0.600632	0.546383	0.463559	0.294737	0.633864	0.597540	0.447818	0.258065	0.615730	0.256158	0.638484	0.628159	0.310315	0.645946	0.614618	0.590631	0.637363	0.598967	0.632424	0.638633	0.311911	0.556553	0.592518	0.599315	0.579274	0.409297	0.589831	0.644753	0.621711	0.576850	0.645341	0.646809	0.333639	0.622727	0.641201	0.020905	0.612440	0.556122	0.331512	0.621532	0.641628	0.617414	0.621392	0.514851	0.627043	0.531624	0.619792	0.647773	0.400000	0.551495	0.102868	0.645358	0.613277	0.609428	0.576991	0.606452	0.151257	0.610635	0.577195	0.639551	0.646232	0.620926	0.635795	0.051474	0.564857	0.378619	0.601399	0.118432	0.389400	0.658503	0.485714	0.622877	0.543071	0.583333	0.610433	0.528026	0.113466	0.645995	0.438237	0.445404	0.265306	0.373457	0.392936	0.571429	0.049588	0.315015	0.641873	0.547009	0.637216	0.626263	0.311911	0.446115	0.565836	0.633461	0.625698	0.633803	0.209617	0.625000	0.540952	0.558056	0.561205	0.623377	0.615385	0.606272	0.605485	0.540408	0.575368	0.580972	0.352941	0.611961	0.638821	0.403118	0.644205	0.585278	0.432432	0.248125	0.634328	0.560579	0.568015	0.630970	0.251381	0.498906	0.389381	0.486297	0.486486	0.645862	0.647416	0.527316	0.612756	0.642005	0.471698	0.526814	0.618605	0.583575	0.464901	0.221884	0.629213	0.634146	0.616891	0.509834	0.463446	0.547439	0.240343	0.573284	0.423123	0.608696	0.636364	0.570297	0.613861	0.611892	0.560886	0.201439	0.537688	0.646541	0.519421	0.615385	0.576402	0.547993	0.594709	0.626087	0.369731	0.633523	0.604013	0.628342	0.632877	0.285602	0.630048	0.632479	0.654105	0.360656	0.648729	0.631922	0.562724	0.417391	0.615863	0.501074	0.646416	0.156324	0.500358	0.629944	0.472050	0.537428	0.642045	0.302451	0.632530	0.523501	0.425507	0.634085	0.555455	0.649930	0.436441	0.658507	0.360360	0.642559	0.654070	0.210162	0.623377	0.646075	0.641698	0.485591	0.603710	0.549957	0.542041	0.570922	0.527132	0.606911	0.617886	0.600653	0.163964	0.604141	0.616487	0.631415	0.639676	0.487395	0.105096	0.617406	0.536398	0.589560	0.284597	0.548658	0.639551	0.613662	0.623494	0.606635	0.618893	0.646593	1.000000	0.641407	0.404669	0.033088	0.304858	0.651558	0.618524	0.544028	0.614622	0.570111	0.424242	0.625571	0.603015	0.500750	0.473508	0.619970	0.650259	0.639551	0.635744	0.334096	0.632138	0.278500	0.522565	0.639148	0.621664	0.486713	0.408696	0.598949	0.305626	0.522772	0.617711	0.646109	0.611714	0.609555	0.596000	0.646967	0.607973	0.450032	0.638522	0.575540	0.599665	0.637209	0.130093	0.606635	0.185006	0.175506	0.603175	0.633461	0.601081	0.628272	0.543726	0.624113	0.611410	0.635492	0.584964	0.593103	0.633846	0.579310	0.482522	0.600000	0.627494	0.649412	0.615725	0.569316	0.648571	0.129399	0.645070	0.536878	0.574976	0.639798	0.623407	0.578850	0.389381	0.540856	0.541118	0.631707	0.290619	0.651497	0.561983	0.481379	0.638607	0.623104	0.586307	0.639017	0.626140	0.624672	0.333486	0.529183	0.603834	0.480493	0.614094	0.285155	0.604457	0.631746	0.626566	0.634328	0.484104	0.607930	0.415493	0.578035	0.609756	0.435897	0.534733	0.637387	0.622166	0.610837	0.582449	0.481532	0.543726	0.234687	0.586173	0.591171	0.652174	0.595420	0.237908	0.656325	0.607204	0.215768	0.644163	0.592520	0.586572	0.640523	0.316522	0.139224	0.097548	0.340187	0.593103	0.597865	0.629730	0.614865	0.576046	0.528376	0.433476	0.615725	0.626728	0.614400	0.629052	0.645161	0.483425	0.621138	0.625832	0.270784	0.612717	0.141140	0.645161	0.597582	0.616487	0.651685	0.573674	0.563686	0.420247	0.594783	0.600337	0.485190	0.580756	0.532800	0.555556	0.586762	0.644068	0.549618	0.588601	0.117685	0.619583	0.568610	0.605293	0.198095	0.367677	0.636856	0.065550	0.652632	0.522244	0.590340	0.628916	0.339552	0.585938	0.402216	0.627566	0.022796	0.630408	0.622556	0.613475	0.622150	0.627551	0.603715	0.543147	0.377985	0.587814	0.510479	0.649243	0.566176	0.567812	0.632522	0.303081	0.588702	0.295815	0.517885	0.642963	0.592466	0.650980	0.517647	0.623688	0.611544	0.619898	0.634548	0.585106	0.479385	0.600343	0.495935	0.530063	0.591065	0.619497	0.488706	0.155955	0.516180	0.510891	0.614887	0.614065	0.571946	0.640000	0.492017	0.331512	0.642534	0.580882	0.623586	0.215066	0.563327	0.524462	0.560886	0.633822	0.533549	0.612291	0.606690	0.520505	0.600206	0.611028	0.559159	0.603104	0.635488	0.628225	0.608802	0.474368	0.330275	0.528736	0.613982	0.608345	0.627494	
0.603499	0.621965	0.578199	0.622449	0.552677	0.584851	0.533011	0.041347	0.617371	0.644809	0.622857	0.522070	0.616477	0.616848	0.649758	0.623413	0.596806	0.589786	0.617391	0.610329	0.400000	0.429491	0.606635	0.625551	0.630705	0.160875	0.550204	0.593168	0.603226	0.347383	0.474708	0.610493	0.627168	0.611195	0.439201	0.623145	0.626901	0.422184	0.547368	0.586387	0.602083	0.539629	0.471969	0.302297	0.592593	0.565517	0.458543	0.264831	0.625971	0.262881	0.639885	0.643705	0.318201	0.617843	0.570962	0.596173	0.592593	0.584459	0.611987	0.637306	0.319829	0.556338	0.606000	0.578151	0.575439	0.420282	0.592346	0.623441	0.594507	0.569014	0.632877	0.634078	0.341997	0.628507	0.626344	0.021529	0.626959	0.554339	0.339828	0.600877	0.618462	0.644993	0.586667	0.509063	0.622807	0.528366	0.631579	0.622340	0.386266	0.538272	0.105813	0.613772	0.606250	0.585124	0.553900	0.612115	0.155473	0.579125	0.592814	0.621547	0.622166	0.585859	0.629630	0.052989	0.575592	0.365217	0.579051	0.121793	0.395699	0.630027	0.471058	0.619687	0.546789	0.557726	0.600877	0.534622	0.116695	0.624204	0.446363	0.446078	0.272232	0.383632	0.379310	0.580524	0.051048	0.322997	0.635007	0.557155	0.614776	0.578512	0.319829	0.457996	0.572426	0.624685	0.593819	0.640777	0.215270	0.614472	0.511194	0.572193	0.587139	0.620047	0.631325	0.628440	0.598540	0.533981	0.589627	0.588589	0.339956	0.632877	0.623030	0.412839	0.610890	0.559859	0.443196	0.254669	0.625767	0.549645	0.564149	0.649573	0.257998	0.502171	0.380130	0.492329	0.513043	0.604278	0.630792	0.533752	0.609674	0.621908	0.486957	0.522283	0.633754	0.592734	0.472058	0.227825	0.599369	0.613718	0.635266	0.508627	0.470512	0.529118	0.246711	0.584022	0.427472	0.636564	0.619529	0.587659	0.613043	0.585470	0.553345	0.206897	0.552697	0.627792	0.519637	0.619217	0.587560	0.560069	0.606695	0.616541	0.378788	0.620979	0.613779	0.629776	0.653171	0.292969	0.600000	0.628916	0.631300	0.370553	0.614706	0.614400	0.567879	0.394904	0.608563	0.501420	0.621103	0.160668	0.504979	0.631433	0.461538	0.530075	0.598601	0.310174	0.604444	0.534940	0.439313	0.620519	0.562500	0.626374	0.422360	0.628019	0.351648	0.632877	0.612303	0.215827	0.631702	0.604061	0.645320	0.506076	0.579470	0.553299	0.538835	0.570435	0.478178	0.610459	0.603834	0.610753	0.168501	0.632212	0.622642	0.629969	0.622340	0.493398	0.108100	0.603226	0.525328	0.587045	0.291942	0.533666	0.638122	0.621681	0.598519	0.621118	0.598400	0.610592	0.641407	1.000000	0.411050	0.034071	0.312630	0.624826	0.608025	0.554404	0.633252	0.584475	0.410148	0.626832	0.601974	0.513011	0.480692	0.615836	0.620690	0.604972	0.629032	0.325893	0.638743	0.285714	0.522763	0.629921	0.620370	0.494101	0.390658	0.553265	0.313414	0.484496	0.599787	0.612717	0.595927	0.588997	0.597428	0.629969	0.603589	0.460948	0.637191	0.571429	0.588816	0.606200	0.133761	0.621118	0.190066	0.180332	0.564014	0.622166	0.602564	0.634839	0.521415	0.631285	0.602128	0.622485	0.613035	0.598441	0.614221	0.575296	0.484354	0.602254	0.600219	0.606272	0.617068	0.550725	0.624473	0.133049	0.607490	0.559048	0.589792	0.636025	0.620137	0.582185	0.371490	0.506667	0.546047	0.632972	0.298092	0.633570	0.534545	0.491444	0.625714	0.640553	0.599237	0.583082	0.611222	0.649418	0.341841	0.514286	0.602826	0.461847	0.589786	0.292512	0.628258	0.595944	0.630408	0.638037	0.506093	0.628945	0.417493	0.591039	0.623345	0.425887	0.541233	0.616240	0.645963	0.622114	0.589695	0.477936	0.517691	0.240925	0.597303	0.594492	0.616262	0.607759	0.244220	0.628975	0.589226	0.221566	0.623269	0.576436	0.568458	0.631443	0.324535	0.143130	0.100348	0.348675	0.608400	0.582897	0.633822	0.614016	0.579492	0.501916	0.415094	0.617068	0.625378	0.606918	0.620853	0.632035	0.489376	0.600639	0.640420	0.263889	0.625889	0.145096	0.631043	0.583051	0.622642	0.608575	0.598639	0.568873	0.435088	0.597270	0.579470	0.495451	0.573356	0.545599	0.570937	0.529825	0.628651	0.557983	0.590164	0.121026	0.596215	0.575488	0.618182	0.203473	0.376695	0.630174	0.067464	0.609598	0.503788	0.571930	0.634958	0.348028	0.593237	0.411894	0.620491	0.023476	0.634146	0.627219	0.570435	0.614400	0.638994	0.587519	0.536463	0.387197	0.565905	0.519673	0.626016	0.578708	0.563830	0.636364	0.310816	0.566667	0.303398	0.518119	0.609329	0.598319	0.623711	0.514395	0.598820	0.610429	0.631447	0.626450	0.556522	0.489598	0.592593	0.469185	0.531765	0.576728	0.621329	0.465863	0.160291	0.527387	0.488372	0.604134	0.585859	0.587814	0.609125	0.499640	0.339828	0.596439	0.544144	0.580952	0.220848	0.537037	0.505747	0.546112	0.640420	0.538462	0.622517	0.612756	0.528538	0.603659	0.624633	0.571181	0.611172	0.615176	0.611940	0.634499	0.488467	0.322148	0.514071	0.627803	0.647215	0.624315	
0.356243	0.492468	0.569267	0.438178	0.248932	0.562054	0.592528	0.149487	0.481172	0.397321	0.369318	0.609941	0.373016	0.402004	0.469280	0.377614	0.542192	0.278344	0.360000	0.481172	0.644521	0.647887	0.476891	0.351522	0.390353	0.470465	0.610066	0.315728	0.291667	0.641193	0.176620	0.300770	0.361872	0.332365	0.633985	0.344867	0.486684	0.648037	0.239264	0.424342	0.532673	0.613535	0.642251	0.634284	0.371169	0.250000	0.643288	0.596608	0.502805	0.572962	0.366534	0.475289	0.604039	0.413031	0.284519	0.539698	0.319672	0.262712	0.305785	0.430131	0.627900	0.237101	0.549515	0.265861	0.599091	0.636332	0.272125	0.453276	0.290649	0.568471	0.396648	0.384009	0.641254	0.504357	0.407982	0.079953	0.309776	0.613262	0.642179	0.514199	0.321637	0.427556	0.271084	0.637584	0.354358	0.601517	0.431756	0.413907	0.119266	0.611868	0.352234	0.339120	0.536634	0.276276	0.586097	0.519740	0.458532	0.264813	0.540252	0.391256	0.445523	0.264813	0.453476	0.188642	0.577386	0.111842	0.559846	0.386257	0.644521	0.409745	0.161435	0.499488	0.211838	0.231670	0.512170	0.601216	0.381194	0.441192	0.633110	0.647103	0.602883	0.638806	0.116798	0.562030	0.182199	0.630988	0.401781	0.592593	0.419142	0.276276	0.639060	0.633671	0.242498	0.443366	0.514751	0.388546	0.547095	0.477141	0.201754	0.578368	0.562588	0.486966	0.467725	0.491718	0.526994	0.614111	0.575266	0.541039	0.103106	0.394413	0.470027	0.651552	0.415885	0.237101	0.605560	0.579276	0.460800	0.232759	0.576193	0.371169	0.594404	0.630631	0.115561	0.640738	0.618033	0.412611	0.340081	0.609254	0.494613	0.480880	0.630920	0.613938	0.490937	0.562203	0.643936	0.579504	0.305785	0.469593	0.462924	0.635186	0.646177	0.601238	0.591220	0.575151	0.653328	0.505081	0.504357	0.544930	0.519192	0.530060	0.220707	0.540875	0.590728	0.456592	0.625839	0.476090	0.554869	0.593595	0.525794	0.521346	0.650000	0.383099	0.535183	0.420011	0.406441	0.605525	0.301775	0.468783	0.414553	0.630350	0.350575	0.296736	0.585277	0.125408	0.325554	0.636143	0.472017	0.471718	0.626115	0.385610	0.153153	0.197236	0.383099	0.625647	0.345821	0.597831	0.630047	0.457999	0.575229	0.394855	0.139987	0.468220	0.105611	0.396648	0.368391	0.570673	0.477581	0.442641	0.456197	0.623017	0.275240	0.584300	0.606272	0.244648	0.191556	0.520781	0.297746	0.515578	0.482308	0.470402	0.472746	0.325554	0.412804	0.620248	0.358590	0.291667	0.198368	0.547852	0.622210	0.614229	0.390135	0.509165	0.345821	0.315728	0.296736	0.313749	0.404669	0.411050	1.000000	0.124388	0.618098	0.384918	0.319672	0.608656	0.461129	0.575406	0.127854	0.502311	0.279376	0.621206	0.644809	0.352468	0.438416	0.391256	0.407982	0.096817	0.424342	0.608412	0.597258	0.422613	0.319672	0.636545	0.125408	0.252132	0.629018	0.178934	0.523786	0.361872	0.524837	0.289631	0.550459	0.325554	0.284519	0.628528	0.428650	0.236017	0.279376	0.495080	0.414579	0.315728	0.527367	0.512359	0.247863	0.447681	0.527054	0.432698	0.202880	0.384009	0.533000	0.477690	0.542605	0.558965	0.332365	0.261660	0.636364	0.292683	0.521034	0.490370	0.513678	0.219603	0.379447	0.422876	0.388546	0.591864	0.562795	0.452547	0.492244	0.574221	0.115561	0.189274	0.599038	0.472766	0.615213	0.480588	0.575000	0.629115	0.369318	0.487552	0.569260	0.333333	0.557823	0.427714	0.644130	0.189274	0.308780	0.157895	0.278344	0.621965	0.394634	0.312757	0.455859	0.459733	0.619145	0.516422	0.640000	0.556662	0.470650	0.135153	0.616717	0.510465	0.452547	0.463091	0.561670	0.645874	0.202880	0.579919	0.559581	0.563180	0.370244	0.519115	0.594045	0.477737	0.264813	0.562880	0.389450	0.548155	0.246793	0.431373	0.625334	0.447302	0.336302	0.634693	0.496651	0.242498	0.414136	0.503318	0.566180	0.185841	0.132726	0.511651	0.333333	0.307783	0.477941	0.362807	0.628027	0.297746	0.422613	0.076408	0.372093	0.441483	0.438787	0.260606	0.476939	0.390353	0.555290	0.571166	0.638989	0.256379	0.275240	0.623544	0.263763	0.620422	0.592892	0.239264	0.386734	0.592000	0.529470	0.390519	0.305785	0.583715	0.496907	0.527181	0.635857	0.413488	0.235690	0.430366	0.192695	0.239264	0.477643	0.635148	0.550835	0.649513	0.362807	0.086951	0.460638	0.346774	0.244648	0.296736	0.444205	0.328480	0.597426	0.631965	0.238183	0.621521	0.402670	0.567855	0.232759	0.447084	0.623092	0.561538	0.626840	0.622826	0.356243	0.265861	0.432462	0.184693	0.348677	0.323598	0.447439	0.489074	0.244648	0.629097	0.264813	0.163788	0.607281	0.263763	0.318688	0.157895	0.468723	0.615911	0.178934	0.300770	0.264813	0.582721	0.461785	0.631278	0.620753	0.344867	0.222910	0.301775	0.571364	0.206250	0.185841	0.220707	0.423710	0.608319	0.509664	0.496388	0.608807	0.541096	0.352468	0.594937	0.509883	0.402670	0.341040	0.469031	0.629045	0.095554	0.198368	0.340081	0.417861	0.512924	
0.028338	0.044288	0.060937	0.037103	0.018680	0.059894	0.077050	0.636719	0.043138	0.032462	0.029595	0.083182	0.029954	0.032820	0.041012	0.030402	0.056322	0.021216	0.028698	0.043138	0.128444	0.116141	0.042430	0.027889	0.031657	0.330723	0.075596	0.024558	0.022392	0.152335	0.012766	0.023205	0.028877	0.026090	0.111538	0.027260	0.043404	0.120886	0.017863	0.035320	0.052648	0.072253	0.101680	0.177392	0.029775	0.018770	0.106497	0.203943	0.047464	0.205507	0.029326	0.042253	0.167824	0.034160	0.021759	0.055536	0.024919	0.019858	0.023656	0.036034	0.166893	0.017681	0.056147	0.020130	0.068294	0.121538	0.020673	0.038704	0.022301	0.061806	0.032283	0.031030	0.155014	0.046583	0.033535	0.617123	0.024017	0.072339	0.156114	0.048433	0.025099	0.035766	0.020583	0.084031	0.028159	0.071823	0.036657	0.034249	0.008376	0.074740	0.456986	0.026720	0.052648	0.021035	0.068381	0.050982	0.341089	0.020039	0.056322	0.031746	0.037992	0.020039	0.039415	0.608465	0.064666	0.007826	0.057194	0.416250	0.128444	0.033713	0.011579	0.046847	0.015591	0.017227	0.048433	0.077050	0.430480	0.037192	0.108980	0.109806	0.198185	0.136101	0.008193	0.062066	0.620776	0.165105	0.032909	0.071823	0.034785	0.021035	0.166893	0.107739	0.018135	0.037992	0.047905	0.031477	0.251263	0.042341	0.014771	0.066741	0.062500	0.043669	0.041190	0.044906	0.052561	0.076537	0.064753	0.056060	0.007184	0.032283	0.040746	0.124144	0.034339	0.017681	0.107326	0.212327	0.039859	0.017318	0.064753	0.029775	0.209516	0.088938	0.008101	0.093316	0.088769	0.033892	0.026810	0.079780	0.046407	0.042873	0.098427	0.080206	0.044818	0.060155	0.100597	0.237589	0.023656	0.041278	0.041012	0.084794	0.102429	0.073626	0.219314	0.063887	0.114500	0.048081	0.046583	0.057979	0.049137	0.050543	0.016318	0.261170	0.073883	0.039059	0.084031	0.042341	0.060068	0.069759	0.052298	0.050104	0.138106	0.030940	0.052473	0.034874	0.033267	0.183436	0.023295	0.041190	0.034428	0.141624	0.027799	0.022844	0.067173	0.008834	0.025460	0.091130	0.041544	0.331109	0.090961	0.031298	0.010939	0.014407	0.030940	0.172543	0.027350	0.077306	0.114500	0.039326	0.066568	0.032104	0.009933	0.041012	0.007367	0.032283	0.029506	0.250627	0.043669	0.037459	0.039592	0.090372	0.020945	0.071909	0.076537	0.018317	0.013951	0.050631	0.022934	0.050016	0.317026	0.041367	0.042784	0.025460	0.034249	0.093736	0.451190	0.022392	0.014498	0.055099	0.184122	0.073711	0.031746	0.047729	0.027350	0.024558	0.022844	0.024378	0.033088	0.034071	0.124388	1.000000	0.171076	0.031119	0.024919	0.069845	0.040125	0.064406	0.009017	0.046230	0.021307	0.085810	0.099012	0.027979	0.037014	0.031746	0.033535	0.006725	0.035320	0.188379	0.079780	0.035142	0.024919	0.093904	0.008834	0.018952	0.170612	0.012948	0.050631	0.028877	0.050279	0.022211	0.057107	0.025460	0.021759	0.104009	0.035766	0.017590	0.021307	0.044818	0.389058	0.024558	0.283312	0.297695	0.018589	0.037992	0.050543	0.036301	0.014862	0.031030	0.050894	0.042519	0.054574	0.058414	0.026090	0.019768	0.096336	0.022482	0.048521	0.043934	0.048609	0.016227	0.030582	0.389071	0.031477	0.071480	0.061198	0.038970	0.045083	0.063887	0.008101	0.013769	0.075767	0.041278	0.180075	0.042607	0.064839	0.095582	0.029595	0.044553	0.060329	0.026180	0.055972	0.036123	0.155092	0.013769	0.023927	0.011305	0.021216	0.183741	0.032194	0.024288	0.039326	0.039859	0.090034	0.049049	0.116633	0.060416	0.041278	0.009567	0.077647	0.047288	0.038970	0.040569	0.060329	0.096587	0.014862	0.224647	0.059459	0.060764	0.029685	0.049840	0.221583	0.042873	0.020039	0.244239	0.031567	0.058502	0.018498	0.036390	0.164249	0.366223	0.471030	0.151704	0.045701	0.018135	0.034160	0.047288	0.061632	0.013496	0.009384	0.048609	0.026180	0.023837	0.042430	0.028967	0.095414	0.022934	0.035142	0.005255	0.029864	0.362666	0.037281	0.019677	0.042784	0.031657	0.058676	0.066396	0.116223	0.019314	0.020945	0.092896	0.019949	0.078672	0.070276	0.017863	0.031298	0.072596	0.054049	0.419592	0.023656	0.067087	0.045613	0.265421	0.138987	0.033981	0.574552	0.035944	0.014042	0.017863	0.042164	0.152020	0.059198	0.124875	0.028967	0.624018	0.040302	0.027440	0.018317	0.022844	0.038081	0.025730	0.072854	0.134655	0.017772	0.085980	0.032999	0.064753	0.017318	0.037815	0.172157	0.057892	0.176701	0.081738	0.028338	0.020130	0.036390	0.013404	0.027620	0.025279	0.038081	0.044023	0.018317	0.093988	0.020039	0.011761	0.079865	0.019949	0.024829	0.011305	0.331817	0.080121	0.012948	0.023205	0.020039	0.066223	0.039503	0.089529	0.156114	0.027260	0.016500	0.023295	0.245022	0.015136	0.013496	0.016318	0.035142	0.077562	0.047905	0.045436	0.080206	0.054749	0.027979	0.069329	0.048521	0.032999	0.026900	0.041101	0.096671	0.006633	0.014498	0.026810	0.034428	0.048521	
0.266381	0.389021	0.485207	0.336210	0.183124	0.473997	0.540297	0.204568	0.379848	0.299874	0.276713	0.556193	0.279643	0.302725	0.365765	0.283291	0.457940	0.205674	0.269346	0.381447	0.622970	0.615247	0.376254	0.262661	0.293423	0.541277	0.535839	0.234627	0.215954	0.635504	0.128525	0.223003	0.270824	0.247619	0.611750	0.257426	0.382588	0.620609	0.175755	0.322420	0.437716	0.522046	0.595664	0.628571	0.278179	0.183939	0.603517	0.618612	0.410196	0.626833	0.274510	0.374950	0.641538	0.313333	0.210433	0.454958	0.237701	0.193664	0.226894	0.327964	0.616425	0.174109	0.455266	0.196078	0.504840	0.625000	0.200889	0.348429	0.215168	0.479735	0.298445	0.288372	0.636127	0.403937	0.308399	0.110950	0.229996	0.514810	0.631224	0.413120	0.239234	0.325889	0.200089	0.550286	0.264895	0.520848	0.332784	0.314036	0.086052	0.529330	0.448438	0.252913	0.440015	0.204082	0.507527	0.430116	0.544415	0.195274	0.457940	0.294142	0.343021	0.195274	0.353802	0.256154	0.498726	0.080607	0.456219	0.482644	0.617270	0.309812	0.117209	0.405033	0.154968	0.169982	0.413901	0.536838	0.477712	0.336894	0.607765	0.604084	0.639873	0.636515	0.084240	0.484358	0.247720	0.636112	0.303437	0.518021	0.318238	0.204082	0.646470	0.611179	0.178218	0.343021	0.408611	0.291983	0.619910	0.375602	0.147368	0.501624	0.491550	0.382130	0.367084	0.394288	0.440184	0.531716	0.497817	0.459215	0.074215	0.298445	0.363783	0.625000	0.314738	0.174109	0.605352	0.633435	0.357143	0.170809	0.491994	0.278179	0.640913	0.570109	0.083333	0.573467	0.575768	0.311222	0.253667	0.550804	0.403467	0.378703	0.603690	0.545765	0.391270	0.481633	0.586751	0.608784	0.226894	0.366935	0.365765	0.556003	0.598371	0.526131	0.612497	0.495982	0.603355	0.413766	0.403937	0.469663	0.418840	0.427853	0.161671	0.604096	0.536090	0.351120	0.557013	0.375602	0.474388	0.511761	0.436852	0.425581	0.637641	0.287648	0.438819	0.318937	0.306276	0.641483	0.223782	0.367084	0.315439	0.635992	0.261915	0.219877	0.507205	0.090566	0.242293	0.581616	0.369714	0.552794	0.574795	0.290541	0.111059	0.143971	0.287648	0.645685	0.258176	0.548030	0.630917	0.353133	0.501264	0.297013	0.101313	0.365765	0.076046	0.298445	0.275980	0.628025	0.385321	0.338941	0.355140	0.572178	0.203285	0.522077	0.542114	0.179856	0.139706	0.429234	0.220659	0.424971	0.556393	0.368400	0.378855	0.242293	0.314036	0.582254	0.453942	0.215954	0.144821	0.449754	0.632053	0.523843	0.294142	0.410497	0.258176	0.234627	0.219877	0.233086	0.304858	0.312630	0.618098	0.171076	1.000000	0.289096	0.237701	0.502316	0.359141	0.499271	0.092366	0.402208	0.206469	0.569806	0.582037	0.263406	0.335526	0.294142	0.308399	0.069623	0.322420	0.643893	0.548751	0.321029	0.237701	0.580583	0.090566	0.185567	0.634834	0.130254	0.430008	0.270824	0.426801	0.214380	0.463910	0.242293	0.210433	0.596076	0.325889	0.173285	0.206469	0.392857	0.505788	0.234627	0.589097	0.579890	0.182308	0.343021	0.427079	0.330033	0.148216	0.288372	0.428737	0.376103	0.452300	0.468037	0.247619	0.192857	0.582879	0.216740	0.413739	0.385657	0.416699	0.160836	0.284746	0.518254	0.291983	0.525124	0.484669	0.350448	0.393183	0.493791	0.083333	0.137994	0.534771	0.366935	0.641056	0.376754	0.492543	0.589068	0.276713	0.390942	0.473118	0.248377	0.454099	0.328654	0.634921	0.137994	0.229221	0.114578	0.205674	0.638975	0.297729	0.232314	0.353133	0.357143	0.578187	0.419782	0.591558	0.481838	0.367742	0.097744	0.537612	0.408163	0.350448	0.362460	0.482017	0.574632	0.148216	0.636707	0.477856	0.482605	0.277447	0.427629	0.633898	0.378703	0.195274	0.624950	0.292704	0.466368	0.181491	0.330722	0.648990	0.528959	0.437575	0.636842	0.397628	0.178218	0.313333	0.408163	0.479351	0.135421	0.095955	0.416699	0.248377	0.228446	0.375451	0.271563	0.581725	0.220659	0.321029	0.054781	0.278912	0.529774	0.337577	0.192050	0.378855	0.293423	0.472741	0.501626	0.619827	0.188814	0.203285	0.585445	0.194469	0.549141	0.516358	0.175755	0.290541	0.526946	0.444952	0.486872	0.226894	0.504505	0.398577	0.603187	0.635714	0.311927	0.317092	0.327273	0.140560	0.175755	0.374297	0.640904	0.469449	0.628571	0.271563	0.120491	0.360470	0.258925	0.179856	0.219877	0.343699	0.244579	0.520056	0.638595	0.174932	0.565421	0.304147	0.500000	0.170809	0.341663	0.652388	0.460097	0.644018	0.546504	0.266381	0.196078	0.330722	0.134562	0.260421	0.240765	0.343699	0.387893	0.179856	0.576512	0.195274	0.118959	0.545828	0.194469	0.236934	0.114578	0.555626	0.543902	0.130254	0.223003	0.195274	0.503436	0.354472	0.570112	0.646266	0.257426	0.163339	0.223782	0.614073	0.150754	0.135421	0.161671	0.321029	0.543321	0.412524	0.398101	0.549180	0.450437	0.263406	0.513388	0.417642	0.304147	0.254420	0.366425	0.590458	0.068702	0.144821	0.253667	0.315439	0.414520	
0.615620	0.612981	0.544031	0.620506	0.600733	0.578218	0.497932	0.037778	0.620269	0.646638	0.641679	0.499610	0.625931	0.637269	0.633962	0.591716	0.569659	0.623693	0.624049	0.610501	0.374384	0.404535	0.606658	0.629630	0.637681	0.147764	0.528523	0.628478	0.596252	0.321731	0.523909	0.600671	0.619120	0.595541	0.413580	0.636505	0.627737	0.394464	0.618250	0.623803	0.591154	0.537728	0.447702	0.279412	0.645740	0.585009	0.432328	0.244373	0.603687	0.242553	0.635542	0.613103	0.294320	0.626741	0.637931	0.581250	0.634146	0.601073	0.628952	0.638701	0.295848	0.557009	0.579111	0.608541	0.551039	0.391504	0.595070	0.637191	0.610922	0.560078	0.642755	0.614934	0.316667	0.615385	0.635724	0.019653	0.604959	0.535529	0.314627	0.596132	0.645057	0.614130	0.617284	0.500387	0.645161	0.515679	0.605898	0.642559	0.415704	0.531303	0.096953	0.636220	0.614887	0.615385	0.543321	0.592511	0.142768	0.620321	0.546956	0.616498	0.617608	0.613191	0.612613	0.048438	0.555869	0.393443	0.572012	0.111673	0.371100	0.647966	0.504274	0.608595	0.542969	0.588679	0.612059	0.512821	0.106975	0.654255	0.422907	0.425266	0.251286	0.355879	0.412993	0.570048	0.046661	0.298820	0.630682	0.529617	0.648276	0.615385	0.295848	0.428208	0.577778	0.612352	0.616266	0.616279	0.198203	0.614815	0.552684	0.545455	0.557692	0.615758	0.599749	0.603099	0.572354	0.523691	0.557223	0.567288	0.371429	0.608321	0.638889	0.385569	0.647222	0.590654	0.407903	0.234890	0.641944	0.587571	0.566604	0.642750	0.237996	0.483321	0.409302	0.471092	0.476615	0.643357	0.619497	0.497985	0.609813	0.622549	0.448700	0.512039	0.606205	0.578480	0.448925	0.209880	0.625624	0.629073	0.593711	0.495385	0.441060	0.513259	0.227469	0.543561	0.407005	0.592000	0.596737	0.562753	0.595265	0.606866	0.573077	0.190423	0.518771	0.631307	0.500387	0.609877	0.565217	0.539146	0.576381	0.605791	0.351310	0.621701	0.596757	0.622590	0.635593	0.270677	0.616415	0.622334	0.626907	0.343546	0.646059	0.625000	0.539305	0.433790	0.618357	0.484364	0.634207	0.147573	0.477786	0.641399	0.485900	0.557114	0.653959	0.286792	0.641745	0.509901	0.405797	0.626289	0.522539	0.630216	0.462222	0.644025	0.379147	0.622669	0.630631	0.198722	0.620606	0.651656	0.613607	0.468521	0.619965	0.529156	0.513716	0.586716	0.534413	0.597345	0.600337	0.590858	0.154821	0.608260	0.625767	0.621578	0.614743	0.463727	0.099059	0.620102	0.540000	0.569634	0.269716	0.535043	0.628075	0.601607	0.629283	0.599018	0.645270	0.646962	0.651558	0.624826	0.384918	0.031119	0.289096	1.000000	0.624390	0.533333	0.634395	0.551789	0.440909	0.625293	0.605217	0.489329	0.461538	0.634823	0.626667	0.616498	0.646976	0.351807	0.621067	0.263889	0.502820	0.633745	0.617886	0.473011	0.429224	0.604736	0.289831	0.538302	0.619469	0.646434	0.604444	0.611966	0.578732	0.634461	0.596552	0.432963	0.616848	0.588015	0.587826	0.620525	0.122713	0.599018	0.174802	0.165778	0.601835	0.649146	0.602436	0.617251	0.547619	0.614934	0.601985	0.635468	0.583772	0.592145	0.614650	0.587814	0.457898	0.622449	0.613636	0.613527	0.615210	0.570328	0.651917	0.122056	0.645349	0.524476	0.558049	0.626943	0.604043	0.551136	0.400000	0.536585	0.512563	0.626566	0.275473	0.622386	0.534208	0.463585	0.611694	0.610778	0.565517	0.623211	0.580311	0.610811	0.316520	0.536585	0.612583	0.507527	0.613240	0.270249	0.606322	0.608553	0.597938	0.624041	0.471366	0.586907	0.401902	0.559055	0.631579	0.448430	0.506579	0.625866	0.611399	0.597468	0.563547	0.463889	0.563492	0.222078	0.573134	0.584314	0.649701	0.572067	0.225148	0.637255	0.620321	0.204057	0.624093	0.581489	0.580882	0.635262	0.300263	0.131362	0.091923	0.322946	0.601415	0.611111	0.632312	0.588915	0.555340	0.535787	0.441441	0.597049	0.626391	0.623549	0.614057	0.651515	0.460028	0.613828	0.614540	0.285714	0.602985	0.133178	0.629482	0.592460	0.591411	0.657971	0.554217	0.541935	0.404293	0.596745	0.623468	0.465616	0.589286	0.519544	0.539823	0.607076	0.650146	0.528954	0.579003	0.110967	0.625624	0.552608	0.602125	0.187243	0.349336	0.614525	0.061711	0.653117	0.557576	0.592179	0.628713	0.322337	0.566866	0.383623	0.603030	0.021433	0.602287	0.609642	0.605166	0.618243	0.608924	0.618590	0.527586	0.359244	0.582090	0.493151	0.646809	0.544090	0.561205	0.616601	0.287395	0.583587	0.280443	0.500000	0.658499	0.590747	0.632571	0.520492	0.641860	0.636511	0.624672	0.612786	0.608856	0.459901	0.595365	0.510638	0.504026	0.592857	0.628664	0.498925	0.147223	0.497992	0.525880	0.610738	0.613191	0.555863	0.642674	0.470501	0.314627	0.627145	0.578544	0.613065	0.203390	0.556213	0.543967	0.584615	0.611797	0.508642	0.604811	0.594083	0.505618	0.576236	0.616333	0.545130	0.595455	0.621277	0.627943	0.605528	0.458015	0.347826	0.532000	0.613208	0.604716	0.606818	
0.613014	0.595020	0.491081	0.612903	0.612159	0.524973	0.456140	0.030271	0.608000	0.638095	0.628763	0.442244	0.634551	0.605678	0.597796	0.626030	0.546667	0.629703	0.653061	0.592000	0.310580	0.339764	0.587601	0.639033	0.618357	0.119737	0.470169	0.605166	0.644788	0.265435	0.548544	0.629981	0.640678	0.629696	0.352031	0.604895	0.602922	0.327928	0.606838	0.583082	0.550117	0.476015	0.381285	0.229508	0.603333	0.602510	0.366443	0.200000	0.580726	0.198473	0.631933	0.594595	0.242129	0.616333	0.630137	0.545455	0.615385	0.616327	0.612782	0.605970	0.243424	0.613734	0.543430	0.612576	0.495183	0.326360	0.597194	0.608571	0.638298	0.523364	0.624204	0.618893	0.261119	0.593156	0.635514	0.015719	0.626866	0.473733	0.259382	0.575309	0.616788	0.608696	0.614458	0.428805	0.642612	0.459685	0.605613	0.606154	0.450549	0.461815	0.078156	0.628975	0.554779	0.608350	0.498556	0.562574	0.115629	0.642276	0.524444	0.617363	0.606936	0.642276	0.612994	0.038856	0.502008	0.446927	0.527473	0.090159	0.310580	0.627329	0.531328	0.583333	0.591422	0.594360	0.575309	0.454386	0.086324	0.623719	0.359211	0.356863	0.205805	0.294657	0.469613	0.511387	0.037423	0.245946	0.607874	0.481928	0.615854	0.624254	0.243424	0.362791	0.615711	0.606936	0.567164	0.630048	0.161443	0.582996	0.576037	0.501961	0.523172	0.589947	0.587912	0.576623	0.546091	0.465608	0.511535	0.528428	0.427350	0.614650	0.586445	0.320235	0.608295	0.592275	0.360000	0.192051	0.605891	0.610390	0.515547	0.616667	0.194652	0.420312	0.465374	0.406907	0.420970	0.597523	0.620811	0.452218	0.584498	0.580991	0.390524	0.453696	0.587776	0.531780	0.384778	0.171160	0.616541	0.600823	0.589532	0.422421	0.377516	0.469091	0.185841	0.504559	0.342785	0.573201	0.567807	0.524483	0.567237	0.532374	0.616408	0.154982	0.476881	0.605114	0.438625	0.582996	0.528102	0.492891	0.555035	0.569361	0.290735	0.626427	0.558411	0.624049	0.622848	0.222132	0.640152	0.587912	0.610429	0.284079	0.626298	0.623327	0.493659	0.482385	0.648551	0.416539	0.612022	0.119580	0.418712	0.635332	0.556122	0.572093	0.593801	0.235751	0.635253	0.460192	0.344045	0.602546	0.493124	0.629393	0.509186	0.603306	0.436261	0.624204	0.626466	0.161874	0.589947	0.603499	0.594366	0.419429	0.613546	0.479630	0.460317	0.583510	0.550588	0.562874	0.622137	0.567633	0.125546	0.597260	0.592493	0.630435	0.609231	0.405385	0.079871	0.644788	0.580046	0.528217	0.221321	0.466848	0.614148	0.581047	0.631763	0.605166	0.642447	0.607407	0.618524	0.608025	0.319672	0.024919	0.237701	0.624390	1.000000	0.477273	0.581006	0.505539	0.501348	0.588535	0.624506	0.432824	0.388571	0.631034	0.604993	0.601286	0.601246	0.416185	0.619335	0.216409	0.447099	0.618182	0.637363	0.406273	0.487805	0.625000	0.238324	0.555556	0.543713	0.603390	0.575211	0.662791	0.547855	0.630435	0.637965	0.371233	0.626687	0.610753	0.620553	0.598179	0.099183	0.605166	0.142040	0.134582	0.630252	0.618497	0.553957	0.597325	0.579310	0.615635	0.551313	0.592194	0.545455	0.530303	0.633274	0.638037	0.396199	0.620424	0.545006	0.579710	0.581281	0.591111	0.633826	0.098645	0.604200	0.478140	0.512552	0.617354	0.590674	0.518744	0.454294	0.576832	0.467556	0.587106	0.226181	0.583333	0.480962	0.398823	0.618729	0.597911	0.515856	0.621429	0.553571	0.625931	0.260994	0.572104	0.624299	0.540404	0.633663	0.221771	0.609250	0.619666	0.582744	0.603086	0.419180	0.563035	0.336020	0.515312	0.595336	0.525199	0.460331	0.587202	0.597440	0.593620	0.534884	0.396791	0.574713	0.181335	0.538462	0.517350	0.617696	0.556901	0.183900	0.607764	0.621951	0.166311	0.612903	0.531892	0.610526	0.614243	0.247171	0.106267	0.074064	0.266471	0.575096	0.607219	0.619414	0.564617	0.522373	0.571429	0.485333	0.573892	0.635714	0.614232	0.574124	0.636210	0.402358	0.618321	0.621212	0.345455	0.608985	0.107756	0.625731	0.631148	0.584450	0.615137	0.519957	0.498031	0.339552	0.623967	0.621514	0.411454	0.635438	0.464193	0.490104	0.619658	0.619125	0.479779	0.549199	0.089582	0.620301	0.507812	0.580977	0.152344	0.289042	0.618238	0.049569	0.603886	0.582160	0.598291	0.595399	0.265952	0.533762	0.318553	0.642978	0.017146	0.601671	0.641115	0.575053	0.615679	0.606061	0.598198	0.467461	0.297548	0.612420	0.436948	0.619497	0.505517	0.601732	0.626087	0.236261	0.531590	0.230380	0.446862	0.650685	0.653144	0.617211	0.553699	0.642361	0.643636	0.614719	0.592105	0.613108	0.402985	0.621951	0.553616	0.451833	0.615071	0.653211	0.550505	0.119292	0.445578	0.574879	0.637571	0.638211	0.510848	0.609309	0.418026	0.259382	0.622378	0.591611	0.621212	0.165756	0.579909	0.542857	0.611973	0.618182	0.464223	0.567164	0.579897	0.451997	0.553288	0.637931	0.495238	0.572133	0.600629	0.626761	0.594223	0.396501	0.411594	0.580046	0.634921	0.598160	0.569667	
0.511883	0.612726	0.609706	0.563758	0.405268	0.636802	0.587879	0.084434	0.585714	0.552632	0.525271	0.629501	0.537770	0.552448	0.606796	0.535363	0.607092	0.445320	0.520947	0.609524	0.591711	0.595182	0.591054	0.514233	0.539346	0.308876	0.641764	0.494297	0.459144	0.539930	0.301518	0.459016	0.518182	0.486436	0.590005	0.519409	0.603325	0.589425	0.398773	0.576792	0.631579	0.652447	0.617920	0.514365	0.538739	0.410931	0.603000	0.456173	0.600458	0.442196	0.519457	0.582400	0.499096	0.559103	0.446621	0.625268	0.503788	0.424000	0.477927	0.574576	0.523792	0.389344	0.617898	0.434696	0.645995	0.562529	0.422200	0.580165	0.457644	0.631365	0.553603	0.524911	0.542099	0.611239	0.567708	0.044433	0.479924	0.664577	0.550669	0.600000	0.487713	0.542056	0.434524	0.666282	0.520147	0.631844	0.562763	0.550000	0.208238	0.664202	0.208911	0.505576	0.616959	0.444225	0.631375	0.597480	0.299312	0.435130	0.591489	0.533569	0.585691	0.423154	0.600985	0.107540	0.628154	0.195853	0.647887	0.238501	0.583774	0.564991	0.277228	0.609831	0.356768	0.387230	0.616667	0.630303	0.229115	0.559933	0.609852	0.600980	0.470439	0.563690	0.204128	0.619241	0.103709	0.518681	0.553712	0.625551	0.569468	0.450148	0.528878	0.591563	0.395515	0.565724	0.627093	0.527901	0.398253	0.577138	0.341102	0.615686	0.606347	0.584518	0.576737	0.585938	0.608632	0.653285	0.623756	0.598436	0.181185	0.532513	0.592052	0.589616	0.558140	0.393443	0.557214	0.445571	0.582175	0.386831	0.617120	0.529730	0.453092	0.630168	0.202067	0.627579	0.605145	0.560554	0.495822	0.606421	0.589052	0.588703	0.598003	0.629520	0.586396	0.607978	0.615863	0.422703	0.470250	0.602098	0.563107	0.642160	0.611994	0.639752	0.447216	0.610554	0.605627	0.586626	0.612779	0.597621	0.615964	0.641369	0.368366	0.387305	0.593924	0.602965	0.643187	0.593125	0.615279	0.628754	0.596774	0.619866	0.575377	0.527159	0.612006	0.546701	0.551784	0.489218	0.468208	0.586430	0.550775	0.550987	0.507353	0.456922	0.608469	0.218430	0.493409	0.627753	0.590982	0.308511	0.609702	0.527063	0.263858	0.334043	0.539626	0.509554	0.513389	0.621900	0.572246	0.585045	0.599476	0.547535	0.242424	0.600324	0.185400	0.550088	0.529359	0.403296	0.592417	0.578595	0.598361	0.615385	0.440711	0.616352	0.635036	0.402848	0.325134	0.608178	0.458414	0.587444	0.322289	0.577419	0.578025	0.489642	0.565517	0.600975	0.213177	0.449416	0.335813	0.630372	0.499160	0.664184	0.535336	0.618902	0.504155	0.475285	0.466602	0.487619	0.544028	0.554404	0.608656	0.069845	0.502316	0.533333	0.477273	1.000000	0.577488	0.620093	0.222474	0.600772	0.446850	0.611523	0.628272	0.522936	0.570949	0.558304	0.560764	0.170561	0.552901	0.487306	0.615933	0.570940	0.486742	0.630611	0.218430	0.414141	0.520528	0.305195	0.618587	0.527273	0.609993	0.454191	0.615927	0.483992	0.434868	0.589848	0.567545	0.389744	0.440945	0.594214	0.260349	0.475285	0.359669	0.342895	0.405680	0.584027	0.617560	0.562975	0.342857	0.539146	0.626113	0.611333	0.621583	0.634589	0.492049	0.420420	0.626198	0.468416	0.626798	0.608353	0.615734	0.366667	0.536193	0.259057	0.549159	0.627129	0.619372	0.572135	0.597504	0.623914	0.202067	0.321543	0.601835	0.592413	0.501368	0.591707	0.631300	0.601391	0.521661	0.579937	0.637363	0.514019	0.635846	0.541914	0.553420	0.321543	0.478469	0.271523	0.433498	0.495289	0.536500	0.486177	0.576828	0.583810	0.622296	0.607385	0.590674	0.613590	0.584342	0.234498	0.626433	0.616679	0.568838	0.580016	0.600275	0.632642	0.342857	0.437376	0.634855	0.639288	0.535618	0.583832	0.445530	0.593477	0.431138	0.410229	0.555752	0.618815	0.408122	0.560811	0.528871	0.277266	0.198681	0.544744	0.591156	0.401631	0.548749	0.579954	0.619986	0.316129	0.230508	0.603631	0.497196	0.482759	0.605431	0.517711	0.628816	0.471954	0.548718	0.135714	0.514851	0.280796	0.577889	0.420842	0.568471	0.553492	0.615170	0.612058	0.569405	0.420523	0.446640	0.605335	0.411588	0.632714	0.640356	0.396728	0.534161	0.622028	0.580925	0.237093	0.472169	0.629726	0.580745	0.380068	0.561901	0.551426	0.135879	0.586938	0.326923	0.398773	0.595677	0.550137	0.608455	0.590827	0.519528	0.048401	0.579805	0.509225	0.404883	0.470474	0.563591	0.488263	0.652092	0.559488	0.395087	0.629060	0.558464	0.610484	0.386831	0.580000	0.514711	0.645658	0.510417	0.645161	0.513711	0.428714	0.555743	0.314316	0.523020	0.492453	0.580216	0.609449	0.404883	0.611892	0.427146	0.281010	0.614379	0.423576	0.470142	0.271523	0.307844	0.640569	0.305195	0.470588	0.429142	0.616798	0.587367	0.639955	0.521606	0.499076	0.373832	0.470135	0.411146	0.348101	0.316129	0.370447	0.548718	0.629227	0.599696	0.590980	0.612922	0.604885	0.499083	0.623077	0.598032	0.554974	0.512059	0.573969	0.604676	0.168421	0.335813	0.505107	0.549053	0.608630	
0.599469	0.653805	0.584150	0.631455	0.544049	0.615662	0.563359	0.048663	0.623913	0.615000	0.614583	0.564399	0.619171	0.624378	0.625000	0.610039	0.616822	0.571852	0.617414	0.641304	0.450207	0.478334	0.627193	0.611482	0.609355	0.187315	0.583140	0.584270	0.563953	0.393354	0.446735	0.568149	0.605263	0.606310	0.490413	0.617251	0.637053	0.470845	0.542320	0.605769	0.624514	0.559809	0.515605	0.347587	0.615584	0.537037	0.503614	0.305517	0.635707	0.303321	0.619608	0.635165	0.364536	0.612943	0.581498	0.606975	0.586592	0.566667	0.589744	0.628571	0.365520	0.537736	0.612360	0.555053	0.589404	0.466630	0.565022	0.648276	0.570597	0.607237	0.621554	0.630102	0.390093	0.629823	0.613300	0.025384	0.589235	0.578486	0.389451	0.634694	0.604457	0.642772	0.550898	0.540230	0.609043	0.557246	0.616293	0.626829	0.340824	0.565861	0.123812	0.608696	0.630350	0.549777	0.593879	0.624381	0.181112	0.561934	0.605607	0.595960	0.614849	0.574018	0.630979	0.062298	0.595197	0.321970	0.611111	0.142306	0.443983	0.628993	0.425308	0.638254	0.495922	0.526149	0.620408	0.580153	0.136413	0.640094	0.492308	0.492941	0.313851	0.431043	0.334586	0.614437	0.060027	0.369874	0.636025	0.573259	0.622276	0.543834	0.367178	0.500299	0.530421	0.640371	0.622177	0.608365	0.249437	0.636663	0.500000	0.601681	0.608238	0.637149	0.645880	0.642553	0.625122	0.573620	0.599829	0.614808	0.299424	0.636591	0.618141	0.462933	0.599269	0.522013	0.482635	0.294059	0.629672	0.528481	0.601542	0.618182	0.297815	0.532414	0.331450	0.535286	0.548343	0.620098	0.613297	0.570790	0.626959	0.610687	0.510557	0.559762	0.628328	0.617594	0.512272	0.263690	0.578348	0.609566	0.638393	0.532477	0.509001	0.584252	0.285071	0.594641	0.463290	0.631148	0.633994	0.607897	0.629555	0.583665	0.518519	0.239913	0.584446	0.643021	0.557471	0.632272	0.612758	0.582857	0.632812	0.632633	0.429688	0.623244	0.604288	0.631197	0.645241	0.337139	0.584527	0.636971	0.635036	0.421606	0.604278	0.594517	0.584100	0.352505	0.603878	0.539295	0.631929	0.187078	0.545455	0.617535	0.412811	0.496667	0.610473	0.356396	0.602961	0.566641	0.481503	0.627138	0.577441	0.620603	0.384755	0.629464	0.305927	0.624060	0.610169	0.250071	0.650108	0.619159	0.645455	0.535787	0.568452	0.587200	0.567485	0.541213	0.470588	0.644776	0.596542	0.629259	0.196061	0.640000	0.644105	0.592798	0.629268	0.537492	0.126463	0.572674	0.495840	0.613636	0.335988	0.571204	0.623737	0.629630	0.605653	0.592697	0.588745	0.583099	0.614622	0.633252	0.461129	0.040125	0.359141	0.634395	0.581006	0.577488	1.000000	0.601892	0.358595	0.634555	0.568047	0.554848	0.519745	0.610667	0.636898	0.616162	0.618227	0.282946	0.622596	0.329001	0.560358	0.631325	0.597765	0.531478	0.352505	0.556923	0.360016	0.458904	0.624876	0.600000	0.627373	0.580175	0.639481	0.601108	0.587372	0.498160	0.635603	0.522835	0.562130	0.615548	0.156123	0.592697	0.220727	0.209605	0.538700	0.631090	0.619522	0.640569	0.495868	0.602041	0.609127	0.630887	0.630476	0.627057	0.587106	0.546282	0.529259	0.592163	0.615698	0.613563	0.649695	0.516129	0.623877	0.155302	0.631179	0.586345	0.609236	0.627721	0.651805	0.598099	0.331450	0.468803	0.576062	0.622914	0.342879	0.621444	0.565068	0.528450	0.622396	0.651709	0.611111	0.567123	0.619137	0.625446	0.390805	0.475548	0.581560	0.431095	0.583704	0.336626	0.627353	0.583921	0.613455	0.636467	0.545455	0.640324	0.452047	0.603402	0.625139	0.380256	0.561883	0.634953	0.623139	0.641975	0.605735	0.529526	0.492562	0.278529	0.620253	0.619090	0.618986	0.630522	0.282255	0.632497	0.549849	0.256588	0.617722	0.611872	0.536434	0.646919	0.372425	0.166918	0.117475	0.398378	0.630137	0.552262	0.622711	0.603930	0.611848	0.461017	0.374312	0.629328	0.602740	0.585227	0.620614	0.630749	0.535691	0.579251	0.631325	0.228000	0.614786	0.169181	0.641686	0.565350	0.628821	0.624526	0.603464	0.596965	0.478065	0.568807	0.565476	0.527722	0.550681	0.576373	0.591389	0.520376	0.617535	0.578696	0.614943	0.141421	0.589744	0.601340	0.632911	0.236015	0.428363	0.611995	0.079213	0.631704	0.473154	0.539185	0.627063	0.396761	0.616500	0.460722	0.612352	0.027675	0.639640	0.612903	0.531882	0.577201	0.621089	0.579310	0.574148	0.435910	0.527473	0.563958	0.625310	0.598115	0.522152	0.639535	0.357114	0.584559	0.348819	0.549451	0.620690	0.576169	0.627962	0.475382	0.592493	0.594444	0.644264	0.625806	0.534992	0.525828	0.564955	0.430823	0.568876	0.553707	0.593007	0.416961	0.186644	0.557207	0.458904	0.582496	0.570997	0.603041	0.621160	0.540837	0.388571	0.595687	0.523274	0.593123	0.255774	0.500000	0.467797	0.512077	0.638554	0.574468	0.630390	0.625793	0.568671	0.617871	0.629333	0.595082	0.627931	0.625310	0.609756	0.642140	0.529183	0.279612	0.479201	0.588874	0.622871	0.646279	
0.523763	0.614876	0.621429	0.586360	0.422078	0.642651	0.621298	0.077905	0.611529	0.566388	0.549282	0.626884	0.539561	0.549491	0.601876	0.563567	0.639941	0.462185	0.525604	0.589808	0.550567	0.581305	0.603869	0.538012	0.556180	0.287597	0.636943	0.503539	0.478756	0.523962	0.323632	0.496920	0.541948	0.518887	0.587588	0.531894	0.615000	0.583333	0.419672	0.555455	0.631418	0.619203	0.609899	0.484076	0.542502	0.423784	0.605059	0.431854	0.624398	0.435897	0.548944	0.614996	0.497409	0.572993	0.469729	0.624813	0.495468	0.443970	0.488253	0.583706	0.490706	0.420591	0.637918	0.448936	0.639731	0.581132	0.458774	0.584133	0.473029	0.628369	0.565581	0.557964	0.524823	0.629450	0.573003	0.040931	0.506612	0.621410	0.514890	0.634845	0.504523	0.585278	0.450794	0.623128	0.550049	0.623853	0.596085	0.577940	0.224414	0.628205	0.193731	0.521224	0.634483	0.454737	0.635262	0.636081	0.278584	0.447284	0.642910	0.559401	0.597015	0.449414	0.595671	0.099317	0.643105	0.211180	0.633751	0.221436	0.557823	0.566453	0.297872	0.627926	0.379775	0.409692	0.622116	0.642722	0.212640	0.592920	0.587697	0.594841	0.452258	0.557391	0.220025	0.644020	0.095764	0.496438	0.567468	0.638270	0.569356	0.461053	0.510037	0.604508	0.427015	0.598771	0.613909	0.562852	0.376077	0.599327	0.365494	0.635310	0.641749	0.618454	0.616170	0.612983	0.631902	0.619861	0.652355	0.636905	0.195489	0.576744	0.593162	0.580855	0.561020	0.418401	0.580380	0.432827	0.605172	0.411441	0.631579	0.552053	0.437884	0.627678	0.217822	0.617201	0.623768	0.570906	0.530572	0.623842	0.628849	0.613065	0.621739	0.629310	0.620066	0.644141	0.604502	0.394831	0.492339	0.591837	0.612106	0.603099	0.613347	0.641241	0.417134	0.641562	0.571288	0.636872	0.637540	0.639824	0.632411	0.602654	0.396437	0.362720	0.638710	0.594266	0.627921	0.614478	0.641727	0.631158	0.625673	0.623824	0.549677	0.554717	0.632387	0.581522	0.574586	0.477797	0.490256	0.609362	0.575068	0.541157	0.520976	0.490722	0.648098	0.235294	0.522523	0.625214	0.600509	0.287253	0.622501	0.558271	0.283671	0.358039	0.543396	0.493666	0.519608	0.638994	0.582104	0.604853	0.643003	0.566636	0.260870	0.588235	0.200000	0.560000	0.542146	0.376963	0.615129	0.568402	0.603284	0.623853	0.465753	0.622135	0.632511	0.426087	0.348624	0.636505	0.488157	0.630588	0.300250	0.613424	0.601844	0.514515	0.585232	0.617713	0.197721	0.482902	0.359909	0.630158	0.472203	0.627907	0.579981	0.629303	0.523529	0.509606	0.480412	0.496454	0.570111	0.584475	0.575406	0.064406	0.499271	0.551789	0.505539	0.620093	0.601892	1.000000	0.239609	0.623377	0.465897	0.628402	0.605306	0.537488	0.583333	0.542563	0.571166	0.184111	0.593327	0.468687	0.631254	0.579946	0.499496	0.621501	0.235294	0.442287	0.500365	0.327526	0.619345	0.534233	0.619718	0.473520	0.635693	0.512513	0.475992	0.589407	0.596050	0.416667	0.474292	0.615132	0.241935	0.509606	0.335586	0.319716	0.431203	0.588235	0.635441	0.592857	0.367347	0.563619	0.617899	0.598319	0.640543	0.633115	0.514911	0.440171	0.617080	0.478261	0.626391	0.605307	0.621128	0.392419	0.556818	0.240722	0.545966	0.639947	0.641483	0.603478	0.615258	0.634589	0.217822	0.344828	0.642494	0.607143	0.481650	0.599496	0.611765	0.619048	0.558852	0.631492	0.634602	0.502483	0.631422	0.595707	0.519102	0.342529	0.498982	0.291815	0.462185	0.477827	0.562384	0.494929	0.594454	0.601724	0.621839	0.629747	0.562136	0.644189	0.608844	0.252427	0.637390	0.628617	0.603478	0.619863	0.654702	0.599560	0.367347	0.415269	0.646421	0.638054	0.541109	0.636292	0.419789	0.604690	0.447284	0.386059	0.552952	0.631195	0.427332	0.590544	0.515813	0.257833	0.184167	0.523237	0.619902	0.418301	0.574818	0.630225	0.639205	0.339100	0.248175	0.627482	0.516385	0.495413	0.593776	0.545279	0.617517	0.481977	0.592593	0.146718	0.557252	0.261153	0.599469	0.444920	0.613579	0.556180	0.652111	0.645249	0.589781	0.440387	0.457323	0.621195	0.449893	0.652553	0.641910	0.415301	0.558271	0.635831	0.617714	0.220116	0.494382	0.647179	0.612245	0.357231	0.549658	0.588665	0.125633	0.566308	0.348225	0.413115	0.596965	0.530400	0.631884	0.585840	0.545279	0.044593	0.592275	0.530852	0.421739	0.486598	0.608772	0.510978	0.618986	0.558282	0.417943	0.638298	0.568790	0.635734	0.411441	0.603342	0.499637	0.621245	0.492013	0.628502	0.543162	0.453191	0.579839	0.337182	0.512219	0.509529	0.598246	0.609776	0.423913	0.614438	0.455804	0.301887	0.624691	0.449893	0.506048	0.291815	0.286624	0.617375	0.327526	0.482546	0.451544	0.658453	0.603806	0.629758	0.528213	0.520118	0.393333	0.488205	0.384389	0.372881	0.339100	0.391982	0.585366	0.636535	0.645883	0.618152	0.634236	0.632054	0.543330	0.657315	0.624801	0.576177	0.520197	0.613288	0.620121	0.181818	0.359909	0.528600	0.593267	0.634340	
0.449878	0.333333	0.251928	0.378698	0.529801	0.255875	0.203109	0.010973	0.340870	0.426374	0.458629	0.189007	0.440281	0.427015	0.355717	0.421296	0.270345	0.521212	0.464891	0.340870	0.123816	0.136872	0.345679	0.465347	0.430493	0.044698	0.206751	0.495913	0.518950	0.104145	0.607595	0.511364	0.453012	0.463542	0.142442	0.453401	0.339100	0.131544	0.573379	0.402464	0.286969	0.215622	0.155927	0.088929	0.437647	0.547855	0.149049	0.076712	0.314103	0.076087	0.447619	0.346903	0.094231	0.413502	0.529762	0.273743	0.490566	0.546032	0.487395	0.395960	0.094778	0.529210	0.271093	0.559748	0.227115	0.130841	0.493827	0.373333	0.520468	0.248731	0.432671	0.419134	0.102296	0.319218	0.419700	0.005671	0.498615	0.215385	0.101554	0.308661	0.504021	0.382114	0.557276	0.187202	0.471744	0.216814	0.382470	0.412632	0.634921	0.208955	0.028777	0.470588	0.286969	0.536585	0.226852	0.295181	0.043105	0.536278	0.270345	0.420582	0.379110	0.548896	0.363977	0.014124	0.238733	0.655738	0.266667	0.033328	0.123816	0.417910	0.625000	0.317666	0.597015	0.580420	0.308661	0.203109	0.031870	0.385827	0.145725	0.144649	0.079096	0.116806	0.545455	0.247788	0.013597	0.095844	0.408696	0.216814	0.407484	0.542683	0.094778	0.147368	0.527027	0.375242	0.311606	0.423423	0.061116	0.346290	0.594595	0.231953	0.246231	0.337349	0.350814	0.329412	0.287390	0.204380	0.238443	0.271468	0.602273	0.410596	0.357664	0.128105	0.411765	0.570447	0.147925	0.073463	0.364312	0.557491	0.238443	0.432941	0.074525	0.177376	0.602151	0.169404	0.177697	0.403397	0.479592	0.196590	0.320261	0.342657	0.160920	0.195609	0.329966	0.254876	0.157556	0.065008	0.509804	0.353791	0.352087	0.185606	0.154818	0.211892	0.070937	0.241379	0.138810	0.310618	0.319218	0.263441	0.304821	0.297420	0.557971	0.058542	0.211207	0.370510	0.187202	0.346290	0.255208	0.222727	0.288660	0.299694	0.115091	0.438356	0.287812	0.406639	0.418103	0.085852	0.492918	0.354430	0.394130	0.112192	0.476427	0.500000	0.230588	0.597938	0.488064	0.173298	0.351885	0.044637	0.173605	0.438914	0.571429	0.588235	0.433790	0.091546	0.452261	0.202479	0.138810	0.368421	0.232503	0.425721	0.563107	0.355717	0.561798	0.423841	0.450237	0.061288	0.337349	0.383562	0.366355	0.174688	0.525994	0.216575	0.204380	0.530201	0.568000	0.296970	0.498567	0.300153	0.046957	0.353153	0.343257	0.472149	0.400000	0.168675	0.029425	0.513120	0.554688	0.275668	0.085515	0.211663	0.429530	0.312600	0.467337	0.479564	0.517241	0.498630	0.424242	0.410148	0.127854	0.009017	0.092366	0.440909	0.501348	0.222474	0.358595	0.239609	1.000000	0.321311	0.507553	0.183521	0.160000	0.454321	0.383399	0.416107	0.415418	0.573099	0.394251	0.083475	0.196590	0.391753	0.490566	0.168385	0.608247	0.531148	0.092628	0.627615	0.296970	0.448193	0.298780	0.539589	0.267030	0.493369	0.505952	0.152529	0.398374	0.537931	0.501511	0.329966	0.036773	0.479564	0.053421	0.050489	0.564784	0.379110	0.297420	0.389558	0.584615	0.410023	0.295626	0.345070	0.278014	0.261682	0.484375	0.535032	0.164292	0.511628	0.308176	0.335616	0.307692	0.574545	0.447005	0.036567	0.432432	0.217778	0.250960	0.371212	0.328308	0.241379	0.634409	0.790323	0.206316	0.353791	0.087539	0.344464	0.238153	0.165541	0.430260	0.331641	0.254215	0.472727	0.271845	0.395161	0.102243	0.572581	0.483333	0.606335	0.527273	0.085702	0.415929	0.489011	0.368421	0.364312	0.175313	0.305296	0.136300	0.253886	0.353791	0.653465	0.201646	0.315113	0.371212	0.355311	0.254215	0.163880	0.607692	0.069111	0.257556	0.252577	0.457547	0.301075	0.070150	0.342657	0.548896	0.063063	0.435955	0.261333	0.513333	0.376754	0.096362	0.039492	0.027234	0.104589	0.324503	0.594595	0.413502	0.315113	0.249364	0.587755	0.650000	0.307692	0.488312	0.501393	0.345679	0.451923	0.165821	0.515759	0.400000	0.554839	0.436620	0.040065	0.385069	0.549521	0.343257	0.430493	0.260638	0.233056	0.136776	0.543689	0.532110	0.170139	0.544304	0.199187	0.221219	0.573379	0.438914	0.214677	0.280401	0.033108	0.492997	0.230860	0.325041	0.057495	0.114352	0.406780	0.018081	0.388664	0.613546	0.539249	0.347518	0.104366	0.258575	0.127355	0.447115	0.006189	0.360958	0.461153	0.577181	0.522989	0.378378	0.473684	0.213974	0.118072	0.575342	0.183178	0.416486	0.238443	0.536585	0.380583	0.091760	0.263795	0.089294	0.192157	0.459658	0.528302	0.388778	0.532787	0.468828	0.490667	0.374517	0.335043	0.550336	0.168240	0.555205	0.619469	0.196393	0.544304	0.475676	0.886878	0.044525	0.195804	0.610879	0.511364	0.536278	0.233611	0.363296	0.176259	0.101554	0.458438	0.568345	0.526912	0.062841	0.585551	0.579592	0.565217	0.391753	0.201854	0.311606	0.326123	0.195609	0.277228	0.469136	0.224000	0.308176	0.412148	0.452926	0.355072	0.163743	0.576471	0.570312	0.464286	0.402516	0.308176	
0.592953	0.642715	0.609060	0.642780	0.519553	0.638983	0.598985	0.056030	0.641052	0.621404	0.628435	0.588560	0.613555	0.630011	0.640415	0.619385	0.640913	0.548387	0.597340	0.630940	0.483726	0.514626	0.619776	0.599022	0.625581	0.213378	0.607930	0.576184	0.560106	0.436411	0.417819	0.577023	0.615199	0.604010	0.522905	0.601726	0.651210	0.510504	0.514851	0.612653	0.652689	0.595616	0.544584	0.390374	0.607867	0.529986	0.548294	0.344897	0.651252	0.342475	0.628297	0.647600	0.404972	0.619369	0.557333	0.633628	0.580892	0.540466	0.565499	0.622662	0.406930	0.510638	0.636763	0.543716	0.617071	0.507322	0.550136	0.628328	0.563492	0.622296	0.627451	0.616647	0.433476	0.653696	0.631101	0.029280	0.578065	0.607251	0.428328	0.648236	0.584498	0.644592	0.545455	0.583162	0.609013	0.588771	0.622271	0.629921	0.301824	0.607988	0.141730	0.611180	0.641750	0.555256	0.624413	0.656772	0.206410	0.536252	0.630378	0.617886	0.633727	0.549932	0.646251	0.071653	0.629960	0.284757	0.633594	0.162669	0.477717	0.631937	0.394984	0.636275	0.486804	0.511429	0.648236	0.598985	0.156002	0.650759	0.521887	0.531374	0.354080	0.473231	0.296173	0.630705	0.069054	0.412363	0.627002	0.611533	0.632402	0.544474	0.410959	0.535550	0.518310	0.638024	0.634708	0.622378	0.282795	0.648980	0.463596	0.629071	0.621488	0.661307	0.634953	0.638256	0.633212	0.594319	0.618123	0.635563	0.264407	0.606690	0.625780	0.501029	0.617978	0.513475	0.524439	0.332252	0.644958	0.507846	0.627832	0.612634	0.336399	0.572745	0.293333	0.570337	0.578774	0.625989	0.600496	0.600992	0.637427	0.634888	0.555147	0.594633	0.644841	0.645816	0.550060	0.298629	0.583658	0.621901	0.634197	0.567347	0.547619	0.603435	0.322317	0.628059	0.506024	0.643062	0.651751	0.632124	0.641438	0.620690	0.481159	0.272196	0.619970	0.634146	0.585900	0.636735	0.622673	0.613601	0.627630	0.638577	0.465753	0.600939	0.637443	0.636161	0.635535	0.378940	0.573664	0.639090	0.628507	0.456270	0.602203	0.572178	0.613924	0.315789	0.596713	0.573463	0.652935	0.213111	0.578095	0.628505	0.377179	0.454410	0.603286	0.399217	0.586207	0.597685	0.514786	0.649049	0.603023	0.619653	0.348387	0.638342	0.270270	0.632065	0.607656	0.283499	0.653266	0.631351	0.634352	0.559896	0.542510	0.615618	0.603059	0.519663	0.445783	0.646182	0.574050	0.657919	0.223191	0.633643	0.639594	0.594185	0.616423	0.559645	0.144735	0.570674	0.459701	0.624000	0.376940	0.601493	0.624855	0.645533	0.610837	0.588988	0.564304	0.580231	0.625571	0.626832	0.502311	0.046230	0.402208	0.625293	0.588535	0.600772	0.634555	0.623377	0.321311	1.000000	0.555705	0.587045	0.552776	0.595849	0.634783	0.613240	0.619750	0.249573	0.623751	0.370746	0.598157	0.634038	0.585987	0.569075	0.315789	0.531293	0.403953	0.428790	0.631285	0.598311	0.644860	0.564238	0.639373	0.601770	0.549333	0.527369	0.633554	0.505682	0.558389	0.640873	0.178273	0.588988	0.250796	0.238361	0.531469	0.631579	0.637465	0.631579	0.468843	0.604924	0.629526	0.631365	0.645219	0.643164	0.604010	0.530220	0.563783	0.567282	0.628571	0.641283	0.648906	0.493469	0.625000	0.177347	0.620047	0.607306	0.632636	0.636943	0.640950	0.626427	0.293333	0.444109	0.601173	0.634298	0.385978	0.634791	0.593371	0.560701	0.604540	0.646766	0.634599	0.578223	0.644934	0.626374	0.429858	0.450151	0.576227	0.387402	0.559140	0.378378	0.625866	0.578406	0.632135	0.638655	0.575718	0.642045	0.493521	0.634064	0.644628	0.337662	0.604618	0.648649	0.645435	0.643750	0.639662	0.551553	0.462908	0.315077	0.638298	0.635294	0.606205	0.629108	0.319202	0.661258	0.541724	0.290744	0.623981	0.637457	0.535014	0.637459	0.416667	0.190441	0.134542	0.437937	0.634578	0.521127	0.630631	0.658301	0.625000	0.430956	0.332248	0.647003	0.605757	0.584735	0.627931	0.604819	0.570175	0.560944	0.642937	0.200351	0.597619	0.192989	0.643554	0.541953	0.649746	0.611628	0.627787	0.613546	0.516513	0.536653	0.550607	0.567050	0.545205	0.603720	0.620000	0.506365	0.630841	0.610399	0.636119	0.161667	0.570687	0.633413	0.656834	0.267852	0.468045	0.616253	0.090990	0.627753	0.448120	0.509194	0.642127	0.436300	0.643345	0.498720	0.595181	0.031916	0.639498	0.597786	0.511236	0.572178	0.637339	0.594458	0.592481	0.469624	0.515581	0.597035	0.621714	0.614887	0.504993	0.641550	0.401569	0.617113	0.392488	0.587169	0.612394	0.546448	0.628697	0.443769	0.596319	0.590621	0.635193	0.634635	0.516854	0.557315	0.536252	0.400000	0.593484	0.539726	0.599490	0.384252	0.212625	0.586572	0.425727	0.574413	0.533516	0.633679	0.628692	0.566186	0.431741	0.601726	0.491329	0.576271	0.289839	0.469719	0.440061	0.486957	0.636263	0.615162	0.632790	0.636453	0.604520	0.633363	0.615385	0.626843	0.636190	0.626286	0.604709	0.631470	0.563625	0.246575	0.456716	0.595533	0.628507	0.657143	
0.569853	0.575380	0.460022	0.588785	0.636156	0.490566	0.420000	0.025893	0.566197	0.623729	0.623656	0.395904	0.622776	0.599327	0.583090	0.613757	0.506977	0.627957	0.624088	0.554930	0.271246	0.297384	0.558405	0.638219	0.623064	0.103097	0.428440	0.613546	0.652720	0.231036	0.559140	0.624230	0.621818	0.628131	0.308405	0.601504	0.575035	0.286769	0.602804	0.556270	0.528117	0.431034	0.334770	0.199230	0.600000	0.607306	0.321379	0.173234	0.550725	0.171892	0.645045	0.582857	0.210384	0.571429	0.641189	0.502938	0.588933	0.608889	0.609756	0.603175	0.211530	0.633803	0.512821	0.640177	0.456914	0.285364	0.627451	0.593939	0.628931	0.487541	0.625850	0.609756	0.227206	0.560748	0.607973	0.013432	0.653226	0.436364	0.225666	0.532468	0.633858	0.593301	0.624454	0.392555	0.627306	0.421559	0.583987	0.609836	0.500000	0.426841	0.067089	0.615970	0.525672	0.626350	0.454454	0.538173	0.099530	0.641593	0.497674	0.615120	0.585890	0.637168	0.586826	0.033257	0.464435	0.496855	0.494253	0.077460	0.271246	0.599338	0.579387	0.550532	0.610422	0.627078	0.532468	0.418182	0.074145	0.581649	0.314865	0.312752	0.178339	0.257033	0.515528	0.481641	0.032027	0.213761	0.615126	0.442733	0.610390	0.622030	0.211530	0.318089	0.631090	0.588957	0.528796	0.614853	0.139437	0.564907	0.624365	0.459184	0.481203	0.558659	0.572674	0.569863	0.516524	0.420475	0.468130	0.513419	0.463023	0.615646	0.553441	0.279880	0.582651	0.629108	0.319178	0.166250	0.558692	0.654028	0.461860	0.621429	0.168535	0.375806	0.504673	0.360681	0.376414	0.580858	0.618596	0.408127	0.551539	0.557284	0.344420	0.408091	0.567901	0.488938	0.337926	0.147937	0.630081	0.577649	0.565598	0.382872	0.332620	0.430189	0.160801	0.475185	0.301228	0.553525	0.550067	0.502844	0.537275	0.513854	0.632603	0.133793	0.428975	0.578313	0.392555	0.570613	0.487265	0.443350	0.525799	0.542459	0.253536	0.607330	0.531863	0.596434	0.634391	0.192721	0.639344	0.581395	0.571895	0.247609	0.594796	0.633540	0.460914	0.516717	0.628906	0.368088	0.572254	0.102961	0.368671	0.616984	0.579545	0.600000	0.561955	0.204745	0.596623	0.415231	0.301228	0.581709	0.460123	0.614334	0.580645	0.556851	0.485623	0.608844	0.621185	0.139814	0.572626	0.566563	0.605970	0.370724	0.627706	0.434615	0.424132	0.563510	0.592208	0.530818	0.640496	0.543147	0.108146	0.585507	0.560907	0.625000	0.596721	0.359291	0.068570	0.615063	0.618926	0.470449	0.192007	0.429783	0.615120	0.548556	0.604128	0.653386	0.641822	0.600000	0.603015	0.601974	0.279376	0.021307	0.206469	0.605217	0.624506	0.446850	0.568047	0.465897	0.507553	0.555705	1.000000	0.384040	0.342647	0.662963	0.605304	0.632302	0.591362	0.444444	0.610932	0.187676	0.408127	0.603226	0.628458	0.358737	0.541033	0.631818	0.207019	0.593583	0.528302	0.592727	0.528445	0.621849	0.506329	0.613281	0.628450	0.328169	0.622010	0.663529	0.643777	0.545953	0.085270	0.653386	0.122503	0.116007	0.637615	0.579755	0.528967	0.597156	0.602532	0.599303	0.521303	0.560455	0.514286	0.490950	0.631985	0.632517	0.350904	0.643006	0.523995	0.553547	0.551813	0.643902	0.608084	0.084804	0.590674	0.438647	0.486900	0.588235	0.562842	0.481521	0.517134	0.574413	0.425806	0.566038	0.196293	0.579545	0.434238	0.353298	0.627240	0.570248	0.490066	0.607692	0.516355	0.592710	0.227096	0.605744	0.622222	0.584270	0.640860	0.192403	0.613288	0.617234	0.572714	0.585438	0.371907	0.537967	0.296249	0.489526	0.580552	0.534125	0.413731	0.554822	0.576169	0.581498	0.479029	0.350113	0.592405	0.156850	0.500000	0.489572	0.601073	0.531807	0.159099	0.577086	0.623894	0.143694	0.613793	0.488136	0.671264	0.580442	0.214846	0.091408	0.063557	0.231956	0.543978	0.640371	0.600985	0.541612	0.488599	0.573684	0.537313	0.525907	0.638462	0.659919	0.541311	0.602541	0.353834	0.628099	0.596774	0.386207	0.606061	0.092699	0.602484	0.647321	0.549575	0.571429	0.502818	0.463115	0.297194	0.617117	0.619048	0.362082	0.607539	0.414656	0.452498	0.602804	0.599653	0.437023	0.508393	0.076961	0.642276	0.467480	0.550136	0.131490	0.252028	0.576606	0.042460	0.575517	0.601036	0.654206	0.572246	0.231495	0.497200	0.278375	0.638838	0.014652	0.584071	0.640449	0.591224	0.637681	0.588055	0.590291	0.435775	0.259610	0.632319	0.386722	0.644295	0.461860	0.644550	0.600000	0.205196	0.496583	0.200000	0.400000	0.606618	0.653422	0.586751	0.622691	0.608209	0.666667	0.594181	0.555556	0.605081	0.358462	0.628319	0.554017	0.407767	0.625277	0.621782	0.539326	0.102711	0.408451	0.593583	0.628337	0.632743	0.466119	0.565022	0.373697	0.225666	0.582707	0.619855	0.627049	0.143208	0.603015	0.615789	0.622871	0.587097	0.415913	0.534031	0.559783	0.406332	0.522565	0.640741	0.453465	0.542153	0.593960	0.643939	0.596798	0.349850	0.439344	0.608696	0.667932	0.607843	0.557717	
0.454333	0.580822	0.601212	0.529369	0.347530	0.620269	0.631464	0.103555	0.558397	0.500377	0.477220	0.645364	0.480370	0.501878	0.545327	0.487730	0.609894	0.386023	0.470039	0.555632	0.602851	0.623264	0.560111	0.468652	0.496206	0.366369	0.637363	0.419693	0.401646	0.586057	0.250676	0.405229	0.469308	0.447452	0.637900	0.455477	0.569655	0.628281	0.334764	0.498896	0.601929	0.606401	0.635040	0.550065	0.468774	0.348936	0.645633	0.501897	0.588235	0.515661	0.476780	0.569241	0.567073	0.509658	0.392384	0.607053	0.423170	0.363943	0.411717	0.523775	0.542857	0.331900	0.618182	0.369748	0.634006	0.626160	0.376254	0.528275	0.395387	0.622892	0.499623	0.489703	0.583931	0.586810	0.500373	0.054754	0.418491	0.628507	0.575303	0.593232	0.433735	0.535191	0.373222	0.624283	0.465989	0.611486	0.538574	0.512249	0.171536	0.618785	0.252506	0.448139	0.595498	0.380000	0.631336	0.609375	0.358000	0.368377	0.621165	0.492798	0.537077	0.368377	0.546619	0.131534	0.639102	0.161137	0.594897	0.287280	0.600407	0.502610	0.229927	0.576226	0.298246	0.324698	0.581287	0.635819	0.276275	0.531884	0.630582	0.615177	0.534925	0.609412	0.168083	0.626578	0.126905	0.553994	0.504505	0.632883	0.517369	0.376667	0.577551	0.638510	0.339041	0.538517	0.570286	0.501520	0.463349	0.564673	0.284704	0.629004	0.639089	0.562973	0.574035	0.579414	0.613900	0.611688	0.629280	0.623588	0.148855	0.505660	0.536620	0.617818	0.504451	0.331900	0.635412	0.510169	0.541844	0.326143	0.628099	0.482652	0.521987	0.645422	0.166352	0.634795	0.655190	0.504840	0.449367	0.649545	0.579515	0.551247	0.648804	0.635005	0.570259	0.624010	0.617202	0.472858	0.411717	0.552595	0.567814	0.608921	0.646399	0.629939	0.486382	0.636580	0.604203	0.593480	0.590848	0.625000	0.588779	0.568256	0.310105	0.451185	0.644444	0.542470	0.640959	0.578581	0.620732	0.627854	0.602192	0.587156	0.594175	0.485496	0.607856	0.522895	0.513473	0.552773	0.411429	0.568421	0.520385	0.602520	0.459608	0.403279	0.632985	0.180113	0.437150	0.638043	0.554234	0.367851	0.643678	0.490107	0.218549	0.278616	0.483969	0.559575	0.455118	0.945652	0.629597	0.545584	0.629738	0.495843	0.200371	0.539705	0.152381	0.502642	0.469861	0.468305	0.569855	0.517715	0.554371	0.638917	0.380317	0.634778	0.640087	0.341880	0.270945	0.600522	0.406224	0.599344	0.382878	0.564821	0.565489	0.435548	0.516704	0.647984	0.257534	0.401646	0.280142	0.582438	0.546144	0.618465	0.500379	0.588392	0.455118	0.432607	0.406557	0.417138	0.500750	0.513011	0.621206	0.085810	0.569806	0.489329	0.432824	0.611523	0.554848	0.628402	0.183521	0.587045	0.384040	1.000000	0.626609	0.458888	0.532656	0.486732	0.506348	0.139981	0.528330	0.547826	0.648475	0.527634	0.434433	0.634578	0.180113	0.351742	0.556894	0.253825	0.590078	0.463092	0.598168	0.397362	0.606476	0.435548	0.394040	0.624015	0.524927	0.330465	0.385702	0.572988	0.312802	0.432607	0.417089	0.405553	0.346121	0.534197	0.595689	0.537226	0.286219	0.492754	0.575896	0.562500	0.618897	0.613202	0.445860	0.364250	0.641162	0.401316	0.568966	0.559066	0.596421	0.308631	0.486983	0.311297	0.480243	0.630926	0.632789	0.550000	0.579986	0.618765	0.166352	0.267857	0.647640	0.558205	0.559306	0.556558	0.594690	0.644942	0.481853	0.583732	0.617164	0.435959	0.602637	0.539474	0.573682	0.267857	0.422078	0.225069	0.386023	0.548275	0.503021	0.420712	0.544160	0.553191	0.652261	0.591810	0.588745	0.624088	0.556802	0.193669	0.644252	0.578313	0.552857	0.557123	0.623250	0.617021	0.286219	0.504854	0.640539	0.622573	0.472222	0.597505	0.495363	0.562327	0.366695	0.473367	0.493546	0.602959	0.344710	0.529540	0.579491	0.332476	0.240426	0.576111	0.588076	0.339041	0.512630	0.589023	0.628468	0.263205	0.190299	0.585818	0.448687	0.417547	0.539263	0.472050	0.643622	0.409500	0.518791	0.111003	0.485362	0.336572	0.532947	0.362869	0.569647	0.485584	0.636700	0.626970	0.634273	0.357324	0.378649	0.641304	0.367003	0.650862	0.639363	0.334764	0.490107	0.639776	0.602164	0.285630	0.413344	0.638001	0.589831	0.443354	0.614076	0.511905	0.165642	0.519766	0.272484	0.334764	0.550139	0.588364	0.622086	0.617171	0.473602	0.059615	0.554064	0.457907	0.341880	0.403279	0.549640	0.434505	0.616331	0.616904	0.333333	0.658084	0.505626	0.630460	0.326143	0.537851	0.568484	0.588235	0.558200	0.633192	0.462139	0.369748	0.532458	0.261649	0.454046	0.431435	0.545324	0.573782	0.341880	0.640157	0.368377	0.233151	0.640642	0.367003	0.429952	0.225069	0.367842	0.633209	0.253825	0.406863	0.368377	0.638223	0.547653	0.652218	0.583869	0.455477	0.313043	0.409796	0.468053	0.290749	0.263205	0.310105	0.524687	0.646772	0.582278	0.579769	0.638207	0.613046	0.468285	0.637665	0.596817	0.504126	0.450593	0.568820	0.640889	0.138196	0.280142	0.457278	0.532246	0.598143	
0.428373	0.544218	0.594355	0.498698	0.306536	0.601671	0.609829	0.119316	0.539900	0.470350	0.442149	0.631171	0.445055	0.474462	0.527848	0.444901	0.590650	0.341428	0.432732	0.539900	0.625574	0.637139	0.530075	0.421493	0.456949	0.409309	0.642387	0.385387	0.357143	0.605977	0.219589	0.367849	0.434903	0.403397	0.624532	0.416550	0.541381	0.643112	0.295008	0.497361	0.580607	0.637771	0.652668	0.591401	0.445667	0.307808	0.639932	0.553013	0.558984	0.534258	0.438923	0.530740	0.574461	0.485695	0.348718	0.591404	0.390000	0.322917	0.373737	0.496063	0.591540	0.292424	0.589041	0.326652	0.632135	0.622082	0.334072	0.513514	0.355945	0.608696	0.464238	0.449591	0.613243	0.552648	0.474599	0.063336	0.378417	0.635379	0.606962	0.567308	0.392297	0.489152	0.332840	0.651252	0.423398	0.623901	0.492489	0.480053	0.149425	0.640569	0.287500	0.411268	0.585280	0.338983	0.626519	0.568222	0.396700	0.325409	0.584949	0.463415	0.517464	0.325409	0.516005	0.151214	0.598919	0.140264	0.608844	0.325615	0.613323	0.479306	0.201117	0.554070	0.262143	0.285932	0.568510	0.628887	0.313971	0.503578	0.628475	0.653523	0.556031	0.617658	0.146382	0.596703	0.145947	0.601171	0.467428	0.623901	0.488742	0.338983	0.594769	0.632471	0.298868	0.504528	0.572979	0.452138	0.495751	0.529154	0.250000	0.611526	0.601644	0.544099	0.518331	0.543103	0.570427	0.646881	0.619125	0.577955	0.129461	0.457490	0.535193	0.647909	0.483721	0.292424	0.607477	0.532864	0.529675	0.287234	0.608320	0.442916	0.543318	0.644799	0.144856	0.648673	0.635084	0.474667	0.412386	0.614018	0.548446	0.548407	0.627503	0.630231	0.543438	0.604004	0.651122	0.524233	0.373737	0.540745	0.516456	0.646523	0.643137	0.617195	0.541667	0.602933	0.643998	0.560241	0.542909	0.582064	0.562201	0.582938	0.272797	0.487092	0.615227	0.518614	0.640655	0.524138	0.594324	0.631744	0.574941	0.570410	0.625183	0.453988	0.584795	0.480477	0.474213	0.570048	0.369030	0.520860	0.480744	0.609510	0.423184	0.363108	0.607770	0.156991	0.396871	0.652778	0.530895	0.410701	0.639481	0.455472	0.191011	0.244548	0.453988	0.588013	0.419061	0.617927	0.629250	0.513773	0.587607	0.463514	0.174899	0.535443	0.132560	0.461538	0.441075	0.510054	0.532919	0.510390	0.517903	0.637843	0.337758	0.630817	0.620724	0.301432	0.237686	0.571936	0.364296	0.571938	0.420911	0.515152	0.546250	0.395448	0.477394	0.628024	0.293108	0.357143	0.245914	0.605747	0.579946	0.633248	0.460705	0.559179	0.420463	0.382521	0.363108	0.383070	0.473508	0.480692	0.644809	0.099012	0.582037	0.461538	0.388571	0.628272	0.519745	0.605306	0.160000	0.552776	0.342647	0.626609	1.000000	0.423989	0.501629	0.462060	0.475936	0.121667	0.481530	0.568552	0.621915	0.494055	0.388571	0.643867	0.156991	0.310345	0.597774	0.222397	0.573120	0.433518	0.572107	0.354745	0.594441	0.396871	0.348718	0.626621	0.489152	0.291130	0.342647	0.553296	0.352571	0.382521	0.466156	0.449196	0.305263	0.509702	0.568720	0.491159	0.251358	0.453678	0.586288	0.536005	0.575548	0.609674	0.401982	0.321668	0.654365	0.358339	0.574174	0.549287	0.570228	0.271472	0.449761	0.352794	0.461643	0.615863	0.591160	0.509955	0.546125	0.610538	0.144856	0.234926	0.619505	0.529375	0.580783	0.541927	0.616631	0.633529	0.436639	0.545679	0.601111	0.404526	0.594286	0.487869	0.612356	0.234926	0.375810	0.196800	0.341428	0.580217	0.456448	0.381910	0.521461	0.511806	0.628784	0.552962	0.627483	0.591893	0.521794	0.168968	0.629685	0.560872	0.509955	0.518095	0.598889	0.657079	0.251358	0.530918	0.598883	0.611634	0.443221	0.551190	0.539367	0.540912	0.325409	0.507131	0.457259	0.598089	0.303988	0.494764	0.596148	0.375834	0.274009	0.624871	0.546234	0.298868	0.480373	0.548758	0.606061	0.230769	0.165989	0.569028	0.403112	0.376081	0.538847	0.431834	0.633198	0.364296	0.480845	0.096284	0.435739	0.377977	0.496749	0.320417	0.531250	0.463729	0.586188	0.611765	0.636881	0.315396	0.337758	0.636405	0.324164	0.636860	0.621410	0.295008	0.456832	0.626159	0.579861	0.324363	0.373737	0.618743	0.535539	0.473637	0.615385	0.479680	0.189906	0.495076	0.239063	0.295008	0.534840	0.609563	0.613318	0.637850	0.431834	0.068932	0.520356	0.414566	0.301432	0.363108	0.501616	0.400284	0.638560	0.614355	0.293717	0.645069	0.465772	0.613722	0.287234	0.503886	0.587678	0.607223	0.594913	0.644217	0.428373	0.326652	0.489529	0.229379	0.420979	0.390313	0.511959	0.539033	0.301432	0.641750	0.325409	0.203984	0.626542	0.324164	0.387420	0.196800	0.408396	0.625616	0.222397	0.367849	0.325409	0.613490	0.516955	0.639888	0.600203	0.412342	0.275440	0.369030	0.513500	0.255418	0.230769	0.272797	0.484808	0.627000	0.556092	0.533742	0.644018	0.584101	0.421199	0.625000	0.554955	0.464430	0.413502	0.516129	0.635220	0.120100	0.245914	0.408163	0.470120	0.566967	
0.618123	0.619824	0.522796	0.634078	0.606654	0.553846	0.480409	0.033977	0.617347	0.665663	0.636076	0.476726	0.632075	0.625749	0.621053	0.617785	0.563169	0.627087	0.630225	0.612245	0.342634	0.374162	0.610825	0.636215	0.629008	0.133653	0.504754	0.618056	0.630435	0.293639	0.515695	0.638146	0.625000	0.620573	0.386120	0.623762	0.607370	0.361389	0.609562	0.603448	0.594170	0.490161	0.416098	0.254455	0.640379	0.617188	0.401575	0.222142	0.597839	0.220467	0.639110	0.617571	0.268239	0.629575	0.645872	0.549189	0.631034	0.618321	0.618375	0.636364	0.269653	0.608000	0.577253	0.618596	0.531716	0.359695	0.630394	0.632153	0.635209	0.551655	0.655589	0.648148	0.288941	0.626974	0.642012	0.017660	0.635088	0.516533	0.287050	0.592417	0.625430	0.610556	0.605263	0.469745	0.646104	0.486972	0.624473	0.631579	0.442211	0.496949	0.087464	0.646667	0.569507	0.621974	0.525629	0.575029	0.129100	0.642586	0.552463	0.615854	0.625344	0.612167	0.633423	0.043589	0.528155	0.423469	0.550847	0.100821	0.341518	0.628319	0.531178	0.607748	0.591195	0.589899	0.590047	0.494037	0.096556	0.616457	0.395109	0.391304	0.228508	0.325384	0.449495	0.544000	0.041986	0.272405	0.639761	0.510332	0.643478	0.610801	0.269653	0.398960	0.605941	0.628099	0.575179	0.609495	0.179742	0.611613	0.589744	0.529412	0.541294	0.607595	0.619423	0.614428	0.585859	0.501712	0.537342	0.567132	0.405195	0.628399	0.605020	0.353076	0.624818	0.584000	0.393742	0.213417	0.602410	0.600806	0.531523	0.630915	0.216273	0.447489	0.440506	0.439239	0.454268	0.620588	0.638935	0.484245	0.601705	0.596671	0.423266	0.485549	0.600249	0.554192	0.412939	0.190447	0.621908	0.615990	0.605263	0.456917	0.414915	0.504409	0.206595	0.534770	0.376311	0.590476	0.612394	0.558237	0.600939	0.564516	0.614433	0.172617	0.497801	0.620596	0.469745	0.621935	0.548618	0.521579	0.574324	0.604867	0.321130	0.646059	0.582022	0.633864	0.641902	0.246388	0.640569	0.603675	0.606414	0.313906	0.637255	0.631957	0.525024	0.441687	0.651877	0.450746	0.634465	0.133478	0.452915	0.645161	0.511737	0.556034	0.627512	0.261277	0.629325	0.487681	0.378779	0.618084	0.524715	0.627273	0.506024	0.610526	0.408269	0.643505	0.630745	0.180217	0.615190	0.602778	0.639785	0.449286	0.626866	0.506284	0.496575	0.587771	0.579521	0.596087	0.637993	0.582367	0.140087	0.615183	0.612821	0.651877	0.637427	0.442013	0.089374	0.615942	0.589247	0.550000	0.245502	0.502203	0.640244	0.610048	0.626030	0.631944	0.635548	0.609756	0.619970	0.615836	0.352468	0.027979	0.263406	0.634823	0.631034	0.522936	0.610667	0.537488	0.454321	0.595849	0.662963	0.458888	0.423989	1.000000	0.646154	0.652439	0.633136	0.384211	0.623563	0.240125	0.480929	0.648415	0.655172	0.441369	0.466501	0.630350	0.264086	0.553571	0.582278	0.612179	0.575723	0.625455	0.557794	0.614334	0.627523	0.408300	0.639087	0.633267	0.618519	0.595268	0.110850	0.631944	0.158329	0.150086	0.600000	0.628099	0.576037	0.613861	0.592751	0.617284	0.577982	0.617761	0.577681	0.546973	0.644182	0.623327	0.430813	0.629295	0.575148	0.617907	0.605201	0.595041	0.653188	0.110253	0.621746	0.513977	0.545455	0.621438	0.620347	0.540646	0.430380	0.538293	0.502157	0.608126	0.250817	0.616967	0.494186	0.430725	0.648734	0.612500	0.559184	0.619529	0.580645	0.609929	0.288805	0.573304	0.636204	0.525581	0.638219	0.245994	0.635401	0.656195	0.593792	0.626506	0.455162	0.603995	0.369156	0.550459	0.629096	0.476886	0.489416	0.604091	0.613297	0.622517	0.538776	0.431317	0.579957	0.201642	0.571134	0.556345	0.641390	0.581395	0.204462	0.612036	0.600760	0.185107	0.639144	0.558916	0.632613	0.632768	0.273741	0.118716	0.082906	0.294767	0.595326	0.601980	0.632504	0.580024	0.546734	0.546256	0.484108	0.595745	0.629630	0.651408	0.603093	0.614400	0.438533	0.623656	0.628242	0.313187	0.629921	0.120369	0.629526	0.620690	0.592308	0.613740	0.570239	0.531429	0.373934	0.625483	0.623134	0.443791	0.590476	0.491199	0.531507	0.597610	0.614439	0.511586	0.570485	0.100179	0.639576	0.538752	0.600985	0.169707	0.319293	0.625551	0.055571	0.625889	0.565217	0.625498	0.626132	0.294202	0.560496	0.351259	0.646400	0.019260	0.622340	0.651316	0.575937	0.621185	0.621733	0.611205	0.501333	0.328518	0.590818	0.469116	0.665672	0.525703	0.588710	0.640884	0.261834	0.546218	0.255408	0.471928	0.624595	0.633776	0.632768	0.556291	0.629508	0.660959	0.632737	0.609572	0.587771	0.438137	0.634981	0.505747	0.493786	0.613333	0.642487	0.520930	0.133160	0.485950	0.571429	0.631016	0.627376	0.536260	0.619112	0.452687	0.287050	0.623762	0.599589	0.619217	0.184495	0.588983	0.555066	0.602062	0.625360	0.489831	0.589499	0.612346	0.473988	0.576419	0.654723	0.522140	0.601183	0.635821	0.651163	0.620237	0.435277	0.379947	0.550538	0.648918	0.629738	0.605917	
0.603616	0.650334	0.584559	0.624235	0.571895	0.592937	0.544314	0.044904	0.628249	0.648366	0.635744	0.537491	0.621438	0.629389	0.652729	0.617251	0.608696	0.593750	0.633472	0.639548	0.425779	0.456946	0.629418	0.624650	0.629630	0.173802	0.569157	0.587888	0.600306	0.371350	0.471664	0.601208	0.631724	0.628242	0.460261	0.599717	0.644144	0.445556	0.550580	0.614806	0.610272	0.557834	0.500319	0.324582	0.614966	0.551387	0.484923	0.284817	0.631692	0.282744	0.635616	0.637714	0.341423	0.619898	0.594427	0.610136	0.613803	0.576000	0.602699	0.648447	0.343146	0.555740	0.611810	0.579618	0.584825	0.441372	0.577287	0.632335	0.598160	0.610200	0.636959	0.635514	0.366577	0.634199	0.633205	0.023402	0.616990	0.562295	0.364286	0.620106	0.632504	0.648379	0.578199	0.530582	0.630404	0.548600	0.635468	0.634395	0.360721	0.551282	0.114591	0.619116	0.628399	0.586207	0.580920	0.628337	0.168005	0.567783	0.606763	0.636724	0.628779	0.580542	0.638197	0.057517	0.594164	0.344828	0.595215	0.131804	0.415214	0.636714	0.460674	0.629989	0.536332	0.546980	0.637037	0.553725	0.126316	0.635697	0.473716	0.466066	0.292683	0.409457	0.358149	0.601272	0.055416	0.345648	0.631169	0.573311	0.647282	0.573668	0.343146	0.480488	0.564356	0.628779	0.613419	0.628647	0.232016	0.621005	0.516696	0.597403	0.603978	0.617284	0.637312	0.634254	0.622984	0.554768	0.595406	0.606589	0.320988	0.647444	0.634033	0.434783	0.646310	0.552413	0.453823	0.274009	0.622642	0.546064	0.588339	0.631293	0.277551	0.522968	0.350806	0.507157	0.526539	0.629962	0.629630	0.541699	0.639913	0.623583	0.501309	0.551829	0.637168	0.598703	0.491634	0.245414	0.584708	0.648148	0.624855	0.522694	0.491117	0.558704	0.265539	0.600713	0.450639	0.635494	0.627706	0.605313	0.627492	0.608875	0.539249	0.223073	0.560582	0.631704	0.542373	0.618721	0.597403	0.574790	0.616785	0.632780	0.404372	0.641711	0.633703	0.641414	0.651163	0.314693	0.603318	0.641947	0.635324	0.394750	0.631136	0.592705	0.587931	0.380952	0.608443	0.524636	0.636678	0.173580	0.529534	0.640957	0.436433	0.523894	0.614973	0.332925	0.601695	0.555556	0.455285	0.627078	0.579358	0.625493	0.410853	0.631823	0.327869	0.636959	0.631148	0.232611	0.639731	0.630938	0.643787	0.512570	0.596546	0.567901	0.557920	0.536184	0.507143	0.618557	0.616085	0.631360	0.181980	0.640462	0.637911	0.611354	0.626752	0.512228	0.117056	0.591118	0.505300	0.575906	0.313605	0.558252	0.639366	0.633938	0.607345	0.611521	0.595745	0.592593	0.650259	0.620690	0.438416	0.037014	0.335526	0.626667	0.604993	0.570949	0.636898	0.583333	0.383399	0.634783	0.605304	0.532656	0.501629	0.646154	1.000000	0.612946	0.620335	0.303534	0.652447	0.306998	0.552410	0.644025	0.619677	0.511533	0.376984	0.562602	0.336356	0.488160	0.639175	0.612414	0.612836	0.589862	0.622605	0.620087	0.594427	0.475235	0.650873	0.563333	0.580343	0.630531	0.144681	0.611521	0.205077	0.194656	0.569558	0.636034	0.625387	0.631188	0.515789	0.616822	0.612539	0.628702	0.620690	0.611898	0.631124	0.573718	0.508317	0.599388	0.608879	0.621924	0.637804	0.547009	0.645161	0.143915	0.615385	0.570248	0.601283	0.644391	0.632856	0.602496	0.350806	0.505376	0.566667	0.622685	0.320126	0.637088	0.552515	0.510040	0.611187	0.639290	0.597595	0.621583	0.620757	0.637717	0.366412	0.501792	0.602985	0.448211	0.612500	0.314209	0.619423	0.587537	0.619952	0.646226	0.523810	0.615546	0.438215	0.606285	0.638889	0.398438	0.553822	0.628755	0.637232	0.647196	0.603145	0.504648	0.519298	0.259377	0.610644	0.605893	0.623978	0.622268	0.262887	0.639456	0.567783	0.238736	0.617219	0.600000	0.570492	0.630408	0.348123	0.154751	0.108699	0.373626	0.623632	0.561056	0.637755	0.622318	0.602190	0.493694	0.400000	0.627244	0.621583	0.618834	0.624857	0.636364	0.509383	0.591806	0.641509	0.245161	0.633152	0.156863	0.652015	0.584270	0.631101	0.608466	0.612053	0.585578	0.454389	0.568659	0.593407	0.521204	0.555911	0.564142	0.591973	0.550580	0.630319	0.572363	0.620416	0.130979	0.587706	0.591890	0.635268	0.219414	0.400198	0.634271	0.073184	0.624378	0.502674	0.563847	0.638444	0.372943	0.608614	0.436993	0.633609	0.025516	0.651817	0.620592	0.552632	0.601824	0.642512	0.600000	0.559543	0.413198	0.554817	0.547826	0.635538	0.588339	0.546064	0.630303	0.333606	0.594492	0.325749	0.538346	0.628651	0.589172	0.650185	0.498195	0.613221	0.621898	0.623188	0.632402	0.559211	0.511186	0.586922	0.473881	0.558104	0.584665	0.614706	0.444444	0.173175	0.549199	0.495446	0.601208	0.567783	0.593560	0.627962	0.518987	0.364286	0.616690	0.523810	0.597285	0.237970	0.516579	0.500901	0.546075	0.618868	0.554254	0.613419	0.638858	0.541159	0.629302	0.643357	0.592405	0.630021	0.635538	0.628734	0.631090	0.509622	0.300000	0.505300	0.615385	0.632783	0.640592	
0.627273	0.643623	0.526725	0.620053	0.603978	0.578171	0.513158	0.038536	0.627119	0.634561	0.646884	0.518634	0.657817	0.636620	0.670823	0.638360	0.584016	0.598967	0.635542	0.617433	0.380589	0.411171	0.603912	0.625954	0.637016	0.150561	0.535446	0.650485	0.606061	0.327239	0.483607	0.597015	0.624625	0.611024	0.420406	0.635802	0.641737	0.398621	0.566176	0.642276	0.614561	0.518966	0.458886	0.284318	0.644970	0.599278	0.438059	0.248753	0.614857	0.246905	0.614009	0.617647	0.299442	0.637241	0.609881	0.589452	0.623794	0.621908	0.618421	0.632708	0.300992	0.575646	0.583162	0.601054	0.558348	0.395655	0.591304	0.621134	0.610455	0.585178	0.650568	0.643478	0.322104	0.615029	0.662953	0.020052	0.598039	0.539190	0.320037	0.616253	0.621795	0.600269	0.592334	0.513097	0.644377	0.526407	0.621514	0.622590	0.409091	0.529857	0.098839	0.644860	0.599572	0.628670	0.554260	0.603279	0.145477	0.598592	0.561475	0.638968	0.638021	0.588028	0.647959	0.049405	0.552239	0.382488	0.588235	0.113829	0.376227	0.647222	0.471579	0.619816	0.543353	0.569832	0.607223	0.532895	0.109045	0.603426	0.431078	0.429639	0.255771	0.361846	0.401826	0.560461	0.047593	0.304007	0.632911	0.538528	0.653005	0.587219	0.300992	0.435168	0.588665	0.625000	0.600000	0.612950	0.201851	0.604651	0.552941	0.554745	0.548233	0.622596	0.614428	0.598109	0.593783	0.522314	0.572227	0.573484	0.365340	0.599432	0.600751	0.391915	0.638239	0.564576	0.421320	0.239123	0.600760	0.579926	0.546132	0.624260	0.242277	0.494100	0.402746	0.478693	0.481536	0.626039	0.628305	0.509615	0.595597	0.600243	0.460177	0.518755	0.598817	0.584314	0.453512	0.213717	0.621711	0.631056	0.600998	0.489671	0.452208	0.545918	0.231586	0.556914	0.414913	0.582766	0.624277	0.558794	0.617450	0.580220	0.569260	0.193943	0.515691	0.638462	0.516179	0.626683	0.578999	0.546419	0.593548	0.627624	0.357216	0.621190	0.603004	0.638472	0.643357	0.275454	0.615894	0.616915	0.618132	0.349349	0.617737	0.614357	0.546776	0.404494	0.636943	0.487699	0.643564	0.150366	0.485507	0.603175	0.478632	0.533597	0.635704	0.291806	0.607088	0.515176	0.411305	0.620690	0.530165	0.626781	0.459519	0.635910	0.372960	0.636364	0.635958	0.202378	0.612981	0.622047	0.651399	0.476329	0.598616	0.531142	0.533884	0.550091	0.558882	0.603732	0.613333	0.586283	0.157740	0.602978	0.613139	0.624204	0.652893	0.468507	0.100984	0.612795	0.560158	0.575884	0.274479	0.543755	0.636103	0.633257	0.616333	0.611650	0.604341	0.613636	0.639551	0.604972	0.391256	0.031746	0.294142	0.616498	0.601286	0.558304	0.616162	0.542563	0.416107	0.613240	0.632302	0.486732	0.462060	0.652439	0.612946	1.000000	0.637883	0.345972	0.612466	0.268565	0.508013	0.654891	0.627010	0.479152	0.422472	0.597122	0.294888	0.530612	0.605928	0.591592	0.608600	0.601351	0.578680	0.630573	0.599659	0.440104	0.646030	0.591497	0.594502	0.598817	0.125067	0.611650	0.178061	0.168885	0.583333	0.625000	0.597802	0.592790	0.544031	0.602899	0.599562	0.634921	0.598326	0.576000	0.629921	0.605310	0.472299	0.618487	0.613303	0.641916	0.617117	0.574144	0.651095	0.124399	0.653237	0.526499	0.556202	0.626444	0.606132	0.553151	0.402746	0.525050	0.519567	0.613665	0.280321	0.612195	0.536313	0.466899	0.637982	0.610451	0.565558	0.628931	0.600823	0.613119	0.321956	0.521042	0.615385	0.491525	0.605852	0.275020	0.623044	0.643902	0.618135	0.638783	0.479182	0.609183	0.401421	0.557185	0.616149	0.445916	0.521668	0.620848	0.618742	0.612296	0.559687	0.464409	0.563601	0.226109	0.571146	0.570594	0.642963	0.578714	0.229228	0.636695	0.580986	0.207800	0.640805	0.571429	0.595281	0.616000	0.305470	0.133870	0.093716	0.328471	0.603509	0.588665	0.609655	0.591065	0.580521	0.504032	0.425721	0.581081	0.606918	0.636066	0.625917	0.614693	0.475925	0.623333	0.625000	0.280788	0.605613	0.135718	0.634211	0.585106	0.603406	0.645624	0.570289	0.543956	0.408551	0.592857	0.629758	0.468995	0.582011	0.516599	0.557608	0.599265	0.611833	0.534364	0.572632	0.113110	0.638158	0.563636	0.604215	0.190710	0.355216	0.614108	0.062934	0.652349	0.529880	0.584559	0.628221	0.327853	0.572844	0.389944	0.635682	0.021866	0.629723	0.627692	0.571949	0.607679	0.600780	0.602219	0.550129	0.365254	0.581952	0.505678	0.637640	0.546132	0.568773	0.647520	0.292417	0.579477	0.285364	0.512982	0.633333	0.601054	0.624000	0.521212	0.634969	0.638978	0.634590	0.626794	0.582878	0.470339	0.602113	0.469602	0.510809	0.589065	0.615137	0.483051	0.150011	0.517572	0.526531	0.616915	0.591549	0.561468	0.629299	0.488628	0.320037	0.626543	0.589792	0.609272	0.207122	0.556420	0.532258	0.554080	0.627717	0.523732	0.602273	0.591549	0.512370	0.576200	0.615854	0.548845	0.595265	0.629213	0.639752	0.617684	0.469613	0.342043	0.520710	0.628305	0.626374	0.617813	
0.614706	0.619325	0.570067	0.629820	0.565445	0.582449	0.509709	0.040699	0.614657	0.628099	0.625360	0.527523	0.624642	0.649315	0.630170	0.614509	0.596386	0.592346	0.634503	0.602837	0.394822	0.427481	0.606205	0.640000	0.635983	0.158505	0.539787	0.636364	0.596091	0.342778	0.511811	0.590690	0.618076	0.595420	0.434730	0.649701	0.628975	0.419080	0.585106	0.617414	0.601677	0.550847	0.467277	0.298182	0.635057	0.581882	0.453972	0.261146	0.618994	0.259220	0.616498	0.617225	0.313909	0.638926	0.609555	0.595745	0.638629	0.583618	0.617834	0.639687	0.315519	0.540925	0.587525	0.601019	0.569665	0.411532	0.561345	0.640704	0.610114	0.570349	0.638122	0.619718	0.337449	0.621469	0.639566	0.021189	0.610759	0.553768	0.335302	0.607064	0.627329	0.610747	0.622896	0.523520	0.631268	0.539574	0.620957	0.638070	0.391304	0.557486	0.104208	0.613293	0.618449	0.601002	0.562115	0.609626	0.153176	0.591837	0.568273	0.637883	0.639594	0.588435	0.636816	0.052163	0.562271	0.370044	0.604374	0.119961	0.391586	0.648649	0.480808	0.617117	0.538033	0.578097	0.613687	0.527508	0.114935	0.636714	0.444307	0.447724	0.268461	0.377630	0.388646	0.576271	0.050252	0.318653	0.629275	0.542979	0.654255	0.607679	0.315519	0.453467	0.557319	0.601523	0.620000	0.629371	0.212191	0.604540	0.543396	0.555556	0.560450	0.624413	0.609223	0.609700	0.600210	0.539837	0.569076	0.567976	0.348993	0.591160	0.644689	0.407551	0.634538	0.580071	0.426065	0.251106	0.650185	0.559140	0.570906	0.637931	0.254395	0.505814	0.385120	0.492997	0.493450	0.649596	0.621418	0.517350	0.600227	0.642942	0.475487	0.537313	0.615029	0.588462	0.469967	0.224589	0.646497	0.659394	0.603406	0.507913	0.464541	0.546823	0.243243	0.565097	0.427807	0.596452	0.635028	0.567488	0.619256	0.612903	0.541133	0.203924	0.533778	0.637500	0.522003	0.621266	0.567854	0.557776	0.587368	0.605405	0.373860	0.626234	0.615546	0.621514	0.636735	0.288958	0.605769	0.623786	0.631016	0.363726	0.640950	0.600969	0.556646	0.404301	0.608025	0.502140	0.625604	0.158301	0.492857	0.625526	0.463115	0.539924	0.648801	0.305970	0.618834	0.529459	0.431373	0.630137	0.545781	0.631579	0.440252	0.644769	0.351893	0.624309	0.637807	0.212741	0.619718	0.647059	0.627792	0.495334	0.602007	0.551020	0.523577	0.583480	0.518234	0.614393	0.606452	0.593074	0.166029	0.595642	0.617577	0.620370	0.619303	0.487090	0.106463	0.586319	0.523719	0.604888	0.287944	0.559733	0.621170	0.616927	0.621824	0.623824	0.617124	0.641509	0.635744	0.629032	0.407982	0.033535	0.308399	0.646976	0.601246	0.560764	0.618227	0.571166	0.415418	0.619750	0.591362	0.506348	0.475936	0.633136	0.620335	0.637883	1.000000	0.330317	0.601583	0.281787	0.518927	0.629630	0.619938	0.493380	0.408602	0.559028	0.309175	0.513725	0.627282	0.647230	0.597627	0.604575	0.599005	0.629630	0.589786	0.451157	0.613368	0.581105	0.584718	0.626590	0.131762	0.623824	0.187310	0.177703	0.566434	0.637056	0.604301	0.613784	0.531073	0.602817	0.612420	0.641240	0.596311	0.594118	0.610687	0.570940	0.489071	0.595122	0.637266	0.626901	0.627753	0.553114	0.655319	0.131060	0.643357	0.544833	0.576046	0.620776	0.603687	0.566944	0.385120	0.551060	0.524161	0.627879	0.294024	0.621429	0.570384	0.483849	0.625360	0.614849	0.583493	0.621951	0.604839	0.615385	0.337294	0.516378	0.599049	0.471545	0.582363	0.288507	0.608575	0.617323	0.615193	0.613103	0.496760	0.608981	0.421299	0.575264	0.625455	0.431290	0.537409	0.627100	0.620776	0.609547	0.570058	0.478528	0.549906	0.237528	0.596899	0.595989	0.644604	0.590022	0.240783	0.638197	0.615646	0.218408	0.642458	0.585700	0.560420	0.631169	0.320174	0.141001	0.098822	0.344056	0.610286	0.585538	0.630872	0.595745	0.575213	0.511628	0.428875	0.603524	0.609756	0.609524	0.642005	0.628821	0.488644	0.619355	0.624339	0.267606	0.625538	0.142940	0.625641	0.575342	0.603325	0.666667	0.576735	0.552158	0.423709	0.582759	0.605351	0.477864	0.555366	0.538645	0.561798	0.570922	0.631136	0.550676	0.573196	0.119205	0.627389	0.576786	0.594966	0.200543	0.370781	0.635262	0.066421	0.645752	0.532567	0.578014	0.641916	0.343416	0.585034	0.406630	0.614265	0.023105	0.611794	0.611940	0.583480	0.607431	0.613435	0.602151	0.542544	0.382185	0.579041	0.513050	0.633880	0.561757	0.537634	0.636132	0.306606	0.595661	0.299270	0.522076	0.617647	0.573854	0.631169	0.497087	0.642857	0.613003	0.623574	0.628505	0.594025	0.481894	0.588435	0.482897	0.534279	0.572402	0.605304	0.487805	0.157929	0.528302	0.490196	0.616372	0.591837	0.578378	0.643478	0.496023	0.335302	0.628743	0.561020	0.599359	0.217699	0.543071	0.515504	0.559415	0.624339	0.533011	0.615556	0.591743	0.527887	0.582822	0.606509	0.560209	0.597574	0.647541	0.620482	0.602673	0.474114	0.326531	0.512334	0.624434	0.606952	0.613010	
0.375000	0.259325	0.193891	0.302905	0.476534	0.197031	0.155319	0.008185	0.265455	0.339535	0.366834	0.144269	0.358209	0.336406	0.277567	0.358722	0.208571	0.459016	0.376289	0.265455	0.093710	0.103767	0.269373	0.385224	0.346793	0.033486	0.158180	0.409357	0.452830	0.078621	0.518868	0.440367	0.374359	0.401114	0.108068	0.370968	0.264014	0.099659	0.477612	0.316017	0.221884	0.165158	0.118506	0.067003	0.365000	0.467626	0.113178	0.057708	0.243740	0.057232	0.369620	0.270370	0.071046	0.325167	0.456592	0.211288	0.410405	0.475862	0.391566	0.310638	0.071464	0.503759	0.209169	0.464164	0.174224	0.099117	0.474916	0.292000	0.454259	0.191350	0.341121	0.352657	0.077208	0.247878	0.330317	0.004228	0.416667	0.164972	0.076640	0.239344	0.408046	0.312634	0.463087	0.142857	0.382199	0.166098	0.306080	0.324444	0.597561	0.159912	0.021515	0.387978	0.221884	0.462046	0.174017	0.228482	0.032287	0.479452	0.208571	0.345972	0.296748	0.472603	0.287402	0.010540	0.183417	0.531646	0.205634	0.024932	0.093710	0.328829	0.542714	0.246622	0.534979	0.505747	0.239344	0.155319	0.023837	0.302277	0.110606	0.109774	0.059519	0.088324	0.604938	0.190601	0.010146	0.072277	0.335632	0.166098	0.320175	0.448845	0.071464	0.111877	0.501845	0.296748	0.241722	0.348449	0.045883	0.269871	0.547009	0.178049	0.189364	0.262590	0.276515	0.256140	0.222222	0.156317	0.183187	0.209469	0.556291	0.341121	0.279159	0.097010	0.323725	0.488722	0.112308	0.055240	0.284600	0.503817	0.183187	0.360000	0.056046	0.135185	0.596273	0.128975	0.135436	0.327354	0.397820	0.150206	0.248722	0.266910	0.122381	0.149437	0.256591	0.196237	0.119770	0.048829	0.427711	0.275992	0.277567	0.141610	0.117647	0.162222	0.053324	0.185515	0.105263	0.240924	0.247878	0.203060	0.236246	0.230284	0.541833	0.043936	0.161683	0.289683	0.142857	0.269871	0.196501	0.170760	0.223242	0.232114	0.087008	0.353511	0.222561	0.319475	0.332574	0.064659	0.445122	0.276515	0.323009	0.084785	0.386243	0.439628	0.176970	0.639053	0.409091	0.132007	0.274436	0.033440	0.132246	0.350120	0.604167	0.547826	0.343826	0.068998	0.380697	0.154825	0.105263	0.287968	0.178484	0.342723	0.563536	0.277567	0.614379	0.341121	0.367758	0.046013	0.262590	0.300412	0.286275	0.133090	0.437086	0.165909	0.156317	0.432234	0.480000	0.229921	0.432099	0.232484	0.035189	0.275472	0.267399	0.403409	0.324444	0.128408	0.022001	0.433962	0.519481	0.212828	0.064402	0.162042	0.345972	0.242525	0.386059	0.426901	0.445820	0.405882	0.334096	0.325893	0.096817	0.006725	0.069623	0.351807	0.416185	0.170561	0.282946	0.184111	0.573099	0.249573	0.444444	0.139981	0.121667	0.384211	0.303534	0.345972	0.330317	1.000000	0.316017	0.062850	0.150206	0.317391	0.421965	0.128183	0.639053	0.478571	0.069823	0.560748	0.229921	0.364103	0.231379	0.462025	0.205924	0.403409	0.456592	0.115873	0.312634	0.505660	0.457516	0.256591	0.027521	0.426901	0.040066	0.037853	0.492754	0.296748	0.230284	0.308668	0.536170	0.352657	0.228840	0.268877	0.214706	0.201657	0.406685	0.498270	0.125000	0.445141	0.238953	0.261181	0.238562	0.520000	0.356968	0.027366	0.348449	0.166857	0.193122	0.290258	0.255245	0.185515	0.596273	0.547085	0.157838	0.275992	0.065944	0.268382	0.182957	0.125971	0.361809	0.257951	0.195710	0.388889	0.209770	0.309979	0.077167	0.573991	0.411940	0.581633	0.465574	0.064545	0.341920	0.418879	0.287968	0.284600	0.133577	0.236629	0.103326	0.195448	0.275992	0.632768	0.154171	0.244556	0.290258	0.280230	0.195710	0.124680	0.536170	0.051939	0.198370	0.194407	0.365915	0.233227	0.052727	0.266910	0.458904	0.047356	0.347619	0.201379	0.501818	0.308017	0.072673	0.029567	0.020357	0.078962	0.252159	0.494465	0.325167	0.244556	0.191853	0.545455	0.605714	0.238562	0.405556	0.431138	0.269373	0.373402	0.126188	0.444444	0.317391	0.584615	0.364090	0.029998	0.301653	0.493056	0.267399	0.346793	0.200825	0.178922	0.103693	0.492958	0.463576	0.129547	0.467354	0.152242	0.169570	0.477612	0.350120	0.164414	0.216617	0.024767	0.427711	0.177184	0.252595	0.043144	0.086442	0.322148	0.013500	0.311301	0.539823	0.492537	0.270872	0.078791	0.199181	0.096433	0.373402	0.004614	0.281853	0.385027	0.468864	0.439628	0.296146	0.400000	0.163861	0.089297	0.501873	0.139713	0.334862	0.183187	0.519084	0.297959	0.069162	0.203343	0.067281	0.146734	0.380208	0.484642	0.308017	0.575342	0.377660	0.411429	0.296146	0.260714	0.468864	0.128070	0.472603	0.597015	0.150051	0.467354	0.423188	0.561224	0.033356	0.149590	0.579439	0.434251	0.465753	0.179361	0.286837	0.134315	0.076640	0.392473	0.529644	0.439024	0.047188	0.521008	0.554545	0.517928	0.317391	0.154334	0.241722	0.253472	0.149437	0.214076	0.384211	0.171765	0.238953	0.334862	0.391304	0.277040	0.124573	0.634483	0.562771	0.392371	0.323009	0.238953	
0.582857	0.634812	0.553789	0.644110	0.563238	0.590350	0.557325	0.042858	0.651270	0.630027	0.635854	0.536145	0.615599	0.613333	0.643705	0.655602	0.616142	0.605475	0.639205	0.621247	0.410886	0.442252	0.603730	0.653237	0.635007	0.166382	0.566586	0.577508	0.611987	0.358030	0.469697	0.603421	0.634561	0.645926	0.454709	0.598837	0.649022	0.433464	0.523973	0.575835	0.613963	0.538333	0.490956	0.311824	0.611732	0.558923	0.468244	0.273366	0.627322	0.271364	0.641350	0.642523	0.328132	0.632680	0.586922	0.607746	0.574018	0.570957	0.577160	0.623410	0.329801	0.563574	0.617357	0.584565	0.580589	0.432644	0.578862	0.632353	0.597156	0.593142	0.637097	0.627397	0.352515	0.645304	0.633245	0.022324	0.628834	0.551207	0.350293	0.632829	0.608434	0.630907	0.583062	0.515695	0.636103	0.540586	0.643127	0.631854	0.375000	0.548413	0.109547	0.607038	0.611910	0.581583	0.573160	0.619895	0.160810	0.582237	0.608268	0.631436	0.646040	0.598684	0.640777	0.054912	0.591727	0.350211	0.578947	0.126053	0.401281	0.631579	0.469903	0.627753	0.540250	0.540728	0.611231	0.541401	0.120789	0.623279	0.459658	0.453220	0.280968	0.395124	0.372385	0.597043	0.052904	0.332192	0.615180	0.572385	0.632124	0.562197	0.329801	0.468846	0.579216	0.638614	0.586957	0.666667	0.222413	0.625438	0.509091	0.593310	0.599816	0.642202	0.646919	0.650113	0.614594	0.534400	0.592992	0.602172	0.329764	0.663978	0.591180	0.425041	0.610169	0.546392	0.456683	0.262927	0.605549	0.557093	0.576819	0.634078	0.266347	0.517192	0.364780	0.501381	0.525108	0.627297	0.626647	0.548137	0.633444	0.618772	0.498343	0.535189	0.637288	0.588679	0.472964	0.235330	0.574074	0.610651	0.638955	0.503341	0.486834	0.550987	0.254748	0.600181	0.438050	0.629067	0.638674	0.604831	0.625268	0.572632	0.543210	0.213795	0.562756	0.624390	0.521674	0.634772	0.593012	0.567037	0.620619	0.622222	0.390171	0.641975	0.623457	0.654592	0.649007	0.302253	0.627329	0.646919	0.625000	0.380765	0.602305	0.604069	0.583699	0.391753	0.622754	0.514768	0.625000	0.166168	0.519718	0.660300	0.460630	0.520147	0.592593	0.319901	0.609579	0.554408	0.443922	0.629405	0.582011	0.628032	0.426559	0.610451	0.341151	0.642473	0.611501	0.222987	0.633028	0.588529	0.651332	0.506723	0.588997	0.551839	0.550400	0.509338	0.506470	0.633018	0.637500	0.627119	0.174244	0.657210	0.628770	0.616766	0.626632	0.507915	0.111910	0.583596	0.511883	0.560878	0.301200	0.547247	0.653117	0.625272	0.615385	0.635258	0.597809	0.576220	0.632138	0.638743	0.424342	0.035320	0.322420	0.621067	0.619335	0.552901	0.622596	0.593327	0.394251	0.623751	0.610932	0.528330	0.481530	0.623563	0.652447	0.612466	0.601583	0.316017	1.000000	0.294809	0.543478	0.649485	0.625378	0.498969	0.391753	0.560403	0.323224	0.486792	0.609884	0.586402	0.618796	0.594937	0.608780	0.604790	0.586922	0.465736	0.636015	0.564544	0.604502	0.623729	0.138410	0.635258	0.196465	0.186437	0.587838	0.621287	0.629474	0.643853	0.519056	0.654795	0.597484	0.621653	0.626506	0.598077	0.616296	0.591736	0.495957	0.598425	0.586839	0.621714	0.627155	0.551237	0.617931	0.137675	0.590476	0.555835	0.578358	0.632479	0.646396	0.601995	0.360587	0.482375	0.562450	0.634320	0.307510	0.623256	0.531418	0.500339	0.621849	0.634921	0.593220	0.597633	0.610672	0.645489	0.352355	0.497217	0.620584	0.460938	0.605475	0.301784	0.637954	0.589313	0.629405	0.639324	0.520937	0.625938	0.423366	0.600188	0.613018	0.413793	0.551069	0.617744	0.647131	0.649940	0.606403	0.485541	0.500907	0.248801	0.610266	0.594189	0.634965	0.626327	0.252188	0.630359	0.552632	0.228891	0.627717	0.576369	0.565144	0.632911	0.334624	0.148078	0.103900	0.359353	0.630168	0.572402	0.643137	0.637459	0.590529	0.488806	0.399185	0.607759	0.627219	0.609231	0.603730	0.636492	0.501018	0.600000	0.634021	0.255605	0.647141	0.150106	0.650000	0.579470	0.635731	0.583446	0.617450	0.574205	0.443155	0.580000	0.566343	0.508663	0.579901	0.553725	0.576041	0.551370	0.608458	0.563123	0.608081	0.125262	0.592593	0.594737	0.648770	0.210270	0.387032	0.642202	0.069895	0.601274	0.494465	0.558219	0.631579	0.358691	0.594852	0.425137	0.899576	0.024342	0.625899	0.655072	0.536503	0.594679	0.652658	0.581222	0.551781	0.398770	0.555746	0.530492	0.635638	0.582210	0.574394	0.645161	0.320560	0.578337	0.312953	0.532418	0.620000	0.597701	0.643038	0.508411	0.609827	0.621622	0.618047	0.646119	0.522920	0.501374	0.611842	0.464217	0.549263	0.586491	0.596067	0.453125	0.165779	0.532508	0.486792	0.600311	0.569079	0.591150	0.618182	0.514612	0.350293	0.595930	0.534271	0.605590	0.228152	0.527076	0.514925	0.532628	0.641753	0.546751	0.610870	0.636771	0.536736	0.623246	0.649425	0.590051	0.632147	0.619681	0.628655	0.647687	0.500000	0.312364	0.533821	0.641288	0.648438	0.651564	
0.242874	0.357664	0.455290	0.307634	0.166259	0.449623	0.518447	0.224843	0.349835	0.273878	0.252427	0.538727	0.255138	0.276522	0.335183	0.258514	0.431700	0.186946	0.245614	0.349835	0.623293	0.596540	0.344980	0.239437	0.267898	0.555912	0.511613	0.213577	0.196393	0.639564	0.116367	0.202875	0.246981	0.225552	0.604875	0.234602	0.351648	0.613948	0.159509	0.294809	0.409171	0.496570	0.580815	0.629936	0.253783	0.167006	0.588982	0.622052	0.378963	0.639594	0.250389	0.343762	0.647921	0.286367	0.191318	0.427476	0.216409	0.175922	0.206457	0.299962	0.614692	0.158002	0.429913	0.178138	0.486899	0.616438	0.182553	0.319014	0.195670	0.458503	0.272553	0.263219	0.638151	0.373102	0.281787	0.122579	0.209312	0.499020	0.633023	0.385361	0.217822	0.298033	0.181818	0.530791	0.241501	0.496728	0.304446	0.287019	0.077745	0.508738	0.475510	0.230436	0.411287	0.185484	0.488064	0.401278	0.566652	0.177400	0.431700	0.268565	0.313975	0.177400	0.324022	0.280741	0.470905	0.072805	0.432975	0.510644	0.607229	0.283098	0.106061	0.374865	0.140496	0.154225	0.383925	0.519089	0.505420	0.308271	0.590220	0.589107	0.644060	0.630287	0.076101	0.461434	0.271624	0.628544	0.277182	0.500000	0.290923	0.185484	0.637915	0.596783	0.161765	0.313975	0.381877	0.266564	0.635566	0.344371	0.133555	0.485152	0.463365	0.353458	0.336414	0.361849	0.410727	0.515590	0.474781	0.430063	0.067010	0.272553	0.333333	0.609995	0.287671	0.158002	0.587863	0.647303	0.327138	0.154982	0.472764	0.253783	0.652865	0.551428	0.075278	0.562708	0.556682	0.284407	0.231132	0.529692	0.371925	0.348018	0.586944	0.524413	0.361253	0.449846	0.573027	0.613509	0.206457	0.337029	0.335183	0.531172	0.583382	0.505687	0.617701	0.467611	0.590909	0.383040	0.373102	0.439917	0.389982	0.397012	0.146623	0.632364	0.514286	0.321522	0.540794	0.344371	0.450685	0.493404	0.409749	0.395581	0.622568	0.262548	0.409460	0.291572	0.279817	0.648478	0.203593	0.336414	0.288323	0.639651	0.238748	0.200000	0.485010	0.081841	0.220641	0.558026	0.338870	0.572215	0.560195	0.265227	0.100464	0.130453	0.262548	0.632192	0.235294	0.521154	0.612233	0.323398	0.486144	0.271226	0.091603	0.335183	0.068670	0.272553	0.251748	0.634766	0.353458	0.310176	0.325270	0.557728	0.184752	0.500491	0.516876	0.163265	0.126561	0.399716	0.200720	0.395009	0.584888	0.337643	0.347411	0.220641	0.287019	0.569101	0.483377	0.196393	0.131229	0.424729	0.635914	0.500975	0.268565	0.380712	0.235294	0.213577	0.200000	0.212157	0.278500	0.285714	0.608412	0.188379	0.643893	0.263889	0.216409	0.487306	0.329001	0.468687	0.083475	0.370746	0.187676	0.547826	0.568552	0.240125	0.306998	0.268565	0.281787	0.062850	0.294809	1.000000	0.533503	0.293515	0.216409	0.563329	0.081841	0.168498	0.628397	0.117942	0.399004	0.246981	0.396724	0.194946	0.435204	0.220641	0.191318	0.586558	0.298033	0.157248	0.187676	0.361253	0.532745	0.213577	0.596118	0.605568	0.165512	0.313975	0.397723	0.301887	0.134328	0.263219	0.400000	0.345588	0.422821	0.441227	0.225552	0.175182	0.565620	0.197115	0.385940	0.355263	0.385801	0.145859	0.259861	0.547125	0.266564	0.500655	0.456870	0.320896	0.363041	0.468286	0.075278	0.125000	0.517730	0.337029	0.649510	0.346196	0.467899	0.575540	0.252427	0.359460	0.450907	0.226251	0.428820	0.300604	0.627673	0.125000	0.208599	0.103666	0.186946	0.646542	0.271889	0.211447	0.323398	0.327138	0.558410	0.389406	0.583844	0.454172	0.337029	0.088360	0.521127	0.377794	0.320896	0.332098	0.450907	0.560335	0.134328	0.646752	0.449708	0.451503	0.253106	0.394577	0.632430	0.348018	0.177400	0.635741	0.267231	0.441075	0.164763	0.302527	0.644052	0.547294	0.467858	0.624441	0.367199	0.161765	0.286367	0.377794	0.458135	0.122653	0.086735	0.386518	0.226251	0.207885	0.344980	0.247664	0.570486	0.200720	0.293515	0.049415	0.254461	0.553379	0.308906	0.174442	0.347411	0.267898	0.446970	0.483127	0.608089	0.171475	0.184752	0.567797	0.176661	0.531250	0.497696	0.159509	0.265227	0.505057	0.418800	0.511397	0.206457	0.482506	0.366606	0.628304	0.639421	0.285061	0.346367	0.299320	0.127341	0.159509	0.343152	0.642184	0.446735	0.614468	0.247664	0.133049	0.330241	0.235986	0.163265	0.200000	0.314607	0.222749	0.498044	0.631165	0.158756	0.546865	0.277842	0.473436	0.154982	0.312711	0.643657	0.435924	0.645043	0.530265	0.242874	0.178138	0.302527	0.121870	0.237368	0.219232	0.314607	0.355864	0.163265	0.567380	0.177400	0.107653	0.529524	0.176661	0.215702	0.103666	0.586512	0.525848	0.117942	0.202875	0.177400	0.479438	0.324646	0.556373	0.642822	0.234602	0.148148	0.203593	0.620376	0.136646	0.122653	0.146623	0.293515	0.523215	0.381877	0.365420	0.525682	0.423924	0.240125	0.490254	0.385940	0.277842	0.231827	0.335799	0.577486	0.062016	0.131229	0.231132	0.288323	0.385222	
0.474380	0.583153	0.602913	0.542813	0.369900	0.620294	0.631937	0.096340	0.575581	0.517516	0.493464	0.653972	0.498371	0.515873	0.557692	0.510949	0.618611	0.404951	0.484349	0.577035	0.604866	0.615316	0.565789	0.479668	0.506816	0.345931	0.640366	0.443493	0.419580	0.571748	0.267823	0.423244	0.493421	0.467511	0.627469	0.469115	0.585932	0.618944	0.356490	0.512422	0.610512	0.602339	0.635569	0.539101	0.487765	0.367754	0.632325	0.479142	0.588070	0.497483	0.491400	0.590044	0.559528	0.516078	0.411609	0.609097	0.447099	0.387097	0.433506	0.537037	0.522133	0.353480	0.629921	0.387846	0.629808	0.615050	0.394667	0.546003	0.416448	0.620516	0.515152	0.504839	0.573427	0.592226	0.526814	0.050848	0.437177	0.614845	0.564628	0.612813	0.449744	0.544470	0.393238	0.617965	0.483444	0.621701	0.547966	0.531348	0.183838	0.619896	0.236206	0.466443	0.605121	0.402126	0.627027	0.603413	0.336200	0.391771	0.625164	0.509615	0.550835	0.388193	0.559220	0.122496	0.635018	0.172764	0.609375	0.269081	0.584732	0.516535	0.245854	0.602257	0.318054	0.345906	0.591922	0.646659	0.258668	0.542399	0.630009	0.606679	0.512351	0.605889	0.180162	0.641960	0.118165	0.541813	0.520222	0.641642	0.530421	0.403897	0.562565	0.641952	0.360985	0.544765	0.574825	0.514056	0.443114	0.573519	0.303774	0.642770	0.644959	0.577424	0.571640	0.587393	0.613621	0.628409	0.622304	0.623769	0.159672	0.521531	0.548554	0.595453	0.507439	0.351648	0.621825	0.497550	0.554145	0.347426	0.634627	0.502447	0.504226	0.640084	0.178318	0.640449	0.642857	0.526730	0.467728	0.642937	0.598726	0.562272	0.642893	0.631170	0.593548	0.631847	0.629829	0.453878	0.431779	0.562362	0.575444	0.597738	0.639574	0.632677	0.472503	0.639802	0.592860	0.606145	0.592226	0.633010	0.592798	0.571233	0.330548	0.429501	0.640833	0.554887	0.632035	0.586686	0.633525	0.631767	0.612162	0.604811	0.583866	0.500404	0.620783	0.547155	0.523320	0.531128	0.429809	0.571640	0.522692	0.588697	0.470100	0.426458	0.635978	0.192965	0.455008	0.636646	0.572901	0.346302	0.648705	0.510056	0.233792	0.297348	0.495561	0.545207	0.470392	0.642171	0.619069	0.558140	0.636253	0.512780	0.214499	0.557692	0.163432	0.516746	0.488962	0.444111	0.584660	0.535061	0.565868	0.639626	0.398936	0.627198	0.639773	0.363967	0.289248	0.611910	0.429565	0.606602	0.361407	0.575221	0.571429	0.456706	0.529781	0.644931	0.240954	0.412587	0.298959	0.596561	0.523117	0.616097	0.514423	0.589636	0.472060	0.450342	0.424717	0.442539	0.522565	0.522763	0.597258	0.079780	0.548751	0.502820	0.447099	0.615933	0.560358	0.631254	0.196590	0.598157	0.408127	0.648475	0.621915	0.480929	0.552410	0.508013	0.518927	0.150206	0.543478	0.533503	1.000000	0.539658	0.448805	0.625954	0.192965	0.372514	0.536853	0.271154	0.594114	0.480263	0.595745	0.418564	0.613681	0.455008	0.411609	0.624161	0.541377	0.351971	0.402827	0.576344	0.293264	0.450342	0.398658	0.383088	0.368421	0.549317	0.601370	0.545035	0.305372	0.511290	0.594262	0.579985	0.628154	0.619355	0.457384	0.387444	0.637914	0.420961	0.573417	0.580505	0.596662	0.328996	0.498785	0.291836	0.494779	0.645503	0.629583	0.558315	0.595136	0.636082	0.178318	0.285987	0.647630	0.560886	0.542105	0.569343	0.598522	0.649874	0.495098	0.594828	0.627226	0.451939	0.616294	0.552043	0.557763	0.285987	0.442722	0.240705	0.401415	0.529793	0.525140	0.436052	0.567142	0.569081	0.646170	0.598753	0.574364	0.628099	0.556458	0.207378	0.639594	0.588897	0.568849	0.571641	0.615776	0.613921	0.305372	0.480066	0.633803	0.625238	0.489796	0.606061	0.478442	0.579752	0.388193	0.452290	0.507223	0.621534	0.365123	0.544615	0.562963	0.311936	0.224806	0.571215	0.592171	0.360985	0.531765	0.608573	0.632640	0.281071	0.203796	0.599444	0.467116	0.437931	0.546784	0.494659	0.646495	0.427826	0.538103	0.119247	0.500407	0.315826	0.543511	0.382406	0.580175	0.503609	0.636188	0.629720	0.623098	0.380180	0.402482	0.647209	0.390331	0.646499	0.649674	0.354662	0.511665	0.651109	0.612000	0.267520	0.435233	0.641212	0.586895	0.421853	0.595626	0.527887	0.154454	0.531274	0.290875	0.356490	0.574359	0.576334	0.631174	0.610256	0.494659	0.055372	0.569940	0.473333	0.362147	0.426458	0.561031	0.452159	0.620850	0.603007	0.354986	0.650989	0.521395	0.630930	0.347426	0.553191	0.551583	0.603627	0.543391	0.626030	0.485950	0.389634	0.540000	0.279426	0.470882	0.447279	0.545868	0.584416	0.363967	0.645982	0.389982	0.249270	0.645914	0.386750	0.447481	0.240705	0.345570	0.634850	0.271154	0.428448	0.386404	0.645122	0.548315	0.647151	0.571952	0.474124	0.333642	0.429809	0.445408	0.310150	0.281071	0.330548	0.534992	0.645598	0.600000	0.590585	0.637826	0.622016	0.480929	0.649165	0.602644	0.516640	0.470687	0.580931	0.647648	0.148301	0.298959	0.474434	0.532081	0.595685	
0.616046	0.645382	0.567948	0.633166	0.578680	0.599052	0.534290	0.042642	0.655093	0.647849	0.637640	0.533937	0.636872	0.633690	0.647619	0.626907	0.599606	0.607431	0.632479	0.620370	0.413462	0.442766	0.607477	0.626263	0.631293	0.165597	0.562652	0.628049	0.594937	0.356518	0.501901	0.602184	0.622159	0.615156	0.448048	0.629738	0.652826	0.430579	0.563574	0.639175	0.623457	0.555927	0.479948	0.310469	0.627451	0.570946	0.466334	0.272152	0.630887	0.270157	0.634697	0.639344	0.326720	0.626474	0.601600	0.608955	0.615152	0.589404	0.594427	0.640306	0.328384	0.555172	0.608696	0.606260	0.585069	0.426413	0.580750	0.631450	0.599049	0.597957	0.644205	0.631868	0.351020	0.648948	0.653439	0.022211	0.624615	0.572143	0.348806	0.625541	0.616314	0.617157	0.578431	0.529940	0.643678	0.541492	0.627054	0.636126	0.376569	0.562347	0.109014	0.638235	0.625514	0.599676	0.568951	0.610703	0.160050	0.603960	0.593688	0.644022	0.647643	0.587459	0.637470	0.054638	0.574775	0.360169	0.595703	0.125446	0.409188	0.641161	0.463938	0.640177	0.527828	0.542609	0.627706	0.550239	0.120205	0.629862	0.456548	0.452555	0.279725	0.393493	0.373950	0.585185	0.052639	0.331620	0.630174	0.568315	0.649351	0.573744	0.328384	0.465720	0.564103	0.627792	0.627451	0.624829	0.221396	0.633918	0.532847	0.574956	0.575115	0.641379	0.627078	0.635747	0.617920	0.543269	0.590459	0.601385	0.335484	0.617251	0.635603	0.423310	0.624837	0.555172	0.451053	0.261752	0.626360	0.565972	0.581458	0.624650	0.265159	0.513630	0.370526	0.499308	0.517241	0.647368	0.628488	0.541213	0.623751	0.627178	0.485733	0.545314	0.645527	0.587902	0.480104	0.234262	0.606811	0.635824	0.630952	0.518959	0.479743	0.553542	0.253604	0.588556	0.442093	0.615217	0.642303	0.584705	0.637339	0.601266	0.555752	0.212813	0.550534	0.638142	0.531437	0.629240	0.580889	0.571429	0.599174	0.625663	0.388554	0.643741	0.610309	0.643320	0.637450	0.300933	0.626168	0.627078	0.634465	0.380157	0.627168	0.602826	0.577700	0.393375	0.624625	0.514085	0.643026	0.165385	0.519041	0.642955	0.458498	0.514706	0.618982	0.318519	0.620087	0.548926	0.445620	0.633374	0.568905	0.618919	0.432323	0.640476	0.342612	0.644205	0.649789	0.221967	0.625287	0.620000	0.648058	0.507442	0.590909	0.554439	0.554487	0.562181	0.519481	0.613277	0.608150	0.615711	0.173426	0.620853	0.632558	0.615616	0.643979	0.498966	0.111367	0.601266	0.532110	0.590000	0.299884	0.559671	0.649457	0.631004	0.614265	0.621951	0.605965	0.608563	0.639148	0.629921	0.422613	0.035142	0.321029	0.633745	0.618182	0.570940	0.631325	0.579946	0.391753	0.634038	0.603226	0.527634	0.494055	0.648415	0.644025	0.654891	0.629630	0.317391	0.649485	0.293515	0.539658	1.000000	0.627273	0.502409	0.397516	0.575758	0.321830	0.511364	0.615385	0.616477	0.613757	0.590476	0.596285	0.615616	0.588800	0.465057	0.632522	0.583765	0.603226	0.629672	0.137747	0.621951	0.195553	0.185567	0.562712	0.650124	0.635021	0.625159	0.524590	0.618132	0.617647	0.637106	0.607646	0.603083	0.638930	0.600332	0.492578	0.616114	0.616216	0.643757	0.637149	0.556738	0.644537	0.137015	0.627558	0.560135	0.575701	0.631579	0.629797	0.584923	0.370526	0.513966	0.543987	0.623962	0.306171	0.641026	0.552158	0.496945	0.643258	0.631818	0.605660	0.617211	0.619802	0.626752	0.350861	0.528864	0.610169	0.474510	0.610662	0.300466	0.636977	0.615620	0.655298	0.633615	0.518834	0.618690	0.430805	0.595664	0.623962	0.411405	0.551943	0.634468	0.636475	0.632335	0.579245	0.491582	0.535519	0.247680	0.601905	0.600939	0.633941	0.606383	0.251054	0.641115	0.580858	0.227848	0.637602	0.587103	0.590832	0.639594	0.333190	0.147372	0.103393	0.357836	0.624860	0.570940	0.647444	0.632272	0.595349	0.498127	0.417178	0.611231	0.623145	0.626543	0.630841	0.615603	0.507138	0.608150	0.627907	0.256757	0.623776	0.149392	0.634085	0.601329	0.609302	0.631293	0.593660	0.561062	0.440186	0.585284	0.587662	0.496877	0.575207	0.548311	0.573617	0.577320	0.621067	0.565724	0.599190	0.124658	0.616099	0.588752	0.621076	0.209302	0.385422	0.643890	0.069548	0.636015	0.511111	0.577320	0.640094	0.357176	0.601719	0.422319	0.635461	0.024219	0.627404	0.636628	0.562181	0.615385	0.631970	0.612855	0.560996	0.396101	0.574871	0.529801	0.637333	0.572457	0.562500	0.641791	0.319175	0.598837	0.311594	0.530176	0.624642	0.583196	0.637056	0.502814	0.634783	0.632530	0.639405	0.643021	0.555366	0.495186	0.580858	0.469903	0.539239	0.575207	0.600910	0.462745	0.164997	0.537984	0.507576	0.608424	0.577558	0.590426	0.646416	0.515346	0.348806	0.620991	0.560847	0.607477	0.227113	0.528986	0.505618	0.562832	0.633075	0.552381	0.616558	0.613483	0.534469	0.608434	0.631124	0.570447	0.624865	0.621333	0.624633	0.630202	0.496635	0.313725	0.517431	0.631424	0.642298	0.642162	
0.616438	0.623853	0.491081	0.621701	0.607966	0.524973	0.461404	0.030271	0.597333	0.653968	0.655518	0.438944	0.641196	0.634069	0.608815	0.635914	0.546667	0.653465	0.649660	0.581333	0.310580	0.339764	0.582210	0.639033	0.644122	0.119737	0.475512	0.642066	0.640927	0.265435	0.558252	0.641366	0.640678	0.651163	0.352031	0.625874	0.608234	0.327928	0.615385	0.589124	0.554779	0.463100	0.381285	0.229508	0.606667	0.598326	0.366443	0.200000	0.585732	0.198473	0.635294	0.610811	0.242129	0.607088	0.649706	0.534231	0.615385	0.640816	0.616541	0.614925	0.243424	0.622318	0.545657	0.653144	0.508671	0.326360	0.641283	0.620000	0.653772	0.519211	0.643312	0.635179	0.261119	0.595691	0.635514	0.015719	0.634328	0.479263	0.259382	0.570370	0.631387	0.608696	0.638554	0.440262	0.639175	0.463392	0.620384	0.618462	0.478022	0.465409	0.078156	0.639576	0.566434	0.632207	0.492782	0.572110	0.115629	0.642276	0.528889	0.627010	0.612717	0.642276	0.618644	0.038856	0.514056	0.441341	0.525275	0.090159	0.310580	0.614907	0.571429	0.578283	0.600451	0.611714	0.567901	0.461404	0.086324	0.614934	0.359211	0.356863	0.205805	0.294657	0.469613	0.513458	0.037423	0.245946	0.620472	0.481928	0.637195	0.608350	0.243424	0.362791	0.641189	0.598266	0.554726	0.626817	0.161443	0.585695	0.603687	0.501961	0.521112	0.600529	0.612637	0.579221	0.557760	0.463845	0.513541	0.544036	0.433048	0.608280	0.572614	0.320235	0.635945	0.618026	0.362667	0.192051	0.597475	0.623377	0.515547	0.646667	0.194652	0.418750	0.459834	0.406907	0.427230	0.600619	0.641975	0.459044	0.576874	0.578313	0.391960	0.455395	0.590377	0.531780	0.380550	0.171160	0.624060	0.598080	0.592287	0.424045	0.378904	0.472727	0.185841	0.510638	0.344045	0.565757	0.593156	0.528836	0.579462	0.549161	0.620843	0.154982	0.475068	0.607955	0.438625	0.591093	0.538706	0.487204	0.550351	0.576598	0.290735	0.642741	0.563084	0.633181	0.641628	0.222132	0.659091	0.593407	0.619632	0.284079	0.640138	0.642447	0.495610	0.487805	0.637681	0.413476	0.606557	0.119580	0.415644	0.645057	0.545918	0.595349	0.606852	0.235751	0.589878	0.463692	0.344045	0.613861	0.493124	0.616613	0.519685	0.597796	0.447592	0.636943	0.636516	0.161874	0.608466	0.606414	0.611268	0.416345	0.605578	0.475926	0.467372	0.591966	0.569412	0.574850	0.641221	0.572464	0.125546	0.602740	0.611260	0.663043	0.621538	0.403889	0.079871	0.625483	0.603248	0.525959	0.221321	0.472298	0.655949	0.573566	0.631763	0.660517	0.661568	0.622222	0.621664	0.620370	0.319672	0.024919	0.237701	0.617886	0.637363	0.486742	0.597765	0.499496	0.490566	0.585987	0.628458	0.434433	0.388571	0.655172	0.619677	0.627010	0.619938	0.421965	0.625378	0.216409	0.448805	0.627273	1.000000	0.406273	0.504065	0.608333	0.238324	0.579710	0.560479	0.613559	0.575211	0.643411	0.534653	0.648551	0.649706	0.372603	0.626687	0.640860	0.644269	0.592978	0.099183	0.660517	0.142040	0.134582	0.630252	0.612717	0.546763	0.609212	0.611494	0.635179	0.553699	0.597577	0.554545	0.536797	0.654741	0.638037	0.397661	0.655106	0.559803	0.608696	0.571429	0.626667	0.650246	0.098645	0.617124	0.480000	0.527197	0.623044	0.598446	0.514691	0.454294	0.572104	0.465778	0.592593	0.226181	0.610215	0.478958	0.400294	0.642140	0.600522	0.524313	0.632143	0.549107	0.619970	0.260994	0.581560	0.635514	0.560606	0.637624	0.221771	0.641148	0.627087	0.585573	0.614306	0.419180	0.572827	0.338500	0.525871	0.600823	0.519894	0.456844	0.582183	0.608819	0.590846	0.528541	0.395332	0.593103	0.181335	0.534188	0.529968	0.637730	0.576271	0.183900	0.623829	0.626016	0.166311	0.648387	0.529730	0.640000	0.620178	0.247171	0.106267	0.074064	0.266471	0.593068	0.632696	0.610169	0.574655	0.530697	0.595238	0.506667	0.566502	0.653571	0.647940	0.598383	0.629442	0.402358	0.641221	0.633333	0.345455	0.642263	0.107756	0.619883	0.631148	0.597855	0.611916	0.535059	0.501969	0.339552	0.871901	0.641434	0.409947	0.610998	0.462468	0.497644	0.623932	0.622366	0.479779	0.560641	0.089582	0.650376	0.509766	0.578406	0.152344	0.289042	0.596600	0.049569	0.627803	0.582160	0.632479	0.606225	0.265952	0.540193	0.318553	0.653130	0.017146	0.618384	0.630662	0.596195	0.634799	0.617605	0.616216	0.472961	0.297548	0.603854	0.435341	0.632075	0.497492	0.627706	0.614493	0.236261	0.525054	0.230380	0.446862	0.643836	0.640974	0.629080	0.577566	0.642361	0.654545	0.608947	0.589474	0.608879	0.404478	0.642276	0.533666	0.456948	0.627291	0.664220	0.535354	0.119292	0.457483	0.584541	0.626186	0.609756	0.508876	0.609309	0.416472	0.259382	0.622378	0.613687	0.640152	0.165756	0.593607	0.585714	0.629712	0.633333	0.465969	0.564677	0.600515	0.448598	0.546485	0.641379	0.499048	0.572133	0.625786	0.644366	0.596974	0.397959	0.417391	0.584687	0.652557	0.622699	0.589396	
0.442992	0.557841	0.607102	0.515254	0.321260	0.619377	0.620797	0.113224	0.557356	0.483486	0.460101	0.633416	0.460215	0.480729	0.535879	0.462857	0.588305	0.357473	0.453295	0.556060	0.605253	0.634167	0.553746	0.440233	0.478076	0.393424	0.636743	0.402996	0.373760	0.607018	0.230705	0.384848	0.451193	0.421598	0.630546	0.436630	0.554981	0.630594	0.309278	0.509966	0.589945	0.629728	0.648989	0.583228	0.455133	0.322581	0.640385	0.535907	0.571608	0.522573	0.451009	0.546641	0.577428	0.497920	0.365031	0.593824	0.407767	0.338270	0.390943	0.511278	0.577075	0.306593	0.592549	0.342146	0.632441	0.621249	0.349845	0.531815	0.372519	0.600228	0.479944	0.466240	0.601942	0.567636	0.498955	0.060011	0.394281	0.635783	0.586611	0.580162	0.408650	0.504110	0.348567	0.651117	0.443636	0.628205	0.510204	0.497574	0.157303	0.650577	0.274071	0.429728	0.588734	0.354938	0.631004	0.579657	0.382593	0.340856	0.593030	0.473498	0.529293	0.340856	0.530313	0.143617	0.627166	0.147698	0.618908	0.311286	0.620933	0.494085	0.211409	0.575394	0.275081	0.299841	0.580162	0.639421	0.299522	0.523035	0.632944	0.630220	0.540337	0.613001	0.154113	0.612848	0.138595	0.587454	0.485994	0.619658	0.499655	0.354938	0.588274	0.640557	0.313291	0.515825	0.572323	0.475921	0.482874	0.552803	0.262429	0.623276	0.607710	0.562944	0.537804	0.551504	0.590303	0.631033	0.624581	0.590533	0.136364	0.477129	0.543536	0.639712	0.497230	0.306593	0.612298	0.520352	0.547145	0.301195	0.620112	0.462312	0.530850	0.644477	0.152513	0.656000	0.632545	0.497568	0.425000	0.632061	0.560759	0.554545	0.632205	0.638579	0.559539	0.624064	0.645570	0.509164	0.390943	0.542707	0.535879	0.647233	0.647269	0.638141	0.522112	0.620225	0.636975	0.565353	0.576485	0.584112	0.582247	0.574063	0.286174	0.474050	0.627637	0.533066	0.647146	0.550196	0.603687	0.630952	0.570735	0.573366	0.631973	0.472262	0.594300	0.503448	0.483240	0.554291	0.386071	0.540434	0.495502	0.608471	0.437637	0.379939	0.628163	0.165232	0.413383	0.652692	0.545574	0.394103	0.646638	0.476596	0.200844	0.256746	0.472262	0.580251	0.437775	0.631198	0.618487	0.536000	0.622860	0.482030	0.183986	0.546412	0.139616	0.481351	0.451799	0.496880	0.551323	0.520622	0.533599	0.643062	0.353668	0.608649	0.637260	0.315956	0.249589	0.576167	0.381169	0.577421	0.407235	0.529219	0.543210	0.414870	0.497574	0.632864	0.279460	0.373760	0.258170	0.605122	0.574847	0.644139	0.473498	0.570533	0.434846	0.402996	0.379939	0.399100	0.486713	0.494101	0.636545	0.093904	0.580583	0.473011	0.406273	0.630611	0.531478	0.621501	0.168385	0.569075	0.358737	0.634578	0.643867	0.441369	0.511533	0.479152	0.493380	0.128183	0.498969	0.563329	0.625954	0.502409	0.406273	1.000000	0.165232	0.325216	0.585603	0.233637	0.594595	0.454085	0.592365	0.371276	0.595770	0.413383	0.365031	0.625832	0.506849	0.305246	0.358737	0.565941	0.338520	0.402996	0.448566	0.431340	0.319937	0.525253	0.583897	0.510232	0.263844	0.471926	0.584917	0.555990	0.594142	0.624345	0.421598	0.336973	0.643221	0.375000	0.581047	0.560567	0.578193	0.284795	0.466476	0.336915	0.478754	0.622056	0.606061	0.522727	0.555911	0.611236	0.152513	0.246711	0.621481	0.529566	0.573745	0.560833	0.625349	0.636617	0.458663	0.560616	0.609546	0.422764	0.603908	0.508197	0.607279	0.246711	0.393072	0.206897	0.357473	0.575115	0.483099	0.399399	0.528000	0.528552	0.632790	0.575155	0.620116	0.604598	0.540079	0.177778	0.644330	0.576101	0.530749	0.536328	0.601495	0.637708	0.263844	0.522082	0.610758	0.622706	0.462644	0.588017	0.533227	0.558442	0.340856	0.497056	0.478415	0.605355	0.318612	0.513974	0.593604	0.359467	0.261115	0.610134	0.562341	0.313291	0.497920	0.566038	0.611174	0.242374	0.174658	0.571963	0.419808	0.393369	0.545928	0.447977	0.640930	0.381169	0.503785	0.101514	0.463415	0.362116	0.510494	0.335675	0.551007	0.478076	0.601163	0.609176	0.623907	0.330462	0.353668	0.636792	0.339564	0.642418	0.621359	0.309278	0.475177	0.619883	0.565087	0.309524	0.390943	0.621904	0.560153	0.461960	0.606264	0.494444	0.180556	0.515732	0.251025	0.309278	0.544386	0.601546	0.606025	0.642202	0.447977	0.065323	0.534745	0.434528	0.315956	0.379939	0.518170	0.418398	0.621019	0.605023	0.307937	0.645731	0.487054	0.611173	0.301195	0.520566	0.582474	0.614845	0.588049	0.656942	0.447349	0.342146	0.511247	0.240924	0.441198	0.409531	0.526245	0.558918	0.315956	0.635724	0.340856	0.214405	0.631740	0.339564	0.405082	0.206897	0.393669	0.633824	0.233637	0.384848	0.340856	0.617598	0.537949	0.648077	0.596963	0.436630	0.288925	0.386071	0.501101	0.268075	0.242374	0.286174	0.510668	0.634348	0.576080	0.557043	0.636548	0.588657	0.439913	0.631579	0.572319	0.489853	0.432035	0.536842	0.632794	0.126538	0.258170	0.432353	0.494118	0.571072	
0.442260	0.327645	0.247423	0.380198	0.533333	0.251309	0.199377	0.010750	0.335079	0.423841	0.451306	0.185507	0.442353	0.420131	0.349727	0.432558	0.265560	0.518293	0.462287	0.335079	0.121442	0.134266	0.339823	0.462687	0.423423	0.043806	0.202960	0.487671	0.516129	0.102128	0.578723	0.520000	0.450363	0.486911	0.139738	0.460759	0.333333	0.129032	0.542955	0.387629	0.281938	0.211687	0.152988	0.087193	0.444444	0.524917	0.146230	0.075206	0.308682	0.074592	0.444976	0.341030	0.092397	0.402542	0.550898	0.268908	0.444444	0.543131	0.484507	0.389452	0.092933	0.574394	0.266297	0.525316	0.222997	0.128342	0.515528	0.367113	0.523529	0.244275	0.421286	0.430206	0.100313	0.313725	0.412903	0.005556	0.512535	0.211454	0.099585	0.303318	0.479784	0.391837	0.529595	0.183732	0.469136	0.212860	0.384000	0.401691	0.631016	0.205128	0.028198	0.473008	0.281938	0.521472	0.222738	0.290030	0.042244	0.546032	0.265560	0.413483	0.372816	0.546032	0.361582	0.013838	0.234432	0.552486	0.261937	0.032659	0.121442	0.398287	0.603604	0.312195	0.586466	0.570423	0.303318	0.199377	0.031230	0.379447	0.142964	0.141907	0.077544	0.114558	0.670270	0.243346	0.013321	0.093979	0.414847	0.212860	0.400835	0.509202	0.092933	0.144578	0.571429	0.372816	0.306220	0.425339	0.059906	0.340426	0.622568	0.227758	0.241814	0.331606	0.348457	0.323777	0.282353	0.200627	0.234146	0.266667	0.574713	0.421286	0.351648	0.125654	0.400844	0.560554	0.145125	0.072018	0.358209	0.554386	0.234146	0.439716	0.073059	0.174071	0.630435	0.166234	0.174387	0.400853	0.471795	0.192965	0.314754	0.336842	0.157895	0.192000	0.324324	0.250326	0.154589	0.063724	0.495775	0.347826	0.349727	0.182163	0.151899	0.208017	0.069540	0.237037	0.136170	0.305246	0.313725	0.258760	0.299532	0.292237	0.598540	0.057382	0.207343	0.360531	0.183732	0.340426	0.250653	0.218679	0.283604	0.294479	0.112875	0.422018	0.282769	0.400000	0.415584	0.084174	0.512821	0.348457	0.395789	0.110029	0.463840	0.497110	0.226415	0.645833	0.490667	0.170062	0.345946	0.043746	0.170364	0.431818	0.651163	0.577075	0.417431	0.089762	0.449495	0.198758	0.136170	0.362264	0.228300	0.418708	0.627451	0.349727	0.636364	0.421286	0.452381	0.060075	0.331606	0.373281	0.360225	0.171429	0.541538	0.212625	0.200627	0.520270	0.580645	0.291793	0.507205	0.294931	0.046021	0.347197	0.337434	0.469333	0.401691	0.165517	0.028833	0.510264	0.622047	0.270804	0.083843	0.207792	0.426966	0.307200	0.469697	0.493151	0.526012	0.462810	0.408696	0.390658	0.125408	0.008834	0.090566	0.429224	0.487805	0.218430	0.352505	0.235294	0.608247	0.315789	0.541033	0.180113	0.156991	0.466501	0.376984	0.422472	0.408602	0.639053	0.391753	0.081841	0.192965	0.397516	0.504065	0.165232	1.000000	0.541254	0.090823	0.607595	0.291793	0.435835	0.293578	0.519174	0.262295	0.480000	0.532934	0.149649	0.391837	0.576389	0.528875	0.324324	0.036036	0.493151	0.052359	0.049485	0.548495	0.368932	0.292237	0.387097	0.596899	0.421053	0.290469	0.339223	0.273115	0.257028	0.481675	0.532051	0.161209	0.526316	0.302839	0.329897	0.302362	0.586081	0.439815	0.035834	0.416290	0.213808	0.246470	0.365019	0.322689	0.237037	0.630435	0.569106	0.202532	0.347826	0.085829	0.338624	0.233861	0.162437	0.432304	0.325976	0.249675	0.449086	0.267038	0.384615	0.100261	0.593496	0.497207	0.621005	0.530488	0.084026	0.413333	0.486188	0.362264	0.358209	0.172043	0.300000	0.133705	0.249351	0.347826	0.640000	0.197938	0.309677	0.361217	0.352941	0.249675	0.160804	0.589147	0.067749	0.252964	0.248062	0.445498	0.295840	0.068768	0.336842	0.520635	0.061816	0.424379	0.256684	0.570470	0.386318	0.094488	0.038702	0.026685	0.102564	0.318937	0.557823	0.398305	0.309677	0.244898	0.592593	0.626263	0.302362	0.480418	0.515406	0.339823	0.434783	0.162712	0.501441	0.393375	0.601307	0.429245	0.039264	0.378698	0.553055	0.337434	0.418919	0.256000	0.228844	0.134172	0.579805	0.529231	0.166957	0.522293	0.195519	0.217195	0.522337	0.427273	0.210757	0.275466	0.032443	0.501408	0.226682	0.319468	0.056355	0.112150	0.395745	0.017715	0.390244	0.602410	0.549828	0.341637	0.102345	0.253968	0.124919	0.454106	0.006063	0.354898	0.453401	0.513514	0.520231	0.372093	0.449735	0.210066	0.115802	0.544828	0.179775	0.405229	0.234146	0.568421	0.374269	0.089972	0.259109	0.087551	0.188605	0.452088	0.550633	0.382294	0.611570	0.461153	0.493298	0.372093	0.329331	0.533784	0.165090	0.526984	0.598214	0.192771	0.535032	0.494565	0.611872	0.043636	0.192192	0.624473	0.497143	0.533333	0.229391	0.357143	0.172973	0.099585	0.440506	0.579710	0.512821	0.061598	0.590038	0.600823	0.569343	0.397516	0.198142	0.306220	0.320534	0.192000	0.272340	0.466501	0.219931	0.302839	0.413943	0.475703	0.349091	0.160669	0.630952	0.598425	0.492308	0.395789	0.302839	
0.586873	0.548063	0.426156	0.581169	0.627737	0.457143	0.381750	0.023037	0.552632	0.578014	0.620301	0.361257	0.619403	0.591549	0.536364	0.598891	0.482014	0.646925	0.628352	0.549708	0.244681	0.268657	0.523669	0.615984	0.594595	0.092123	0.391675	0.617647	0.637168	0.207936	0.554913	0.642082	0.618321	0.620690	0.278788	0.600791	0.544396	0.258912	0.597015	0.550336	0.507576	0.398821	0.303075	0.178988	0.610487	0.626214	0.290730	0.155405	0.512960	0.154190	0.623819	0.551929	0.189127	0.583190	0.647191	0.480000	0.612500	0.627358	0.613734	0.579470	0.190170	0.645000	0.475962	0.618267	0.421811	0.257623	0.632794	0.574132	0.647450	0.452620	0.612100	0.594891	0.204444	0.531120	0.579861	0.011942	0.604255	0.402355	0.203041	0.510753	0.630705	0.565724	0.638889	0.358131	0.624031	0.388944	0.556465	0.589041	0.530201	0.389685	0.059827	0.640000	0.492424	0.631579	0.421377	0.496766	0.088918	0.643192	0.467626	0.575540	0.555911	0.633803	0.557632	0.029601	0.432258	0.513699	0.462085	0.069115	0.244681	0.595156	0.594595	0.520661	0.631300	0.627848	0.518817	0.385475	0.066145	0.576985	0.284732	0.282787	0.160031	0.231673	0.560811	0.446667	0.028505	0.192201	0.583480	0.406713	0.586441	0.576659	0.190170	0.287700	0.617284	0.575080	0.512195	0.571429	0.124849	0.539259	0.635870	0.429769	0.446409	0.544928	0.540785	0.525568	0.495575	0.387640	0.442535	0.481348	0.505263	0.576512	0.529680	0.252593	0.560684	0.630000	0.288703	0.149082	0.553323	0.646465	0.438238	0.588015	0.151150	0.341021	0.522034	0.327014	0.341584	0.575862	0.606786	0.374322	0.538141	0.525698	0.311982	0.372637	0.532006	0.460137	0.305987	0.132522	0.622318	0.533937	0.545455	0.355365	0.301091	0.398453	0.144150	0.436482	0.272189	0.505405	0.525588	0.468933	0.505319	0.492188	0.638961	0.119757	0.397300	0.573668	0.358131	0.539259	0.458381	0.414560	0.492386	0.508519	0.228477	0.592322	0.498734	0.585448	0.596859	0.173077	0.636364	0.543807	0.569966	0.223060	0.609375	0.647702	0.423358	0.554455	0.625514	0.333871	0.561562	0.092000	0.334410	0.577132	0.595092	0.637363	0.570384	0.184000	0.579882	0.384401	0.272189	0.533541	0.418067	0.585714	0.558730	0.551515	0.508711	0.601423	0.606403	0.125189	0.539130	0.548387	0.559006	0.336312	0.646789	0.402367	0.387640	0.604423	0.607242	0.512354	0.624454	0.496063	0.096661	0.566265	0.561765	0.621399	0.592466	0.325728	0.061152	0.641593	0.641096	0.465854	0.172428	0.398068	0.586331	0.529891	0.635108	0.596639	0.634573	0.582278	0.598949	0.553265	0.252132	0.018952	0.185567	0.604736	0.625000	0.414141	0.556923	0.442287	0.531148	0.531293	0.631818	0.351742	0.310345	0.630350	0.562602	0.597122	0.559028	0.478571	0.560403	0.168498	0.372514	0.575758	0.608333	0.325216	0.541254	1.000000	0.186067	0.620690	0.483745	0.576336	0.509804	0.644444	0.474496	0.600823	0.615730	0.296987	0.575707	0.621554	0.636364	0.529161	0.076117	0.596639	0.109582	0.103733	0.643902	0.555911	0.492188	0.543657	0.617886	0.580292	0.494819	0.546529	0.484029	0.466200	0.645030	0.643026	0.317972	0.635762	0.502013	0.531025	0.522788	0.604167	0.600368	0.075699	0.593128	0.404361	0.449438	0.565149	0.535411	0.436482	0.515254	0.599440	0.390935	0.533937	0.176320	0.533923	0.412017	0.320186	0.609023	0.537143	0.461364	0.591093	0.477108	0.565289	0.204344	0.621849	0.588486	0.612121	0.656036	0.172788	0.584670	0.621564	0.539782	0.559505	0.337408	0.508655	0.267615	0.454030	0.549020	0.559486	0.381129	0.525308	0.555730	0.561832	0.450000	0.317241	0.623306	0.140577	0.466667	0.447458	0.589118	0.494737	0.142611	0.549192	0.596244	0.128691	0.592058	0.465658	0.630807	0.575658	0.193187	0.081625	0.056666	0.208775	0.516129	0.627160	0.572899	0.514364	0.444693	0.598870	0.563107	0.509383	0.623482	0.619658	0.532544	0.598095	0.320682	0.641921	0.582492	0.409091	0.568224	0.082783	0.572816	0.630332	0.532353	0.569369	0.462253	0.431579	0.268482	0.636364	0.633028	0.328311	0.625882	0.378774	0.414070	0.646766	0.584392	0.405088	0.485149	0.068668	0.609442	0.427975	0.516854	0.117681	0.227098	0.547332	0.037812	0.570481	0.616667	0.646766	0.540862	0.208354	0.465975	0.251214	0.601905	0.013027	0.555215	0.586614	0.594595	0.608315	0.567783	0.613497	0.401951	0.234031	0.608479	0.351145	0.603509	0.429646	0.651515	0.580128	0.184410	0.455399	0.179688	0.364925	0.610039	0.655738	0.582237	0.611898	0.600000	0.615702	0.570973	0.521614	0.628993	0.324961	0.624413	0.585075	0.373984	0.625882	0.613779	0.587879	0.091776	0.372973	0.614943	0.624729	0.624413	0.430380	0.544323	0.339066	0.203041	0.588933	0.625323	0.627706	0.128253	0.629032	0.598870	0.654545	0.575758	0.383333	0.506775	0.521127	0.370837	0.487745	0.607004	0.418699	0.523490	0.589474	0.637450	0.544629	0.316998	0.480287	0.624658	0.622754	0.590444	0.523490	
0.267067	0.388357	0.481838	0.337042	0.183618	0.475800	0.531023	0.204024	0.381563	0.300632	0.277422	0.552587	0.280358	0.303489	0.366653	0.284014	0.457467	0.206222	0.270039	0.382365	0.613189	0.616348	0.375553	0.263339	0.294167	0.556701	0.533473	0.235243	0.216527	0.643872	0.128883	0.223592	0.271520	0.248264	0.592840	0.258092	0.383507	0.615836	0.176231	0.323224	0.439493	0.528809	0.595530	0.653734	0.278891	0.184435	0.598454	0.648492	0.410377	0.610765	0.275214	0.375855	0.624500	0.314119	0.210993	0.458270	0.238324	0.194183	0.227492	0.328778	0.644433	0.174582	0.457813	0.196604	0.517427	0.614394	0.201426	0.349284	0.215738	0.481536	0.299199	0.289106	0.641814	0.402526	0.309175	0.110639	0.230601	0.527915	0.631688	0.417221	0.239860	0.326700	0.200624	0.566903	0.265578	0.526204	0.333609	0.314823	0.086297	0.545136	0.447142	0.253570	0.442566	0.204626	0.512931	0.428019	0.531622	0.195798	0.454442	0.294888	0.343865	0.195798	0.353852	0.255492	0.496899	0.080837	0.467797	0.474811	0.621182	0.310590	0.117537	0.407568	0.155393	0.170444	0.417221	0.537262	0.470136	0.337727	0.599081	0.611298	0.614825	0.627571	0.084480	0.480266	0.247077	0.656747	0.304202	0.521955	0.319034	0.204626	0.644433	0.593231	0.178700	0.343865	0.415065	0.292724	0.598011	0.376508	0.147774	0.501266	0.485272	0.384646	0.367165	0.391252	0.438893	0.546023	0.498177	0.452687	0.074427	0.299199	0.364668	0.633623	0.315526	0.174582	0.581202	0.609416	0.358015	0.171273	0.493800	0.278891	0.627692	0.573223	0.083571	0.586935	0.564340	0.312003	0.254325	0.541652	0.400474	0.380417	0.579350	0.549624	0.392999	0.478988	0.597977	0.634650	0.227492	0.368634	0.365844	0.569220	0.598242	0.530756	0.643605	0.494876	0.619448	0.415523	0.404104	0.460961	0.419821	0.431175	0.162113	0.600987	0.528090	0.351980	0.564206	0.375704	0.474702	0.519286	0.435552	0.425796	0.642009	0.288380	0.440600	0.319734	0.307047	0.618606	0.224373	0.367974	0.316229	0.626125	0.262591	0.220459	0.511913	0.090823	0.242926	0.581449	0.370610	0.543179	0.571335	0.291279	0.111371	0.144368	0.288380	0.641714	0.258844	0.536704	0.606843	0.353997	0.499457	0.297765	0.101599	0.366653	0.076263	0.299199	0.276687	0.627589	0.384646	0.339778	0.356008	0.573964	0.203827	0.518938	0.538381	0.180343	0.140092	0.426357	0.221243	0.423630	0.552018	0.367677	0.379767	0.242926	0.314823	0.569760	0.450530	0.216527	0.145221	0.458381	0.647198	0.536894	0.294888	0.410679	0.258844	0.235243	0.220459	0.233698	0.305626	0.313414	0.629018	0.170612	0.634834	0.289831	0.238324	0.520528	0.360016	0.500365	0.092628	0.403953	0.207019	0.556894	0.597774	0.264086	0.336356	0.294888	0.309175	0.069823	0.323224	0.628397	0.536853	0.321830	0.238324	0.585603	0.090823	0.186067	1.000000	0.130616	0.432558	0.271520	0.428571	0.214949	0.459683	0.242926	0.210993	0.593448	0.326700	0.173756	0.207019	0.392204	0.492138	0.235243	0.600465	0.592210	0.182801	0.343865	0.430399	0.330852	0.148624	0.289106	0.432056	0.377814	0.450286	0.475834	0.248264	0.193375	0.587215	0.217314	0.417058	0.388179	0.416113	0.161276	0.285472	0.511813	0.292724	0.517730	0.479082	0.351307	0.392531	0.491947	0.083571	0.138376	0.525436	0.368634	0.639577	0.378465	0.506015	0.585696	0.277422	0.392672	0.478632	0.249024	0.458160	0.329470	0.652072	0.138376	0.229825	0.114900	0.206222	0.641787	0.298482	0.232925	0.353997	0.358015	0.566162	0.416862	0.615247	0.476226	0.368634	0.098021	0.549101	0.410700	0.351307	0.363341	0.477889	0.593710	0.148624	0.629941	0.474450	0.483680	0.278157	0.423960	0.646585	0.379615	0.195798	0.616547	0.293446	0.467416	0.181982	0.331542	0.634294	0.537266	0.432818	0.646811	0.398574	0.178700	0.314119	0.409913	0.485588	0.135797	0.096226	0.418459	0.249024	0.229048	0.377161	0.272260	0.579626	0.221243	0.321830	0.054940	0.279625	0.518203	0.338411	0.192566	0.379767	0.294167	0.467814	0.497646	0.602446	0.189323	0.203827	0.573568	0.194991	0.549587	0.516037	0.176231	0.291279	0.523826	0.442153	0.476786	0.227492	0.508487	0.397939	0.585100	0.621354	0.312709	0.316301	0.328086	0.140949	0.176231	0.375201	0.632438	0.471247	0.629084	0.272260	0.120155	0.360536	0.259595	0.180343	0.220459	0.344545	0.245217	0.528209	0.620112	0.175407	0.566555	0.304914	0.493800	0.171273	0.342505	0.637081	0.471649	0.652734	0.561224	0.267067	0.196604	0.331542	0.134935	0.261094	0.241394	0.344545	0.387226	0.180343	0.572447	0.195798	0.119292	0.535984	0.194991	0.237555	0.114900	0.544764	0.551866	0.130616	0.223592	0.195798	0.500906	0.355338	0.571900	0.634286	0.258092	0.163785	0.224373	0.629093	0.151168	0.135797	0.162113	0.321830	0.538914	0.412711	0.396668	0.555784	0.447659	0.264086	0.515206	0.416275	0.304914	0.255080	0.367314	0.581970	0.068900	0.145221	0.254325	0.316229	0.414710	
0.526549	0.440571	0.341048	0.483636	0.608696	0.348578	0.279762	0.015750	0.453074	0.526104	0.549356	0.261111	0.531915	0.521912	0.464646	0.513684	0.367188	0.600536	0.552632	0.436893	0.173432	0.191186	0.439344	0.559284	0.527607	0.063686	0.284561	0.575610	0.569948	0.146494	0.607143	0.572152	0.532751	0.524590	0.198732	0.540909	0.444444	0.183953	0.595238	0.494340	0.388430	0.296218	0.216923	0.125501	0.534188	0.606936	0.207658	0.108545	0.416792	0.107675	0.539957	0.453947	0.132831	0.502901	0.585752	0.371542	0.560386	0.636872	0.550000	0.494424	0.133586	0.586826	0.368146	0.603878	0.311258	0.182998	0.550409	0.468310	0.571429	0.339350	0.528226	0.526971	0.143951	0.426180	0.529412	0.008150	0.584158	0.295908	0.142930	0.412979	0.576923	0.478505	0.595628	0.258716	0.560000	0.297782	0.488073	0.517375	0.612069	0.287462	0.041144	0.557604	0.388430	0.614555	0.310915	0.398868	0.061438	0.611111	0.367188	0.518367	0.485714	0.605556	0.468750	0.020259	0.326389	0.601770	0.359897	0.047603	0.173432	0.511719	0.606742	0.424242	0.610932	0.626140	0.410029	0.279762	0.045535	0.490018	0.203170	0.201717	0.111860	0.163858	0.600000	0.338129	0.019505	0.135057	0.500994	0.297782	0.515267	0.571429	0.133586	0.205390	0.589971	0.475000	0.419643	0.496920	0.086769	0.446634	0.629139	0.317568	0.336114	0.442308	0.446309	0.432602	0.386207	0.281437	0.326012	0.368627	0.593607	0.487903	0.456853	0.179275	0.508671	0.634731	0.206140	0.104021	0.471601	0.624242	0.326012	0.521368	0.105499	0.245645	0.602620	0.235000	0.246073	0.505837	0.565517	0.271154	0.418321	0.442276	0.223632	0.269856	0.430141	0.347291	0.219114	0.092217	0.585000	0.462312	0.444444	0.256597	0.215432	0.291322	0.100499	0.329825	0.193814	0.406528	0.426180	0.358323	0.408163	0.398860	0.601881	0.083161	0.290422	0.468531	0.258716	0.453202	0.347719	0.305525	0.385042	0.401722	0.161512	0.540541	0.386740	0.499048	0.508876	0.121238	0.580808	0.449664	0.507692	0.157542	0.538117	0.562660	0.315789	0.590717	0.576190	0.240204	0.456667	0.063599	0.240614	0.536082	0.592308	0.604027	0.528067	0.129121	0.539683	0.278932	0.193814	0.466087	0.318284	0.514170	0.642570	0.468013	0.579186	0.524194	0.546237	0.087010	0.442308	0.480144	0.467128	0.242060	0.578378	0.297468	0.281437	0.563050	0.614334	0.401138	0.576531	0.402299	0.066872	0.451505	0.452769	0.542857	0.505792	0.234025	0.042064	0.595855	0.622074	0.371353	0.120771	0.291022	0.530612	0.414925	0.535147	0.556098	0.588235	0.568627	0.522772	0.484496	0.178934	0.012948	0.130254	0.538302	0.555556	0.305195	0.458904	0.327526	0.627615	0.428790	0.593583	0.253825	0.222397	0.553571	0.488160	0.530612	0.513725	0.560748	0.486792	0.117942	0.271154	0.511364	0.579710	0.233637	0.607595	0.620690	0.130616	1.000000	0.401138	0.532751	0.400572	0.578125	0.362934	0.557143	0.591029	0.212349	0.500935	0.624625	0.604278	0.436421	0.052485	0.556098	0.075970	0.071847	0.587209	0.489286	0.396011	0.465804	0.627063	0.485477	0.396601	0.448445	0.377005	0.356061	0.557377	0.588235	0.228155	0.589147	0.412371	0.446571	0.408824	0.622642	0.540881	0.052193	0.525667	0.299046	0.342233	0.472855	0.431250	0.329825	0.602620	0.639175	0.283988	0.458961	0.123576	0.450980	0.325635	0.229829	0.519313	0.438486	0.346437	0.556075	0.369110	0.467532	0.143878	0.604811	0.555831	0.613636	0.589812	0.121030	0.517172	0.560197	0.466087	0.471601	0.242894	0.405839	0.190412	0.346012	0.455611	0.620408	0.277833	0.424060	0.465849	0.451613	0.346437	0.227603	0.646865	0.097951	0.350746	0.344322	0.543897	0.400576	0.099401	0.445528	0.605556	0.089495	0.520492	0.355612	0.583090	0.483395	0.135773	0.056332	0.038950	0.147105	0.426584	0.601770	0.491296	0.412030	0.340169	0.590278	0.609053	0.400000	0.551402	0.572139	0.449180	0.535948	0.230204	0.586735	0.496212	0.505051	0.511727	0.057143	0.481884	0.589888	0.429967	0.531697	0.354717	0.319005	0.191057	0.607955	0.600000	0.235983	0.562674	0.274586	0.303552	0.648810	0.515464	0.294979	0.377358	0.047292	0.570000	0.316143	0.421053	0.081692	0.160501	0.500971	0.025912	0.502793	0.646259	0.589286	0.451400	0.146799	0.352060	0.178255	0.527233	0.008892	0.447099	0.538462	0.592375	0.572890	0.463458	0.562648	0.294056	0.165590	0.602985	0.253369	0.515873	0.326012	0.587879	0.487455	0.129417	0.358779	0.126005	0.265287	0.548673	0.559557	0.476015	0.599303	0.558559	0.545455	0.474153	0.442675	0.604106	0.233444	0.588889	0.617100	0.270893	0.607242	0.576271	0.666667	0.063442	0.270115	0.624113	0.582278	0.577778	0.319728	0.464471	0.244156	0.142930	0.531818	0.629283	0.575758	0.089184	0.601307	0.631944	0.614420	0.500000	0.278107	0.416667	0.419255	0.269856	0.376000	0.535714	0.307190	0.409426	0.500000	0.559633	0.457143	0.227419	0.544601	0.622074	0.542529	0.484615	0.412371	
0.563574	0.621673	0.611916	0.615860	0.485640	0.639024	0.575227	0.061334	0.644851	0.622416	0.599775	0.596935	0.592593	0.602384	0.642365	0.591518	0.622372	0.521411	0.586089	0.631376	0.499267	0.532700	0.630456	0.596774	0.608791	0.231800	0.618980	0.572804	0.532838	0.465473	0.396576	0.529412	0.582480	0.549528	0.533696	0.578397	0.641075	0.526100	0.501982	0.630915	0.638187	0.614712	0.565950	0.419790	0.582677	0.498044	0.551996	0.370984	0.643382	0.365132	0.592760	0.629738	0.427673	0.616205	0.525000	0.632203	0.567665	0.508344	0.555420	0.621481	0.432859	0.482119	0.633530	0.526854	0.628485	0.512742	0.492386	0.639029	0.538462	0.629393	0.599782	0.578073	0.461345	0.632653	0.620838	0.032093	0.547879	0.631732	0.451963	0.644222	0.578256	0.600418	0.531131	0.612839	0.585534	0.628655	0.608696	0.626198	0.278714	0.634807	0.154502	0.577778	0.645161	0.527778	0.628012	0.627660	0.224307	0.530090	0.607233	0.605928	0.648318	0.514725	0.625878	0.078377	0.624125	0.262751	0.640534	0.177147	0.495359	0.623794	0.366279	0.645698	0.445355	0.480000	0.638763	0.607418	0.169943	0.615226	0.540630	0.554151	0.380014	0.492997	0.273425	0.621514	0.075543	0.435233	0.599567	0.618421	0.626455	0.540404	0.436809	0.547380	0.478947	0.591233	0.649588	0.601322	0.306184	0.605825	0.439834	0.624905	0.612698	0.623923	0.615536	0.608121	0.624782	0.615601	0.642302	0.613828	0.243750	0.588877	0.636364	0.528586	0.634043	0.484768	0.526551	0.357599	0.642715	0.476698	0.618974	0.609674	0.363284	0.602932	0.270769	0.592227	0.588385	0.618182	0.560748	0.591376	0.624535	0.654440	0.568371	0.618008	0.629490	0.639092	0.567916	0.323081	0.567600	0.648330	0.606897	0.593421	0.566474	0.611951	0.348311	0.631661	0.542644	0.622831	0.632653	0.607616	0.630533	0.630454	0.459459	0.294858	0.597701	0.620342	0.610192	0.613592	0.618506	0.617560	0.600175	0.640429	0.495616	0.603104	0.635808	0.608879	0.603448	0.401893	0.541004	0.619469	0.592986	0.475803	0.583622	0.541872	0.617960	0.291793	0.554102	0.596865	0.630754	0.231514	0.587571	0.591611	0.346549	0.422809	0.605322	0.426871	0.580046	0.606145	0.534115	0.640562	0.602907	0.587978	0.322388	0.650246	0.249221	0.604144	0.589165	0.306936	0.627751	0.635897	0.634635	0.585120	0.523388	0.601899	0.609979	0.488189	0.425770	0.626335	0.538745	0.623098	0.242346	0.614328	0.612560	0.565993	0.602769	0.565806	0.157754	0.530359	0.430556	0.624681	0.406386	0.634532	0.599341	0.630614	0.577726	0.553550	0.544335	0.566948	0.617711	0.599787	0.523786	0.050631	0.430008	0.619469	0.543713	0.618587	0.624876	0.619345	0.296970	0.631285	0.528302	0.590078	0.573120	0.582278	0.639175	0.605928	0.627282	0.229921	0.609884	0.399004	0.594114	0.615385	0.560479	0.594595	0.291793	0.483745	0.432558	0.401138	1.000000	0.593857	0.651786	0.531677	0.624374	0.565993	0.520000	0.539737	0.617155	0.485411	0.513208	0.627599	0.193994	0.553550	0.271957	0.258629	0.488889	0.634047	0.635797	0.623701	0.433702	0.584718	0.645963	0.633721	0.626176	0.659522	0.566038	0.503856	0.581774	0.542079	0.661818	0.631679	0.633969	0.468200	0.614699	0.192995	0.616740	0.607038	0.618474	0.608871	0.620170	0.630094	0.270769	0.415730	0.589816	0.632613	0.413615	0.654405	0.630925	0.566748	0.588501	0.616114	0.626721	0.584217	0.648101	0.614583	0.459471	0.412921	0.558252	0.359124	0.513854	0.405671	0.611354	0.555556	0.626506	0.626747	0.590392	0.629295	0.518402	0.619741	0.609037	0.312312	0.610028	0.642726	0.618952	0.607921	0.623482	0.578313	0.439227	0.340606	0.633469	0.638710	0.610360	0.611659	0.344997	0.646718	0.517286	0.314670	0.607261	0.630972	0.484293	0.602285	0.442754	0.207113	0.146717	0.466210	0.631086	0.481579	0.603412	0.626151	0.619200	0.409027	0.307229	0.621253	0.565371	0.551640	0.636275	0.575000	0.571081	0.546125	0.598525	0.184168	0.582022	0.209858	0.604317	0.509653	0.628019	0.613187	0.625000	0.611494	0.526094	0.499353	0.528445	0.564356	0.489744	0.610497	0.619259	0.488771	0.607064	0.611474	0.613929	0.176065	0.562728	0.633663	0.612933	0.290214	0.487603	0.615385	0.099434	0.630480	0.422378	0.488771	0.645914	0.467122	0.620295	0.531203	0.572727	0.034979	0.605760	0.581692	0.498688	0.546798	0.604888	0.559242	0.620290	0.494350	0.484127	0.601043	0.609730	0.612753	0.466045	0.616956	0.429231	0.657829	0.421211	0.619946	0.572738	0.506394	0.610592	0.406780	0.601156	0.555423	0.610998	0.646330	0.498688	0.567219	0.519846	0.371014	0.595075	0.502564	0.549161	0.359124	0.230991	0.604778	0.395448	0.549020	0.501921	0.627782	0.645291	0.590102	0.455305	0.569106	0.466307	0.541004	0.313704	0.437414	0.414669	0.451351	0.602740	0.602091	0.625801	0.619718	0.598909	0.628523	0.568470	0.625840	0.616364	0.616216	0.576429	0.612205	0.569536	0.227129	0.430556	0.577103	0.578108	0.627273	
0.589172	0.599752	0.545637	0.597796	0.552783	0.560406	0.483108	0.035064	0.599496	0.632047	0.629283	0.477707	0.619195	0.628319	0.618182	0.596006	0.557203	0.608379	0.610759	0.614610	0.351831	0.382798	0.620865	0.632424	0.613534	0.137706	0.508997	0.621160	0.601423	0.301761	0.543860	0.602452	0.624606	0.590381	0.392476	0.623377	0.597240	0.370977	0.613281	0.626062	0.569845	0.523050	0.429539	0.261659	0.621118	0.590038	0.406780	0.228551	0.595492	0.226834	0.632238	0.602041	0.275772	0.646465	0.605405	0.560428	0.637288	0.584270	0.656250	0.633053	0.277219	0.552941	0.558386	0.614525	0.539741	0.368084	0.559853	0.623656	0.627451	0.534260	0.610119	0.598784	0.296956	0.612245	0.626822	0.018230	0.624138	0.524358	0.295021	0.571429	0.638514	0.599156	0.619926	0.484992	0.616613	0.516474	0.610264	0.642651	0.421569	0.520311	0.090185	0.616393	0.585366	0.606947	0.528163	0.579841	0.133026	0.608209	0.542373	0.624625	0.635870	0.604478	0.611702	0.044977	0.532692	0.407960	0.578616	0.103934	0.351831	0.639535	0.514673	0.602871	0.546201	0.598020	0.599532	0.489865	0.099545	0.627235	0.404092	0.401525	0.235076	0.334212	0.413793	0.530693	0.043324	0.280035	0.618557	0.511131	0.645714	0.632541	0.277219	0.406714	0.570874	0.586957	0.610849	0.615385	0.185055	0.601274	0.556485	0.531955	0.526108	0.585000	0.572539	0.572482	0.572697	0.514431	0.539866	0.533475	0.389873	0.580357	0.638853	0.362493	0.635971	0.600000	0.391192	0.219605	0.649934	0.561265	0.539866	0.633540	0.222534	0.466767	0.424691	0.453488	0.462935	0.626087	0.599018	0.480263	0.563177	0.629583	0.435630	0.488124	0.607626	0.564777	0.426521	0.196042	0.652778	0.636481	0.584416	0.481569	0.421549	0.505245	0.212609	0.525703	0.388719	0.560000	0.595438	0.527518	0.577726	0.603645	0.553535	0.177740	0.500436	0.614973	0.489731	0.578344	0.547112	0.520473	0.559020	0.586483	0.329865	0.624049	0.588889	0.607703	0.603221	0.253397	0.594406	0.588083	0.606322	0.322482	0.639871	0.617284	0.525725	0.421308	0.607383	0.466667	0.615979	0.137527	0.458457	0.632375	0.481651	0.548523	0.639269	0.268644	0.615883	0.486942	0.388719	0.631158	0.516008	0.617910	0.465882	0.644156	0.392947	0.601190	0.633385	0.185543	0.580000	0.638356	0.612732	0.459359	0.619048	0.521352	0.494058	0.595745	0.520256	0.564278	0.584507	0.580275	0.144321	0.583979	0.584810	0.610738	0.593660	0.443157	0.092151	0.604982	0.534737	0.580645	0.252489	0.524017	0.609610	0.593381	0.619125	0.597270	0.634921	0.647260	0.646109	0.612717	0.361872	0.028877	0.270824	0.646434	0.603390	0.527273	0.600000	0.534233	0.448193	0.598311	0.592727	0.463092	0.433518	0.612179	0.612414	0.591592	0.647230	0.364103	0.586402	0.246981	0.480263	0.616477	0.613559	0.454085	0.435835	0.576336	0.271520	0.532751	0.593857	1.000000	0.587429	0.596429	0.568730	0.617450	0.612613	0.410904	0.607595	0.585462	0.581818	0.607626	0.114255	0.597270	0.163066	0.154596	0.573077	0.619565	0.571754	0.613668	0.530271	0.598784	0.603175	0.620076	0.562771	0.576446	0.600332	0.585366	0.440510	0.618117	0.631579	0.607721	0.591121	0.542510	0.655436	0.113640	0.630468	0.509383	0.546000	0.599732	0.580882	0.541222	0.414815	0.556745	0.494440	0.618370	0.257933	0.621827	0.533589	0.440485	0.604361	0.585185	0.549495	0.649007	0.582979	0.595804	0.296816	0.526767	0.625216	0.495455	0.586521	0.252993	0.602086	0.603774	0.601864	0.589168	0.448766	0.571429	0.376584	0.546922	0.589909	0.446556	0.500420	0.608799	0.605087	0.593464	0.539394	0.443816	0.584551	0.207529	0.575510	0.558794	0.656299	0.570115	0.210422	0.637168	0.641791	0.190562	0.623494	0.555212	0.581888	0.590529	0.281403	0.122347	0.085491	0.302914	0.583232	0.594175	0.626263	0.573127	0.541294	0.538793	0.453461	0.584112	0.645695	0.612457	0.638677	0.620472	0.435403	0.605634	0.599432	0.304813	0.613953	0.124046	0.598901	0.590226	0.584810	0.652632	0.562307	0.532075	0.380145	0.609848	0.589744	0.443472	0.557009	0.502078	0.524887	0.589844	0.650530	0.514134	0.557734	0.103274	0.621528	0.529963	0.559611	0.174752	0.327988	0.630970	0.057329	0.628331	0.561702	0.585938	0.623244	0.302337	0.556807	0.360637	0.595276	0.019881	0.595801	0.588997	0.607350	0.613757	0.610583	0.584307	0.516300	0.337414	0.594912	0.477890	0.617647	0.524496	0.553360	0.610354	0.269214	0.567568	0.262635	0.493947	0.601911	0.592179	0.612813	0.505400	0.632258	0.616162	0.607870	0.619403	0.607350	0.440751	0.604478	0.503371	0.488085	0.571963	0.621392	0.504545	0.137200	0.490164	0.510917	0.605954	0.593284	0.536862	0.634794	0.459805	0.295021	0.623377	0.583501	0.615385	0.189934	0.551867	0.517241	0.569697	0.610795	0.497479	0.596698	0.587805	0.493038	0.548596	0.599359	0.524680	0.577778	0.626471	0.614379	0.583658	0.442090	0.365039	0.522105	0.615385	0.580460	0.575439	
0.579977	0.646947	0.600969	0.632885	0.488189	0.647635	0.602105	0.060910	0.628019	0.605464	0.613817	0.603874	0.604284	0.628945	0.627102	0.605381	0.641350	0.534177	0.604811	0.628019	0.502203	0.538055	0.630964	0.601852	0.607064	0.230341	0.617898	0.565901	0.550436	0.460290	0.395983	0.549261	0.598857	0.582938	0.540305	0.590432	0.651252	0.525128	0.494024	0.599789	0.638670	0.596056	0.573093	0.415916	0.583051	0.505898	0.550986	0.369486	0.645756	0.367589	0.609091	0.641951	0.425984	0.638116	0.547739	0.636054	0.560770	0.518710	0.553244	0.626178	0.428797	0.487350	0.639053	0.529563	0.640967	0.525026	0.507653	0.619289	0.546135	0.631410	0.604600	0.600667	0.461279	0.653631	0.629989	0.031868	0.552984	0.620438	0.455230	0.646575	0.557023	0.607143	0.526181	0.609157	0.590542	0.608504	0.623701	0.622460	0.280431	0.623748	0.153486	0.580494	0.631671	0.522843	0.637462	0.640569	0.222888	0.517375	0.627848	0.597574	0.622313	0.517375	0.636455	0.077841	0.644809	0.264386	0.637657	0.175997	0.502203	0.615716	0.368421	0.649954	0.453297	0.477212	0.635616	0.607719	0.168835	0.630165	0.548476	0.549862	0.379850	0.493920	0.275116	0.639488	0.075025	0.432735	0.604348	0.615836	0.635494	0.520305	0.435918	0.548603	0.502646	0.616172	0.644628	0.606195	0.304336	0.645224	0.439499	0.632950	0.633758	0.643612	0.625864	0.631280	0.653240	0.604651	0.634945	0.634518	0.245283	0.606791	0.623016	0.520603	0.634615	0.487350	0.527731	0.356777	0.635271	0.484605	0.639626	0.605650	0.361165	0.600639	0.272446	0.588745	0.588612	0.612245	0.568075	0.603981	0.634328	0.641473	0.575685	0.612859	0.631879	0.631408	0.562207	0.321151	0.570379	0.625247	0.615232	0.576517	0.577057	0.609386	0.346261	0.622642	0.527778	0.630614	0.662942	0.621262	0.632820	0.609473	0.470109	0.293067	0.612392	0.637007	0.611812	0.635478	0.635179	0.626866	0.644425	0.648115	0.499307	0.599109	0.653812	0.632696	0.621212	0.403208	0.560886	0.627838	0.610459	0.483915	0.588644	0.549505	0.624427	0.293578	0.575866	0.593338	0.645034	0.230056	0.591567	0.614191	0.351551	0.433566	0.608018	0.423683	0.580420	0.620448	0.540598	0.639113	0.623177	0.619100	0.324324	0.640950	0.250784	0.608981	0.596372	0.305085	0.651297	0.638517	0.635176	0.590392	0.531131	0.608059	0.615927	0.493404	0.425352	0.641071	0.543881	0.639712	0.240829	0.626601	0.628516	0.568698	0.622460	0.581998	0.156720	0.552927	0.438547	0.623399	0.404070	0.623377	0.610805	0.631095	0.589744	0.568319	0.549505	0.569697	0.611714	0.595927	0.524837	0.050279	0.426801	0.604444	0.575211	0.609993	0.627373	0.619718	0.298780	0.644860	0.528445	0.598168	0.572107	0.575723	0.612836	0.608600	0.597627	0.231379	0.618796	0.396724	0.595745	0.613757	0.575211	0.592365	0.293578	0.509804	0.428571	0.400572	0.651786	0.587429	1.000000	0.554307	0.634841	0.573477	0.537688	0.550143	0.626050	0.490667	0.525917	0.648956	0.192746	0.568319	0.270283	0.257024	0.509855	0.628454	0.638070	0.617954	0.444444	0.596218	0.626892	0.657588	0.650644	0.641853	0.571090	0.511628	0.585602	0.554726	0.653285	0.637931	0.647220	0.457143	0.612975	0.191753	0.619469	0.605882	0.633360	0.637652	0.650899	0.630503	0.272446	0.420904	0.617021	0.639053	0.411263	0.633625	0.631333	0.581509	0.588901	0.635585	0.628757	0.579882	0.636749	0.623431	0.457720	0.415254	0.565854	0.361233	0.526582	0.404077	0.607456	0.572816	0.635081	0.635271	0.586819	0.633394	0.502634	0.625000	0.623274	0.314199	0.608939	0.646950	0.625506	0.634195	0.628757	0.571256	0.441667	0.338592	0.651925	0.634304	0.608597	0.640864	0.342963	0.655039	0.527671	0.312780	0.618785	0.634711	0.502632	0.621481	0.441059	0.205790	0.145749	0.466153	0.644737	0.500000	0.620985	0.639556	0.630819	0.411348	0.309091	0.616226	0.589349	0.561661	0.632911	0.602740	0.579781	0.548826	0.613757	0.185366	0.595937	0.208520	0.623323	0.507115	0.626576	0.611479	0.638614	0.617986	0.528262	0.504551	0.536213	0.574442	0.505155	0.610803	0.628529	0.491368	0.605322	0.617626	0.610871	0.174922	0.565483	0.635600	0.628410	0.288447	0.487580	0.603004	0.098761	0.633124	0.427567	0.480744	0.632812	0.462789	0.623974	0.519260	0.595890	0.034734	0.624128	0.584400	0.496042	0.542079	0.631902	0.550000	0.603198	0.495283	0.497340	0.609150	0.614549	0.622465	0.489960	0.629744	0.427581	0.625104	0.419586	0.610811	0.589183	0.516710	0.619395	0.411932	0.590012	0.577246	0.625767	0.643062	0.501319	0.578462	0.522523	0.373178	0.599451	0.515464	0.546988	0.361233	0.229535	0.596851	0.397711	0.549261	0.519949	0.632794	0.639839	0.595420	0.455230	0.578763	0.466125	0.563346	0.311819	0.439834	0.408511	0.464674	0.626455	0.606569	0.628099	0.631480	0.607387	0.632391	0.594220	0.627715	0.642336	0.614549	0.583822	0.626482	0.573325	0.228571	0.430168	0.584507	0.606190	0.633212	
0.631769	0.575716	0.470206	0.592025	0.621924	0.496158	0.427027	0.026990	0.580556	0.616667	0.640845	0.407783	0.632867	0.619205	0.566092	0.592721	0.517241	0.627368	0.623656	0.569444	0.281250	0.308180	0.567416	0.637523	0.598985	0.107285	0.437328	0.613281	0.655738	0.239763	0.570681	0.663984	0.639286	0.631380	0.319527	0.608856	0.572614	0.297248	0.621005	0.572785	0.538647	0.438330	0.346648	0.206897	0.649123	0.629464	0.332877	0.180000	0.548765	0.178611	0.633628	0.583099	0.218427	0.604200	0.661123	0.506388	0.627907	0.634783	0.609562	0.593750	0.219611	0.628440	0.516129	0.643629	0.470238	0.295800	0.631130	0.614925	0.652977	0.493033	0.618729	0.616438	0.235808	0.566535	0.614379	0.014004	0.604743	0.445498	0.234217	0.551282	0.640927	0.593407	0.641026	0.399329	0.634058	0.425167	0.581144	0.606452	0.502994	0.435826	0.069868	0.645522	0.528986	0.634249	0.473736	0.531520	0.103581	0.645022	0.512644	0.594595	0.577039	0.640693	0.581121	0.034660	0.472050	0.475610	0.511364	0.080651	0.281250	0.605863	0.563686	0.561680	0.629540	0.635731	0.556410	0.425225	0.077204	0.606432	0.326174	0.324000	0.185284	0.266594	0.500000	0.485043	0.033379	0.221918	0.595041	0.448046	0.619808	0.621564	0.219611	0.329492	0.621315	0.592145	0.521964	0.604414	0.144988	0.573840	0.603960	0.468687	0.486716	0.578512	0.570201	0.572973	0.532044	0.431159	0.488108	0.512111	0.467290	0.618729	0.574315	0.290149	0.602254	0.633028	0.330612	0.172769	0.582723	0.638889	0.483971	0.614035	0.175135	0.387200	0.501511	0.370200	0.389423	0.590909	0.644320	0.420315	0.573316	0.560669	0.356566	0.414996	0.579161	0.498906	0.349892	0.153797	0.641434	0.566524	0.574713	0.396336	0.344437	0.444860	0.167125	0.484848	0.312139	0.541237	0.558630	0.499438	0.545685	0.517413	0.650831	0.139135	0.439888	0.587537	0.404362	0.565401	0.492881	0.458537	0.526699	0.543179	0.262987	0.614065	0.535109	0.609250	0.614122	0.200165	0.626506	0.575931	0.598071	0.256871	0.653285	0.628803	0.468342	0.519174	0.639847	0.380878	0.584046	0.107143	0.381476	0.626917	0.552486	0.610000	0.607204	0.212598	0.626151	0.427673	0.312139	0.570162	0.455466	0.610738	0.535613	0.583333	0.470588	0.612040	0.620811	0.145378	0.581267	0.582317	0.579412	0.382005	0.631356	0.460952	0.431159	0.591422	0.567089	0.541615	0.631579	0.531328	0.112526	0.577143	0.583799	0.636015	0.593548	0.370314	0.071408	0.651639	0.598504	0.511682	0.199426	0.446312	0.614865	0.549223	0.659300	0.617188	0.649087	0.619608	0.609555	0.588997	0.289631	0.022211	0.214380	0.611966	0.662791	0.454191	0.580175	0.473520	0.539589	0.564238	0.621849	0.397362	0.354745	0.625455	0.589862	0.601351	0.604575	0.462025	0.594937	0.194946	0.418564	0.590476	0.643411	0.371276	0.519174	0.644444	0.214949	0.578125	0.531677	0.596429	0.554307	1.000000	0.523322	0.651341	0.623701	0.339860	0.599686	0.616092	0.647059	0.571042	0.088767	0.617188	0.127425	0.120685	0.650224	0.586103	0.524876	0.590980	0.632099	0.592466	0.532178	0.569425	0.520000	0.512304	0.661626	0.640523	0.363229	0.633947	0.535211	0.565158	0.560102	0.604762	0.625216	0.088283	0.614601	0.447847	0.494600	0.591382	0.566038	0.491118	0.483384	0.590331	0.442009	0.566524	0.203859	0.571429	0.448347	0.365688	0.637324	0.581522	0.502183	0.626415	0.519630	0.577223	0.235694	0.605598	0.621782	0.562842	0.635789	0.199836	0.603015	0.620825	0.552437	0.597365	0.384798	0.541296	0.307012	0.499455	0.595136	0.512968	0.426141	0.555411	0.579495	0.590449	0.502183	0.362416	0.582716	0.163033	0.507726	0.495114	0.622144	0.530151	0.165362	0.577406	0.627706	0.149401	0.613559	0.507263	0.620225	0.596273	0.223038	0.095145	0.066194	0.240713	0.555407	0.648526	0.597738	0.542373	0.487648	0.625641	0.527536	0.537084	0.622642	0.634921	0.567416	0.631016	0.366240	0.627530	0.603175	0.373333	0.577933	0.096486	0.602446	0.663755	0.581006	0.609137	0.499443	0.468560	0.307985	0.625551	0.652542	0.373169	0.655098	0.428698	0.463628	0.648402	0.613288	0.451796	0.526066	0.080132	0.621514	0.480885	0.561497	0.136747	0.261431	0.586710	0.044242	0.597809	0.590909	0.630137	0.589563	0.240237	0.502769	0.288599	0.623886	0.015276	0.584302	0.625000	0.609481	0.624746	0.588235	0.613333	0.439208	0.269252	0.604119	0.400000	0.613861	0.471562	0.615741	0.593939	0.213064	0.493243	0.207692	0.412017	0.646209	0.639309	0.602484	0.601542	0.611722	0.642308	0.585219	0.547945	0.636569	0.370992	0.632035	0.592992	0.418198	0.633406	0.656311	0.557377	0.106884	0.415358	0.604167	0.651911	0.666667	0.479675	0.594993	0.385044	0.234217	0.634686	0.600473	0.638554	0.148897	0.627451	0.564103	0.631829	0.615873	0.430108	0.555556	0.557641	0.418483	0.521127	0.614545	0.470588	0.545455	0.613861	0.631970	0.579627	0.362146	0.438095	0.623441	0.636872	0.598071	0.553137	
0.565998	0.635879	0.627660	0.600957	0.476190	0.641104	0.616101	0.069130	0.643306	0.586103	0.576483	0.626032	0.586528	0.589769	0.633609	0.560825	0.638163	0.500000	0.565720	0.637916	0.542197	0.566497	0.624434	0.564756	0.589431	0.258379	0.639300	0.534807	0.513053	0.494215	0.358710	0.516854	0.572928	0.553145	0.571578	0.545455	0.629032	0.564103	0.459687	0.585366	0.655201	0.615066	0.597214	0.454413	0.600208	0.466112	0.574204	0.404138	0.650602	0.403340	0.578288	0.620127	0.460657	0.590909	0.517162	0.639553	0.543454	0.487691	0.536313	0.621491	0.466616	0.453559	0.640761	0.495327	0.648108	0.550098	0.505800	0.624647	0.520455	0.650075	0.601413	0.591607	0.488998	0.631944	0.593035	0.036242	0.525028	0.613260	0.493517	0.632566	0.546652	0.623301	0.492451	0.605678	0.558730	0.600555	0.598077	0.594274	0.250344	0.617886	0.173085	0.555436	0.645373	0.498845	0.634807	0.642263	0.250147	0.484211	0.633413	0.586802	0.604739	0.486550	0.614379	0.088241	0.635762	0.235784	0.639434	0.198162	0.534653	0.597815	0.330709	0.632035	0.421836	0.449029	0.637681	0.621424	0.190191	0.625239	0.571429	0.582145	0.417772	0.526173	0.245517	0.633559	0.085067	0.469222	0.593186	0.632455	0.606477	0.498845	0.474290	0.581370	0.458034	0.636967	0.611825	0.578411	0.339653	0.626812	0.401506	0.640636	0.649175	0.636282	0.632447	0.637246	0.650820	0.627923	0.648529	0.649206	0.218487	0.595358	0.622468	0.550290	0.595661	0.458384	0.546430	0.396132	0.607807	0.453333	0.639706	0.577362	0.399621	0.601339	0.243094	0.601770	0.611822	0.588702	0.563441	0.624104	0.640000	0.612613	0.588838	0.616883	0.632509	0.644223	0.583614	0.358007	0.534078	0.626374	0.618916	0.602258	0.589800	0.627478	0.383520	0.632593	0.542564	0.639863	0.635417	0.636505	0.641829	0.618212	0.429975	0.327329	0.637108	0.620431	0.620820	0.615942	0.635528	0.640339	0.642564	0.639262	0.526551	0.581967	0.636587	0.603922	0.608782	0.443105	0.520763	0.632447	0.593103	0.516411	0.573858	0.523702	0.629683	0.262295	0.544262	0.611144	0.631963	0.258065	0.611878	0.587755	0.315232	0.393443	0.586066	0.457633	0.559829	0.614874	0.562051	0.614953	0.618392	0.584429	0.290323	0.631772	0.223464	0.595358	0.566667	0.340471	0.634495	0.610105	0.622554	0.602410	0.501734	0.644491	0.625251	0.464115	0.383249	0.641068	0.514092	0.648195	0.269949	0.631290	0.640216	0.544262	0.590326	0.607059	0.176691	0.519864	0.392947	0.627702	0.441696	0.614754	0.588832	0.645494	0.566239	0.554696	0.523702	0.529347	0.596000	0.597428	0.550459	0.057107	0.463910	0.578732	0.547855	0.615927	0.639481	0.635693	0.267030	0.639373	0.506329	0.606476	0.594441	0.557794	0.622605	0.578680	0.599005	0.205924	0.608780	0.435204	0.613681	0.596285	0.534653	0.595770	0.262295	0.474496	0.459683	0.362934	0.624374	0.568730	0.634841	0.523322	1.000000	0.546448	0.510297	0.585848	0.603883	0.451691	0.506329	0.627208	0.216769	0.554696	0.302353	0.287783	0.481526	0.606635	0.631579	0.610039	0.403509	0.583419	0.626145	0.625678	0.645213	0.644911	0.548807	0.485915	0.595032	0.519274	0.642249	0.620321	0.641702	0.432964	0.598765	0.215666	0.590631	0.630042	0.648976	0.630394	0.637885	0.641481	0.243094	0.381679	0.635753	0.620879	0.447965	0.621500	0.595151	0.615563	0.574402	0.635961	0.650879	0.548212	0.638602	0.601547	0.488798	0.381679	0.527840	0.324111	0.500000	0.444602	0.587879	0.527716	0.611215	0.620818	0.602657	0.635593	0.532389	0.641221	0.635531	0.281081	0.617219	0.644828	0.613508	0.632841	0.649351	0.590542	0.403509	0.377001	0.643572	0.642314	0.577963	0.639193	0.381152	0.634234	0.484211	0.348875	0.585961	0.638199	0.472554	0.611379	0.474339	0.231231	0.164447	0.501658	0.628722	0.458034	0.612648	0.617241	0.631420	0.375479	0.276423	0.641702	0.552546	0.526198	0.629864	0.566038	0.603488	0.529876	0.615836	0.164502	0.566390	0.234254	0.630372	0.488837	0.631199	0.589431	0.635659	0.643945	0.559107	0.474616	0.499422	0.602367	0.487119	0.634691	0.641854	0.457280	0.583673	0.639559	0.646726	0.196965	0.525140	0.647441	0.645048	0.322270	0.523979	0.601980	0.111795	0.606589	0.387833	0.459687	0.631579	0.493377	0.654321	0.549831	0.570231	0.039493	0.641998	0.567769	0.456938	0.519187	0.615530	0.533769	0.628611	0.528662	0.453012	0.634328	0.592593	0.647059	0.441212	0.617284	0.461481	0.621390	0.457373	0.613607	0.572334	0.495327	0.615236	0.373402	0.553781	0.556407	0.617424	0.621549	0.461722	0.598943	0.491228	0.335079	0.622396	0.491803	0.539648	0.324111	0.257490	0.621183	0.362934	0.532584	0.481871	0.641975	0.619403	0.602424	0.489465	0.562567	0.436275	0.531987	0.347826	0.409488	0.375479	0.427518	0.609971	0.633532	0.642674	0.633889	0.623377	0.645783	0.568399	0.636943	0.642249	0.602603	0.549946	0.614679	0.607493	0.203390	0.397985	0.552688	0.602956	0.635434	
0.630508	0.587776	0.494265	0.601744	0.600414	0.534319	0.464223	0.030926	0.605820	0.628931	0.642384	0.448276	0.654605	0.625000	0.612022	0.616639	0.540839	0.618395	0.622896	0.579365	0.316327	0.345939	0.580214	0.639316	0.622010	0.122208	0.476528	0.638686	0.629771	0.270480	0.564593	0.622889	0.620805	0.630088	0.358382	0.633218	0.595520	0.333932	0.607595	0.607784	0.557870	0.471560	0.388039	0.233962	0.623762	0.615702	0.372995	0.203947	0.578882	0.202394	0.645591	0.619303	0.246793	0.632061	0.626692	0.541806	0.601449	0.620968	0.624535	0.618343	0.248110	0.584746	0.555310	0.621242	0.507663	0.332341	0.609901	0.603399	0.646272	0.522188	0.621451	0.619355	0.266094	0.583648	0.623457	0.016062	0.627306	0.489459	0.264330	0.583333	0.638989	0.624071	0.650794	0.439739	0.642857	0.471889	0.609078	0.631098	0.475676	0.480786	0.079805	0.650350	0.574074	0.624754	0.505263	0.572781	0.118020	0.606426	0.527594	0.608280	0.610315	0.642570	0.605042	0.039693	0.506986	0.450549	0.539301	0.092049	0.316327	0.640000	0.548148	0.581454	0.587973	0.616702	0.573529	0.465969	0.088138	0.618287	0.364351	0.363281	0.209853	0.300161	0.456522	0.524691	0.038230	0.250674	0.614665	0.479263	0.622356	0.628684	0.248110	0.369292	0.607966	0.595989	0.567901	0.614400	0.164699	0.602410	0.572727	0.506823	0.511771	0.608924	0.583106	0.587629	0.563152	0.471930	0.518445	0.542636	0.425770	0.605678	0.609053	0.326125	0.636225	0.618644	0.366534	0.195858	0.628651	0.602564	0.524427	0.646865	0.198506	0.427683	0.468665	0.415546	0.423676	0.622699	0.638743	0.458404	0.572509	0.592297	0.398856	0.456467	0.578065	0.526316	0.391579	0.174593	0.646840	0.606803	0.592896	0.434923	0.385625	0.471971	0.189538	0.511581	0.349027	0.573892	0.593711	0.529730	0.580097	0.550000	0.582057	0.158118	0.477908	0.600000	0.446254	0.589023	0.528978	0.488219	0.553488	0.567665	0.296178	0.613893	0.561485	0.630468	0.638760	0.226461	0.640449	0.591281	0.623100	0.289419	0.643836	0.623819	0.498545	0.490667	0.623656	0.419207	0.593496	0.122047	0.424427	0.626003	0.522613	0.600917	0.630048	0.240310	0.621762	0.464752	0.350282	0.608696	0.492188	0.620253	0.490956	0.603825	0.434540	0.608833	0.633499	0.165138	0.601050	0.621387	0.597765	0.420568	0.610236	0.486188	0.461404	0.592902	0.561485	0.561237	0.626415	0.568345	0.128129	0.605978	0.590426	0.630824	0.603659	0.412509	0.081555	0.660305	0.572082	0.544843	0.225637	0.478771	0.633758	0.566832	0.632124	0.605839	0.623819	0.655678	0.646967	0.629969	0.325554	0.025460	0.242293	0.634461	0.630435	0.483992	0.601108	0.512513	0.493369	0.601770	0.613281	0.435548	0.396871	0.614334	0.620087	0.630573	0.629630	0.403409	0.604790	0.220641	0.455008	0.615616	0.648551	0.413383	0.480000	0.600823	0.242926	0.557143	0.565993	0.617450	0.573477	0.651341	0.546448	1.000000	0.626692	0.380628	0.621100	0.615711	0.613281	0.593548	0.101252	0.605839	0.144935	0.137337	0.605809	0.590258	0.552381	0.606775	0.594104	0.600000	0.561611	0.592790	0.550790	0.539785	0.626549	0.610101	0.401747	0.624762	0.575275	0.585621	0.574572	0.592105	0.637398	0.100704	0.662400	0.481036	0.521830	0.623413	0.575835	0.507553	0.452316	0.601399	0.466844	0.601361	0.230579	0.602667	0.494024	0.407326	0.612583	0.613990	0.529412	0.628975	0.558758	0.599705	0.265968	0.573427	0.609982	0.522388	0.622309	0.226094	0.619273	0.623853	0.600281	0.603616	0.420323	0.585662	0.344657	0.530955	0.582313	0.501305	0.464874	0.587796	0.600846	0.588721	0.537815	0.400871	0.589569	0.184952	0.530786	0.539185	0.641322	0.550481	0.187563	0.597610	0.622490	0.169656	0.632588	0.532760	0.598753	0.608824	0.251919	0.108476	0.075630	0.271533	0.580892	0.624738	0.622901	0.562889	0.529473	0.572770	0.493438	0.555012	0.632509	0.633333	0.609626	0.633166	0.402054	0.649057	0.618619	0.339286	0.612850	0.109994	0.611594	0.619433	0.579787	0.625199	0.525188	0.508806	0.345725	0.632653	0.610236	0.411103	0.627767	0.470386	0.492971	0.611814	0.626003	0.480804	0.568182	0.091460	0.628253	0.510680	0.571429	0.155432	0.294459	0.606432	0.050631	0.616296	0.574074	0.594937	0.595973	0.271005	0.530351	0.324419	0.633166	0.017519	0.610497	0.644828	0.605428	0.627599	0.595136	0.620321	0.474020	0.303096	0.630021	0.442846	0.610592	0.508475	0.589744	0.606322	0.240829	0.528139	0.234848	0.447960	0.623729	0.617234	0.614706	0.564706	0.632302	0.629496	0.600858	0.584856	0.605428	0.410104	0.630522	0.540541	0.452926	0.631791	0.631579	0.537313	0.121754	0.455161	0.552381	0.615385	0.610442	0.519608	0.606993	0.420727	0.264330	0.615917	0.614379	0.621723	0.169091	0.603604	0.577465	0.608315	0.627628	0.468750	0.582716	0.572890	0.454776	0.542793	0.624573	0.503788	0.560588	0.616822	0.620209	0.575716	0.400581	0.404558	0.572082	0.635253	0.604863	0.585067	
0.608379	0.568681	0.461874	0.593509	0.642534	0.496689	0.425339	0.026442	0.576224	0.618487	0.614565	0.401020	0.620811	0.617696	0.578871	0.611888	0.517919	0.629787	0.614828	0.548252	0.276262	0.302799	0.560113	0.625000	0.607509	0.105193	0.430147	0.595661	0.621118	0.235410	0.567639	0.646341	0.616216	0.641221	0.313984	0.625698	0.568245	0.292025	0.600462	0.567783	0.522479	0.427073	0.340730	0.203072	0.598230	0.609481	0.327148	0.176623	0.554974	0.175258	0.642857	0.584397	0.214414	0.573290	0.668067	0.497664	0.587084	0.619780	0.603622	0.582677	0.215580	0.607889	0.516802	0.624454	0.468594	0.290598	0.655172	0.592481	0.639004	0.487069	0.610455	0.618307	0.231518	0.559682	0.589786	0.013718	0.618762	0.438095	0.229952	0.541935	0.635478	0.594937	0.609071	0.397641	0.625229	0.423372	0.595016	0.601626	0.498480	0.424861	0.068479	0.640301	0.527339	0.632479	0.464143	0.547264	0.101557	0.625821	0.513295	0.613288	0.572298	0.634573	0.570579	0.033959	0.472425	0.476780	0.498286	0.079057	0.276262	0.591133	0.549451	0.554822	0.612745	0.600939	0.534194	0.425339	0.075676	0.601852	0.320539	0.318395	0.181818	0.261826	0.501529	0.485499	0.032704	0.217849	0.600000	0.450192	0.602254	0.589744	0.215580	0.323810	0.637615	0.593607	0.525358	0.606164	0.142217	0.575071	0.601504	0.467005	0.478632	0.588072	0.571429	0.571429	0.520681	0.427662	0.474012	0.512761	0.462025	0.610455	0.561047	0.285030	0.581169	0.607889	0.324915	0.169516	0.575221	0.627635	0.474012	0.615929	0.171841	0.382329	0.509202	0.365459	0.381335	0.579378	0.642857	0.415128	0.558511	0.544944	0.350515	0.415061	0.566757	0.503850	0.343931	0.150872	0.611670	0.570605	0.578871	0.394649	0.338549	0.435681	0.163968	0.478992	0.306701	0.552529	0.554377	0.502262	0.541507	0.505632	0.620192	0.136468	0.434457	0.573991	0.399326	0.558074	0.495595	0.452941	0.529915	0.554156	0.258275	0.615917	0.526188	0.607717	0.609272	0.196451	0.636917	0.577201	0.606159	0.252252	0.611418	0.622951	0.462626	0.526946	0.626692	0.374508	0.591105	0.105054	0.375099	0.628866	0.554622	0.612658	0.595156	0.208680	0.579926	0.424188	0.306701	0.574405	0.459817	0.595601	0.543353	0.570188	0.471698	0.613828	0.608541	0.142600	0.582524	0.571429	0.592593	0.375594	0.603854	0.445933	0.425842	0.602740	0.579487	0.545000	0.642127	0.532156	0.110338	0.592806	0.576653	0.638298	0.598374	0.365591	0.069990	0.629400	0.616162	0.491187	0.195724	0.429644	0.633731	0.547588	0.631970	0.635108	0.627049	0.601980	0.607973	0.603589	0.284519	0.021759	0.210433	0.596552	0.637965	0.434868	0.587372	0.475992	0.505952	0.549333	0.628450	0.394040	0.348718	0.627523	0.594427	0.599659	0.589786	0.456592	0.586922	0.191318	0.411609	0.588800	0.649706	0.365031	0.532934	0.615730	0.210993	0.591029	0.520000	0.612613	0.537688	0.623701	0.510297	0.626692	1.000000	0.334035	0.610759	0.627907	0.632696	0.566757	0.087020	0.635108	0.124967	0.118349	0.616780	0.566210	0.515645	0.583072	0.615000	0.597582	0.523039	0.567797	0.518343	0.494938	0.648855	0.629956	0.357089	0.619835	0.518041	0.571823	0.548263	0.626506	0.627178	0.086545	0.599315	0.440385	0.488599	0.592814	0.575305	0.481092	0.478528	0.567010	0.433028	0.561960	0.200084	0.575458	0.452752	0.359517	0.614565	0.571819	0.496158	0.582857	0.518002	0.581761	0.231405	0.597938	0.632000	0.587258	0.634043	0.196127	0.608108	0.623016	0.556548	0.587021	0.376789	0.547315	0.301648	0.493421	0.582133	0.532164	0.419065	0.545932	0.589820	0.577259	0.496158	0.356287	0.600000	0.159946	0.506104	0.489083	0.606383	0.528445	0.162236	0.581461	0.603939	0.146552	0.605128	0.496629	0.668182	0.594679	0.218951	0.093278	0.064877	0.236346	0.561828	0.642202	0.602606	0.540682	0.494600	0.602597	0.541176	0.537967	0.628571	0.641283	0.568600	0.629496	0.360061	0.646217	0.617600	0.386441	0.618375	0.094595	0.597843	0.626932	0.576653	0.593857	0.504484	0.472987	0.302606	0.641425	0.616702	0.368421	0.622807	0.421708	0.454191	0.586605	0.604811	0.444444	0.522050	0.078548	0.627767	0.473205	0.565276	0.134122	0.256742	0.568627	0.043352	0.602524	0.583120	0.637413	0.576705	0.235877	0.505568	0.283502	0.625899	0.014964	0.603221	0.638219	0.584475	0.614754	0.592705	0.615385	0.437500	0.264444	0.634259	0.393388	0.615641	0.471933	0.613583	0.595420	0.209139	0.491506	0.203854	0.403448	0.633880	0.659389	0.600939	0.614583	0.587800	0.633010	0.568389	0.540690	0.607306	0.361686	0.638950	0.557377	0.418278	0.644737	0.674510	0.565097	0.104800	0.410167	0.612137	0.626016	0.608315	0.473953	0.569733	0.380192	0.229952	0.636872	0.631579	0.645030	0.146057	0.610422	0.623377	0.625000	0.614400	0.423042	0.543563	0.574899	0.409807	0.524203	0.638532	0.455172	0.551546	0.612313	0.630394	0.572254	0.356021	0.445161	0.616162	0.627820	0.596434	0.556701	
0.411215	0.524747	0.558115	0.492481	0.293314	0.584367	0.630964	0.125270	0.516827	0.446891	0.416667	0.622766	0.424802	0.450904	0.503659	0.428665	0.574421	0.326991	0.411451	0.516827	0.627246	0.631495	0.508454	0.404555	0.437785	0.420899	0.616593	0.368132	0.342179	0.607203	0.209653	0.352533	0.414894	0.388323	0.645842	0.394347	0.520696	0.633579	0.282200	0.451777	0.558691	0.574575	0.642796	0.584877	0.418758	0.294540	0.631448	0.539517	0.539405	0.564256	0.416170	0.515115	0.591354	0.454255	0.334035	0.561773	0.369863	0.309117	0.356846	0.473485	0.586633	0.279710	0.580574	0.312722	0.610656	0.626208	0.319887	0.493185	0.341020	0.587107	0.446174	0.437173	0.608985	0.540223	0.452442	0.066596	0.362759	0.587294	0.614111	0.548724	0.373461	0.473118	0.318697	0.612360	0.409091	0.594079	0.486486	0.460358	0.142410	0.611741	0.300506	0.390541	0.549661	0.324629	0.598054	0.554478	0.416962	0.311522	0.577729	0.440104	0.480697	0.311522	0.491985	0.158626	0.604188	0.133648	0.563596	0.340603	0.612275	0.451861	0.191927	0.529894	0.250553	0.273455	0.538283	0.610516	0.327946	0.483406	0.635990	0.624386	0.576395	0.617275	0.139498	0.587234	0.153122	0.589024	0.454487	0.608128	0.468790	0.324629	0.601837	0.640761	0.285921	0.484433	0.519208	0.440965	0.517225	0.513595	0.238872	0.601861	0.597347	0.522156	0.506699	0.534442	0.570299	0.603516	0.596546	0.583103	0.123320	0.448768	0.489921	0.627721	0.453674	0.279710	0.622204	0.556295	0.496620	0.274709	0.590267	0.428005	0.561979	0.631723	0.138039	0.630454	0.632299	0.453846	0.391627	0.632790	0.533804	0.508128	0.644993	0.608321	0.526441	0.585576	0.626661	0.519493	0.358230	0.496652	0.509756	0.598601	0.636093	0.614697	0.534787	0.599684	0.607757	0.544186	0.539049	0.591380	0.545035	0.528604	0.260806	0.505296	0.610808	0.488257	0.626404	0.518429	0.589122	0.601320	0.569005	0.553069	0.621060	0.433530	0.567232	0.467218	0.459755	0.586002	0.353675	0.509135	0.461047	0.636812	0.403485	0.347947	0.606498	0.149649	0.380628	0.630631	0.509113	0.424818	0.633904	0.433703	0.182236	0.233631	0.433530	0.587616	0.396772	0.621293	0.637345	0.486120	0.608696	0.444156	0.166795	0.495122	0.126283	0.442283	0.415619	0.520644	0.517365	0.472500	0.500000	0.626866	0.323446	0.606820	0.617188	0.288392	0.227035	0.550029	0.349096	0.551091	0.438533	0.508516	0.522892	0.379263	0.461637	0.641493	0.306323	0.342179	0.234944	0.554444	0.580893	0.599504	0.434896	0.530303	0.398117	0.369505	0.347947	0.365887	0.450032	0.460948	0.628528	0.104009	0.596076	0.432963	0.371233	0.589848	0.498160	0.589407	0.152529	0.527369	0.328169	0.624015	0.626621	0.408300	0.475235	0.440104	0.451157	0.115873	0.465736	0.586558	0.624161	0.465057	0.372603	0.625832	0.149649	0.296987	0.593448	0.212349	0.539737	0.410904	0.550143	0.339860	0.585848	0.380628	0.334035	1.000000	0.469323	0.278463	0.328169	0.525253	0.369216	0.369505	0.470366	0.463086	0.292086	0.476961	0.541190	0.472590	0.240178	0.439791	0.544521	0.517803	0.579710	0.561480	0.385608	0.307912	0.634531	0.343336	0.532174	0.514047	0.546929	0.259531	0.424163	0.368119	0.437052	0.603318	0.590374	0.497217	0.532622	0.590216	0.138039	0.224383	0.624816	0.501522	0.594952	0.509047	0.569038	0.636164	0.421958	0.528571	0.579570	0.383989	0.574586	0.478233	0.604125	0.224383	0.361629	0.187786	0.326991	0.586493	0.442570	0.362010	0.493523	0.502766	0.634345	0.547660	0.601504	0.594304	0.512477	0.161115	0.611354	0.537697	0.494743	0.505199	0.590323	0.621444	0.240178	0.550318	0.580541	0.582306	0.420357	0.570115	0.536698	0.521373	0.311522	0.518942	0.439374	0.563350	0.290857	0.479849	0.607109	0.390615	0.286507	0.614242	0.529238	0.285921	0.461932	0.550555	0.596267	0.220390	0.158262	0.543453	0.388060	0.360497	0.508454	0.418605	0.639366	0.349096	0.471410	0.091640	0.422442	0.394917	0.476846	0.306705	0.518072	0.435179	0.584465	0.602073	0.628866	0.301860	0.323446	0.642570	0.310320	0.630005	0.609620	0.282200	0.429784	0.615385	0.559284	0.338707	0.358230	0.604747	0.536643	0.501556	0.625758	0.458680	0.199011	0.471257	0.228358	0.282200	0.511797	0.607347	0.592312	0.624810	0.415947	0.072469	0.501225	0.400538	0.288392	0.346555	0.499067	0.382573	0.596509	0.623499	0.280956	0.631774	0.451613	0.602826	0.274709	0.478803	0.594729	0.562227	0.594397	0.620199	0.409880	0.312722	0.474811	0.219055	0.404027	0.378415	0.489110	0.522103	0.288392	0.632653	0.311522	0.194677	0.625779	0.310320	0.372858	0.187786	0.426152	0.623923	0.212349	0.352533	0.311522	0.596473	0.490450	0.628805	0.614111	0.398385	0.263350	0.352288	0.514259	0.244083	0.220390	0.260806	0.475222	0.623301	0.542491	0.536095	0.615017	0.569042	0.406961	0.609980	0.548406	0.452903	0.394062	0.521633	0.639545	0.114376	0.234944	0.392978	0.464879	0.542609	
0.604255	0.644796	0.581006	0.640100	0.585284	0.595104	0.545599	0.043397	0.626866	0.655126	0.636996	0.535634	0.630705	0.635762	0.656434	0.634615	0.607248	0.591054	0.634697	0.617681	0.416179	0.445602	0.623407	0.628571	0.628032	0.168340	0.561093	0.606335	0.597809	0.361800	0.480300	0.601852	0.616034	0.611765	0.449761	0.614719	0.633867	0.437850	0.550085	0.595147	0.623085	0.544398	0.482936	0.315200	0.629681	0.560935	0.468032	0.276394	0.630435	0.274373	0.639665	0.650407	0.331650	0.618182	0.601266	0.596838	0.587706	0.589198	0.609495	0.639697	0.333333	0.572402	0.608440	0.579805	0.579810	0.433668	0.600000	0.633374	0.608150	0.601476	0.648865	0.636735	0.356239	0.643956	0.639581	0.022608	0.611872	0.565506	0.353998	0.625134	0.618834	0.639594	0.591276	0.518243	0.620199	0.535000	0.654135	0.635538	0.375258	0.551053	0.110877	0.652111	0.618999	0.599359	0.577586	0.635417	0.162709	0.580750	0.609207	0.632571	0.644526	0.580750	0.644150	0.055599	0.581916	0.354906	0.583899	0.127570	0.411921	0.630065	0.461538	0.619934	0.535461	0.563574	0.616541	0.548771	0.122246	0.636816	0.461913	0.462750	0.284066	0.399189	0.368530	0.579577	0.053565	0.336608	0.637566	0.565000	0.643501	0.573718	0.333333	0.469865	0.577703	0.646986	0.598919	0.632432	0.224950	0.628770	0.522523	0.595968	0.591575	0.640821	0.636042	0.641975	0.611452	0.543426	0.586762	0.614931	0.330508	0.638184	0.606635	0.428258	0.616580	0.572402	0.454041	0.265857	0.623501	0.559177	0.584973	0.632455	0.269310	0.511064	0.365145	0.506538	0.520372	0.615385	0.633721	0.544470	0.621145	0.612903	0.494055	0.543914	0.629213	0.615962	0.474026	0.237995	0.588055	0.628235	0.639906	0.507396	0.485275	0.543817	0.257601	0.584838	0.433255	0.647249	0.635165	0.617308	0.626198	0.598953	0.548951	0.216246	0.566993	0.623030	0.534624	0.635731	0.592105	0.566327	0.625641	0.625263	0.394197	0.618529	0.620266	0.647815	0.639474	0.305545	0.610169	0.638398	0.636481	0.385707	0.629471	0.605590	0.575916	0.391837	0.641902	0.518570	0.644783	0.168125	0.515088	0.628726	0.444444	0.515426	0.599455	0.323348	0.608069	0.544304	0.443794	0.635266	0.565408	0.637216	0.422311	0.625738	0.337553	0.643525	0.623955	0.225529	0.643101	0.609665	0.664260	0.510578	0.584270	0.567860	0.548207	0.558923	0.512821	0.621339	0.620155	0.619600	0.176286	0.643948	0.622837	0.618128	0.645914	0.502058	0.113267	0.610329	0.528986	0.577954	0.304482	0.551555	0.646030	0.630553	0.602305	0.627451	0.608696	0.593041	0.638522	0.637191	0.428650	0.035766	0.325889	0.616848	0.626687	0.567545	0.635603	0.596050	0.398374	0.633554	0.622010	0.524927	0.489152	0.639087	0.650873	0.646030	0.613368	0.312634	0.636015	0.298033	0.541377	0.632522	0.626687	0.506849	0.391837	0.575707	0.326700	0.500935	0.617155	0.607595	0.626050	0.599686	0.603883	0.621100	0.610759	0.469323	1.000000	0.576792	0.606061	0.613483	0.140064	0.627451	0.198739	0.188607	0.569514	0.619926	0.619895	0.639798	0.532374	0.623129	0.604797	0.625000	0.615385	0.608612	0.623529	0.590164	0.499664	0.612500	0.600858	0.622727	0.640943	0.553415	0.646575	0.139321	0.613514	0.560201	0.588672	0.657767	0.633819	0.590253	0.365145	0.511029	0.552167	0.625882	0.310848	0.654335	0.545130	0.501351	0.625869	0.640361	0.603561	0.602056	0.619469	0.633838	0.356078	0.518382	0.618902	0.460348	0.610224	0.305072	0.633690	0.590909	0.623188	0.647482	0.513437	0.618337	0.427912	0.604869	0.642353	0.413655	0.544164	0.620915	0.645631	0.646081	0.601687	0.491957	0.521583	0.251596	0.618732	0.600746	0.630556	0.620908	0.255016	0.640553	0.557912	0.231492	0.628880	0.588910	0.590604	0.633962	0.338197	0.149838	0.105165	0.363134	0.631111	0.564189	0.636364	0.618736	0.593346	0.506470	0.411290	0.608789	0.634361	0.613740	0.632677	0.637640	0.506089	0.595349	0.642766	0.252772	0.645429	0.151889	0.638509	0.594417	0.622837	0.611860	0.604962	0.583993	0.441874	0.588430	0.584270	0.506906	0.571895	0.550000	0.590525	0.550085	0.626016	0.557486	0.613065	0.126770	0.612557	0.592140	0.631813	0.212686	0.391045	0.609375	0.070761	0.632911	0.515539	0.570458	0.627907	0.362466	0.607211	0.425068	0.629213	0.024651	0.646007	0.604317	0.558923	0.614907	0.628993	0.600592	0.547855	0.400818	0.557823	0.541728	0.634082	0.577818	0.552316	0.653514	0.324013	0.587103	0.316339	0.524316	0.632624	0.599349	0.636478	0.507407	0.614060	0.640835	0.631450	0.633371	0.542088	0.498289	0.606852	0.448276	0.544049	0.594771	0.618619	0.452611	0.167731	0.538165	0.493458	0.595679	0.577488	0.600881	0.628916	0.515625	0.353998	0.614719	0.554007	0.600924	0.230747	0.525939	0.521257	0.534965	0.635083	0.552486	0.616216	0.637681	0.537750	0.614158	0.641940	0.580700	0.635193	0.644650	0.621190	0.653302	0.505023	0.309013	0.532609	0.636628	0.641656	0.635193	
0.572565	0.521994	0.417431	0.549085	0.631313	0.444186	0.362606	0.021386	0.526158	0.593807	0.611219	0.339523	0.610365	0.585895	0.545736	0.589354	0.451770	0.622642	0.611440	0.523169	0.228980	0.251638	0.514372	0.610442	0.596296	0.085733	0.368522	0.616052	0.640732	0.194332	0.598187	0.614350	0.585462	0.594142	0.261224	0.590631	0.529762	0.242424	0.620155	0.543890	0.478764	0.376869	0.284234	0.167102	0.574181	0.619647	0.272534	0.144960	0.515320	0.143820	0.607004	0.531108	0.176633	0.563380	0.637209	0.454321	0.589247	0.635697	0.611973	0.567063	0.177613	0.628571	0.465116	0.674757	0.401254	0.241206	0.626794	0.542811	0.623853	0.430839	0.581353	0.596623	0.191045	0.511299	0.602496	0.011081	0.624176	0.382470	0.189723	0.491084	0.616702	0.566553	0.613909	0.336547	0.618762	0.376754	0.557047	0.569420	0.544170	0.372093	0.055612	0.622680	0.481338	0.649289	0.398747	0.488127	0.082741	0.647202	0.449328	0.576710	0.543372	0.642336	0.548644	0.027486	0.417486	0.512635	0.451146	0.064268	0.228980	0.571936	0.616352	0.509142	0.602210	0.626316	0.499314	0.362606	0.061499	0.558140	0.266852	0.265010	0.149300	0.216704	0.548043	0.424859	0.026466	0.179523	0.584838	0.384770	0.573913	0.606635	0.177613	0.269663	0.651282	0.553191	0.489627	0.591078	0.116328	0.527273	0.640227	0.406816	0.424719	0.515556	0.534776	0.519594	0.474227	0.364672	0.419214	0.450980	0.503704	0.574040	0.526480	0.236453	0.568421	0.633766	0.270613	0.139030	0.537975	0.640420	0.414847	0.597303	0.140969	0.320267	0.557143	0.306954	0.320802	0.569912	0.637860	0.351971	0.504249	0.510511	0.292683	0.350365	0.517442	0.438007	0.286996	0.123512	0.634146	0.533951	0.539535	0.332174	0.282353	0.372915	0.134407	0.419426	0.254980	0.496552	0.525424	0.448687	0.496608	0.464807	0.637838	0.111563	0.373777	0.539326	0.336547	0.527273	0.433875	0.392197	0.476067	0.494652	0.213689	0.575188	0.477419	0.579861	0.584229	0.161548	0.648770	0.534776	0.570928	0.208582	0.607646	0.619910	0.402542	0.541667	0.607219	0.313469	0.543779	0.085619	0.313982	0.597015	0.617363	0.630372	0.563910	0.171812	0.581301	0.361582	0.254980	0.552716	0.403415	0.587156	0.593333	0.536434	0.544118	0.585009	0.577519	0.116646	0.527407	0.532231	0.572337	0.315789	0.650831	0.384384	0.364672	0.581633	0.610465	0.485411	0.618510	0.492637	0.089972	0.539291	0.538346	0.628450	0.576450	0.305732	0.056847	0.613272	0.651429	0.437267	0.160939	0.376471	0.606285	0.510402	0.585366	0.629067	0.647059	0.588235	0.575540	0.571429	0.236017	0.017590	0.173285	0.588015	0.610753	0.389744	0.522835	0.416667	0.537931	0.505682	0.663529	0.330465	0.291130	0.633267	0.563333	0.591497	0.581105	0.505660	0.564544	0.157248	0.351971	0.583765	0.640860	0.305246	0.576389	0.621554	0.173756	0.624625	0.485411	0.585462	0.490667	0.616092	0.451691	0.615711	0.627907	0.278463	0.576792	1.000000	0.630588	0.520349	0.070796	0.629067	0.102046	0.096579	0.627848	0.549918	0.488712	0.540541	0.615819	0.574109	0.486129	0.528701	0.465582	0.448399	0.619247	0.627451	0.298368	0.630137	0.495890	0.525074	0.506156	0.639566	0.602273	0.070407	0.598513	0.386318	0.429714	0.562701	0.520984	0.421634	0.557143	0.608187	0.367816	0.530864	0.164595	0.530920	0.403490	0.300469	0.615087	0.516788	0.436994	0.601253	0.461350	0.572881	0.190950	0.631579	0.616740	0.609524	0.646226	0.161277	0.600733	0.602620	0.533546	0.553797	0.316832	0.491848	0.250653	0.436490	0.533951	0.594595	0.360225	0.511173	0.549839	0.543750	0.434682	0.297674	0.661017	0.131058	0.444444	0.432184	0.594595	0.491275	0.132964	0.534535	0.618005	0.119925	0.589981	0.436019	0.649746	0.556492	0.180451	0.075934	0.052668	0.195122	0.510029	0.646154	0.570423	0.488827	0.434091	0.613569	0.578231	0.487004	0.630480	0.657837	0.517398	0.592157	0.300940	0.623025	0.576857	0.441767	0.584615	0.077016	0.567164	0.638821	0.523308	0.570370	0.446809	0.408556	0.251473	0.645161	0.636580	0.308186	0.604878	0.356215	0.391837	0.620155	0.574627	0.381331	0.466583	0.063851	0.629712	0.407211	0.516499	0.109620	0.212389	0.558304	0.035120	0.551020	0.626087	0.645995	0.534954	0.194726	0.446009	0.235150	0.596078	0.012089	0.543171	0.628803	0.612245	0.624434	0.552288	0.569620	0.378218	0.218928	0.621762	0.329897	0.587387	0.408297	0.635171	0.568144	0.172197	0.446834	0.167759	0.344704	0.592445	0.645631	0.563238	0.621302	0.610101	0.631130	0.552288	0.530191	0.627551	0.305004	0.642336	0.587500	0.351648	0.634146	0.620690	0.577778	0.085409	0.350685	0.612613	0.627803	0.632603	0.411576	0.528662	0.318408	0.189723	0.586558	0.655914	0.635347	0.119514	0.621849	0.619469	0.621622	0.576857	0.360563	0.508990	0.512230	0.350365	0.464419	0.629259	0.396285	0.498630	0.580180	0.611910	0.544892	0.297444	0.500000	0.605714	0.617284	0.560420	0.504110	
0.599265	0.567082	0.455641	0.598131	0.627002	0.486127	0.421818	0.025893	0.563380	0.613559	0.620072	0.394198	0.629893	0.629630	0.568513	0.624339	0.497674	0.632258	0.616788	0.552113	0.271246	0.297384	0.535613	0.638219	0.609294	0.103097	0.428440	0.593625	0.644351	0.231036	0.569892	0.620123	0.618182	0.628131	0.308405	0.605263	0.569425	0.286769	0.588785	0.546624	0.511002	0.423372	0.334770	0.199230	0.600000	0.621005	0.321379	0.173234	0.537549	0.171892	0.623423	0.588571	0.210384	0.594417	0.641189	0.505288	0.577075	0.626667	0.569106	0.590476	0.211530	0.619718	0.503497	0.626932	0.454910	0.285364	0.627451	0.578788	0.628931	0.487541	0.622449	0.623693	0.227206	0.558077	0.621262	0.013432	0.616935	0.436364	0.225666	0.550649	0.629921	0.596491	0.615721	0.387479	0.630996	0.417709	0.590267	0.609836	0.506173	0.426841	0.067089	0.619772	0.515892	0.634989	0.458458	0.535670	0.099530	0.637168	0.497674	0.601375	0.567485	0.637168	0.583832	0.033257	0.466527	0.471698	0.494253	0.077460	0.271246	0.596026	0.562674	0.545213	0.635236	0.608076	0.527273	0.416364	0.074145	0.590980	0.314865	0.312752	0.178339	0.257033	0.527950	0.488121	0.032027	0.213761	0.588235	0.442733	0.613636	0.587473	0.211530	0.318089	0.631090	0.598160	0.515707	0.618307	0.139437	0.570613	0.624365	0.463265	0.470462	0.572626	0.549419	0.550685	0.526316	0.416819	0.474399	0.508751	0.463023	0.615646	0.547584	0.279880	0.579378	0.629108	0.319178	0.166250	0.564636	0.639810	0.476489	0.607143	0.168535	0.375806	0.492212	0.360681	0.376414	0.574257	0.618596	0.408127	0.546185	0.557284	0.344420	0.409850	0.567901	0.493363	0.336476	0.147937	0.605691	0.566038	0.588921	0.386230	0.332620	0.428302	0.160801	0.477297	0.301228	0.545692	0.566088	0.496018	0.529563	0.501259	0.627737	0.133793	0.428975	0.581325	0.392555	0.576320	0.489480	0.439409	0.520885	0.537389	0.253536	0.600349	0.526961	0.606159	0.614357	0.192721	0.635246	0.572674	0.607843	0.247609	0.620818	0.629400	0.458883	0.522796	0.632812	0.368088	0.580925	0.102961	0.368671	0.644714	0.562500	0.589744	0.568935	0.204745	0.592871	0.417044	0.301228	0.578711	0.456033	0.597270	0.563050	0.562682	0.479233	0.608844	0.614004	0.139814	0.567039	0.554180	0.600000	0.370724	0.627706	0.436538	0.418647	0.572748	0.602597	0.533333	0.636364	0.538071	0.108146	0.576812	0.560907	0.640625	0.613115	0.359291	0.068570	0.606695	0.598465	0.477541	0.192007	0.429783	0.625430	0.543307	0.622889	0.645418	0.641822	0.592000	0.599665	0.588816	0.279376	0.021307	0.206469	0.587826	0.620553	0.440945	0.562130	0.474292	0.501511	0.558389	0.643777	0.385702	0.342647	0.618519	0.580343	0.594502	0.584718	0.457516	0.604502	0.187676	0.402827	0.603226	0.644269	0.358737	0.528875	0.636364	0.207019	0.604278	0.513208	0.581818	0.525917	0.647059	0.506329	0.613281	0.632696	0.328169	0.606061	0.630588	1.000000	0.559671	0.085270	0.645418	0.122503	0.116007	0.637615	0.576687	0.521411	0.575039	0.617722	0.592334	0.523810	0.557610	0.511905	0.493213	0.643545	0.650334	0.350904	0.630480	0.518807	0.556328	0.551813	0.624390	0.632689	0.084804	0.583765	0.428986	0.482533	0.588235	0.565574	0.481521	0.479751	0.569191	0.427650	0.557329	0.196293	0.556818	0.442589	0.353298	0.620072	0.556474	0.483444	0.603846	0.509346	0.589540	0.227096	0.610966	0.626263	0.573034	0.640860	0.192403	0.616695	0.629259	0.578711	0.594354	0.371907	0.537967	0.296249	0.485116	0.577649	0.540059	0.419151	0.544254	0.582202	0.566814	0.476821	0.350113	0.587342	0.156850	0.497768	0.482986	0.597496	0.521628	0.159099	0.571429	0.610619	0.143694	0.610345	0.483616	0.639080	0.580442	0.214846	0.091408	0.063557	0.231956	0.546685	0.617169	0.607553	0.536328	0.482085	0.578947	0.519403	0.518135	0.615385	0.643725	0.552707	0.602541	0.353834	0.636364	0.600000	0.393103	0.606061	0.092699	0.599379	0.647321	0.563739	0.592083	0.493799	0.459016	0.297194	0.630631	0.619048	0.362082	0.629712	0.416443	0.452498	0.616822	0.599653	0.438931	0.510791	0.076961	0.613821	0.469512	0.552846	0.131490	0.252028	0.566722	0.042460	0.588235	0.575130	0.630841	0.560801	0.231495	0.488242	0.278375	0.627949	0.014652	0.572271	0.606742	0.581986	0.637681	0.600306	0.598058	0.435775	0.259610	0.627635	0.386722	0.614094	0.466040	0.625592	0.590769	0.205196	0.485194	0.200000	0.401732	0.628676	0.635762	0.599369	0.606860	0.604478	0.635294	0.591118	0.544444	0.595843	0.358462	0.659292	0.576177	0.407767	0.647450	0.633663	0.550562	0.102711	0.408451	0.631016	0.632444	0.619469	0.459959	0.576981	0.373697	0.225666	0.593985	0.634383	0.618852	0.143208	0.613065	0.594737	0.622871	0.612903	0.419530	0.547120	0.548913	0.406332	0.501188	0.629630	0.453465	0.542153	0.600671	0.628788	0.590975	0.349850	0.452459	0.639386	0.629981	0.598039	0.544747	
0.592317	0.645030	0.583333	0.625414	0.520000	0.634021	0.586941	0.054326	0.645427	0.626026	0.618758	0.579791	0.615758	0.637106	0.640674	0.612048	0.628673	0.560440	0.611591	0.626927	0.468450	0.512568	0.627979	0.615960	0.623223	0.207401	0.600297	0.583007	0.577598	0.426316	0.428346	0.570667	0.605166	0.598465	0.508455	0.583648	0.651639	0.501059	0.518090	0.610169	0.629047	0.587605	0.538973	0.381245	0.597813	0.524964	0.527729	0.335930	0.636008	0.333557	0.611247	0.650052	0.395480	0.649083	0.572207	0.631957	0.577373	0.532959	0.564238	0.636058	0.400649	0.507983	0.635147	0.553073	0.636003	0.492616	0.526316	0.637053	0.575676	0.608769	0.613396	0.616487	0.423509	0.642292	0.638150	0.028378	0.569170	0.616208	0.420962	0.646660	0.586252	0.617978	0.549237	0.574394	0.603727	0.606759	0.628889	0.627721	0.310051	0.604790	0.137606	0.603295	0.632747	0.550964	0.613312	0.636535	0.200607	0.548252	0.623330	0.610651	0.638251	0.553846	0.646617	0.069492	0.613618	0.292599	0.640777	0.157987	0.463402	0.641292	0.401929	0.640394	0.483483	0.497076	0.629235	0.584006	0.151497	0.631347	0.515204	0.525956	0.344924	0.465318	0.304274	0.610597	0.066968	0.401146	0.615385	0.603687	0.637088	0.553719	0.400649	0.527778	0.512968	0.625137	0.646543	0.627078	0.275173	0.626556	0.474886	0.600161	0.606365	0.637385	0.626709	0.618328	0.635185	0.593957	0.626230	0.632143	0.271777	0.589894	0.625793	0.488589	0.633867	0.510885	0.508416	0.323549	0.641026	0.513869	0.616393	0.609964	0.327609	0.570858	0.301370	0.559486	0.568954	0.623705	0.594937	0.580645	0.625743	0.655670	0.550743	0.588571	0.622984	0.623822	0.535932	0.290653	0.580132	0.636555	0.630137	0.566713	0.542067	0.594104	0.313825	0.621488	0.503867	0.623907	0.642292	0.602452	0.626321	0.609272	0.504451	0.264816	0.603318	0.625674	0.582699	0.616183	0.615780	0.613459	0.623955	0.638783	0.464541	0.622010	0.643188	0.636364	0.624130	0.370011	0.588549	0.628812	0.619429	0.446620	0.609238	0.563003	0.613782	0.324324	0.583226	0.570307	0.636649	0.207141	0.572364	0.630952	0.386992	0.459418	0.610048	0.390705	0.587940	0.597365	0.503867	0.625806	0.614021	0.617197	0.357616	0.653319	0.277778	0.613396	0.614634	0.275862	0.637385	0.638064	0.615220	0.561842	0.562759	0.598619	0.595431	0.514368	0.453704	0.620038	0.567604	0.622265	0.216973	0.623295	0.625387	0.588387	0.636884	0.552564	0.140530	0.564103	0.464832	0.613165	0.368773	0.607251	0.613018	0.640000	0.600503	0.577778	0.571046	0.597641	0.637209	0.606200	0.495080	0.044818	0.392857	0.620525	0.598179	0.594214	0.615548	0.615132	0.329966	0.640873	0.545953	0.572988	0.553296	0.595268	0.630531	0.598817	0.626590	0.256591	0.623729	0.361253	0.576344	0.629672	0.592978	0.565941	0.324324	0.529161	0.392204	0.436421	0.627599	0.607626	0.648956	0.571042	0.627208	0.593548	0.566757	0.525253	0.613483	0.520349	0.559671	1.000000	0.173184	0.577778	0.243914	0.231776	0.532189	0.631694	0.626301	0.627232	0.474164	0.614098	0.637135	0.652174	0.632820	0.629468	0.601023	0.544944	0.563168	0.560647	0.640232	0.637475	0.641546	0.490342	0.615385	0.172282	0.610451	0.588598	0.619169	0.637149	0.637186	0.614876	0.301370	0.455108	0.586053	0.628151	0.376185	0.649431	0.609337	0.549937	0.591961	0.643074	0.626176	0.597701	0.636282	0.630872	0.425054	0.445820	0.572559	0.397415	0.565934	0.369460	0.614118	0.582677	0.632258	0.643162	0.565963	0.636538	0.491285	0.617094	0.628151	0.346667	0.597080	0.649020	0.630670	0.627119	0.629598	0.548306	0.468085	0.306741	0.628128	0.630324	0.610706	0.627264	0.310777	0.661856	0.542657	0.282944	0.623962	0.623693	0.524355	0.628763	0.407895	0.185040	0.130612	0.433099	0.640719	0.524496	0.630734	0.635294	0.623311	0.447900	0.341137	0.629952	0.607918	0.575958	0.623834	0.619165	0.553165	0.578313	0.636467	0.206148	0.604369	0.187524	0.652701	0.548523	0.608875	0.616114	0.619130	0.587571	0.506827	0.545969	0.554483	0.561290	0.537815	0.594790	0.609034	0.518090	0.616667	0.614798	0.610757	0.157012	0.572185	0.635124	0.629371	0.260573	0.454545	0.616092	0.088272	0.632287	0.459168	0.497829	0.634096	0.430580	0.622837	0.492514	0.614251	0.030934	0.616366	0.592221	0.528736	0.579088	0.639738	0.578406	0.596651	0.465500	0.513043	0.591281	0.619325	0.601639	0.510949	0.639650	0.391476	0.629273	0.382568	0.592384	0.604709	0.550279	0.657748	0.442368	0.615770	0.584735	0.615721	0.628688	0.514368	0.551504	0.537063	0.410256	0.574499	0.535014	0.593750	0.397415	0.206667	0.574696	0.439560	0.570667	0.562238	0.619240	0.650215	0.564238	0.422680	0.596226	0.497041	0.580559	0.282059	0.475038	0.444790	0.492582	0.627407	0.593134	0.634859	0.634635	0.587143	0.628054	0.605230	0.612726	0.638298	0.619325	0.591656	0.618947	0.552978	0.253521	0.467890	0.600000	0.605714	0.634429	
0.112214	0.171269	0.230041	0.145010	0.075055	0.226441	0.284309	0.445991	0.167105	0.127751	0.116970	0.304327	0.118324	0.129090	0.159367	0.120014	0.214030	0.084919	0.113575	0.167105	0.427274	0.399939	0.164533	0.110509	0.124731	0.584935	0.279513	0.097800	0.089465	0.470068	0.051759	0.092599	0.114255	0.103661	0.390476	0.108118	0.168067	0.412138	0.071863	0.138410	0.201135	0.268410	0.361446	0.494958	0.117647	0.075409	0.374632	0.521004	0.182702	0.562905	0.115952	0.163888	0.505961	0.134094	0.087020	0.211282	0.099183	0.079648	0.094336	0.141055	0.476534	0.071152	0.213420	0.080704	0.255128	0.415561	0.082814	0.150910	0.089116	0.233029	0.127081	0.122376	0.476879	0.179541	0.131762	0.263623	0.095723	0.268696	0.481031	0.186167	0.099873	0.140064	0.082463	0.307070	0.111532	0.266976	0.143364	0.134427	0.034191	0.276680	0.623859	0.106063	0.201135	0.084218	0.255418	0.195240	0.653858	0.080352	0.214030	0.125067	0.148292	0.080352	0.153520	0.512861	0.242821	0.031973	0.217073	0.632955	0.422808	0.132429	0.047032	0.180490	0.062940	0.069373	0.186167	0.284309	0.667494	0.145339	0.382466	0.383418	0.545980	0.445978	0.033452	0.233924	0.504374	0.478618	0.129424	0.266976	0.136420	0.084218	0.496806	0.380260	0.072928	0.148292	0.184279	0.124059	0.600168	0.164211	0.059707	0.249875	0.235413	0.169029	0.160014	0.173503	0.200825	0.282619	0.243116	0.213115	0.029379	0.127081	0.158395	0.414166	0.134759	0.071152	0.379625	0.565496	0.155148	0.069729	0.243116	0.117647	0.562081	0.322808	0.033083	0.336671	0.322270	0.133095	0.106406	0.293264	0.178907	0.166141	0.352330	0.294654	0.173184	0.227342	0.358106	0.542398	0.094336	0.160338	0.159367	0.309532	0.363750	0.272982	0.530328	0.240161	0.387718	0.184909	0.179541	0.219803	0.188679	0.193682	0.065804	0.603867	0.273837	0.152216	0.307070	0.164211	0.227042	0.260060	0.199897	0.192122	0.443469	0.122039	0.200516	0.136752	0.130761	0.532291	0.092947	0.160014	0.135092	0.458654	0.110168	0.091208	0.251337	0.036036	0.101252	0.329769	0.161307	0.627192	0.329235	0.123386	0.044478	0.058267	0.122039	0.502268	0.108460	0.285152	0.398717	0.153194	0.249289	0.126410	0.040449	0.159367	0.030120	0.127081	0.116631	0.576812	0.169029	0.146324	0.154172	0.327366	0.083867	0.267263	0.282619	0.073638	0.056464	0.193994	0.091556	0.191809	0.639235	0.160661	0.165819	0.101252	0.134427	0.337992	0.635015	0.089465	0.058627	0.209752	0.508753	0.273267	0.125067	0.183649	0.108460	0.097800	0.091208	0.097109	0.130093	0.133761	0.414579	0.389058	0.505788	0.122713	0.099183	0.260349	0.156123	0.241935	0.036773	0.178273	0.085270	0.312802	0.352571	0.110850	0.144681	0.125067	0.131762	0.027521	0.138410	0.532745	0.293264	0.137747	0.099183	0.338520	0.036036	0.076117	0.492138	0.052485	0.193994	0.114255	0.192746	0.088767	0.216769	0.101252	0.087020	0.369216	0.140064	0.070796	0.085270	0.173184	1.000000	0.097800	0.570487	0.601154	0.074701	0.148292	0.193682	0.142045	0.060067	0.122376	0.194928	0.164854	0.207912	0.221316	0.103661	0.079295	0.346136	0.089814	0.186482	0.169990	0.186796	0.065446	0.120690	0.641700	0.124059	0.265827	0.230938	0.151890	0.174141	0.240161	0.033083	0.055741	0.280079	0.160338	0.519463	0.165176	0.243411	0.343463	0.116970	0.172227	0.227942	0.104004	0.212810	0.141385	0.466033	0.055741	0.095377	0.045938	0.084919	0.520954	0.126745	0.096762	0.153194	0.155148	0.326296	0.188366	0.396835	0.228242	0.160338	0.038981	0.286276	0.182071	0.151890	0.157746	0.227942	0.346288	0.060067	0.569887	0.224936	0.229442	0.117308	0.191184	0.538345	0.166141	0.080352	0.587479	0.124395	0.221618	0.074347	0.142375	0.496373	0.606715	0.630768	0.470034	0.176368	0.072928	0.134094	0.182071	0.232432	0.054657	0.038245	0.186796	0.104004	0.095030	0.164533	0.114595	0.343255	0.091556	0.137747	0.021554	0.117986	0.646120	0.145667	0.078943	0.165819	0.124731	0.222222	0.248703	0.400792	0.077531	0.083867	0.335348	0.080000	0.289637	0.261794	0.071863	0.123386	0.269555	0.206069	0.646282	0.094336	0.251045	0.176050	0.608685	0.454147	0.133428	0.571929	0.140725	0.056825	0.071863	0.163566	0.475471	0.224033	0.416904	0.114595	0.284317	0.156773	0.108802	0.073638	0.091208	0.148620	0.102285	0.270413	0.446571	0.071508	0.313346	0.129759	0.243116	0.069729	0.147637	0.507840	0.219500	0.509756	0.299643	0.112214	0.080704	0.142375	0.054295	0.109485	0.100563	0.148620	0.170309	0.073638	0.338784	0.080352	0.047761	0.293542	0.080000	0.098837	0.045938	0.642198	0.294377	0.052485	0.092599	0.080352	0.248117	0.153846	0.324688	0.484428	0.108118	0.066519	0.092947	0.558342	0.061145	0.054657	0.065804	0.137747	0.285995	0.184279	0.175414	0.294654	0.208526	0.110850	0.258612	0.186482	0.129759	0.106749	0.159690	0.347181	0.027149	0.058627	0.106406	0.135092	0.186482	
0.593103	0.592885	0.499473	0.613569	0.600423	0.518677	0.454225	0.029834	0.581769	0.635783	0.636364	0.438742	0.615385	0.625397	0.592798	0.636816	0.549107	0.614770	0.623288	0.565684	0.306727	0.335621	0.577236	0.653913	0.645057	0.118086	0.470063	0.598513	0.645914	0.262056	0.549020	0.627151	0.631399	0.648649	0.347770	0.598592	0.608812	0.323901	0.590517	0.547112	0.555035	0.457407	0.376751	0.226526	0.587248	0.590717	0.362046	0.197359	0.583648	0.195850	0.626058	0.614130	0.239005	0.592248	0.615385	0.527621	0.564576	0.609053	0.587121	0.618619	0.240286	0.619048	0.554810	0.629857	0.493230	0.322349	0.630303	0.589080	0.619883	0.523462	0.634615	0.645902	0.257786	0.603822	0.614420	0.015491	0.650376	0.468085	0.256069	0.570720	0.632353	0.627451	0.599190	0.428571	0.636678	0.448372	0.632987	0.622291	0.461111	0.459874	0.077055	0.615658	0.557377	0.605210	0.492754	0.574850	0.114031	0.618852	0.542411	0.624595	0.616279	0.647541	0.610795	0.038297	0.506048	0.423729	0.520971	0.088896	0.306727	0.609375	0.531646	0.581218	0.610478	0.603939	0.558313	0.459507	0.085113	0.594993	0.354881	0.352556	0.203096	0.290968	0.480447	0.511435	0.036885	0.242780	0.643423	0.483721	0.625767	0.585170	0.240286	0.358428	0.625268	0.613372	0.540000	0.647154	0.159266	0.597015	0.595349	0.503937	0.525336	0.603723	0.621547	0.590078	0.558030	0.454867	0.515609	0.548712	0.403458	0.663462	0.567455	0.316285	0.596600	0.601732	0.358289	0.189503	0.581100	0.620087	0.497482	0.661074	0.192074	0.420063	0.459384	0.402108	0.417582	0.591900	0.628774	0.453767	0.579821	0.567968	0.387329	0.450128	0.596078	0.529787	0.377385	0.168864	0.598485	0.593103	0.637119	0.422168	0.374391	0.470803	0.183367	0.510682	0.339861	0.583541	0.596178	0.550820	0.565111	0.522892	0.626398	0.152884	0.473157	0.614286	0.438424	0.618725	0.532481	0.477640	0.562353	0.576970	0.287086	0.617406	0.556338	0.643185	0.633071	0.219234	0.629771	0.599448	0.629630	0.280501	0.609756	0.643545	0.503428	0.482192	0.649635	0.410138	0.604396	0.117931	0.413846	0.636215	0.546392	0.586854	0.568144	0.232699	0.583480	0.460053	0.339861	0.608819	0.499014	0.627010	0.530504	0.570637	0.446991	0.621795	0.613828	0.159691	0.598404	0.577713	0.620397	0.412993	0.594378	0.475836	0.460177	0.571429	0.546318	0.572804	0.630769	0.575243	0.123820	0.614325	0.590296	0.631387	0.622291	0.403601	0.078747	0.599222	0.580796	0.501134	0.218433	0.468551	0.653722	0.568922	0.629174	1.000000	0.620424	0.589552	0.606635	0.621118	0.315728	0.024558	0.234627	0.599018	0.605166	0.475285	0.592697	0.509606	0.479564	0.588988	0.653386	0.432607	0.382521	0.631944	0.611521	0.611650	0.623824	0.426901	0.635258	0.213577	0.450342	0.621951	0.660517	0.402996	0.493151	0.596639	0.235243	0.556098	0.553550	0.597270	0.568319	0.617188	0.554696	0.605839	0.635108	0.369505	0.627451	0.629067	0.645418	0.577778	0.097800	1.000000	0.140104	0.132741	0.644068	0.581395	0.568675	0.627803	0.593968	0.632787	0.539568	0.584574	0.561644	0.523913	0.619820	0.643299	0.394428	0.640777	0.542751	0.582781	0.574257	0.636771	0.624793	0.097270	0.595122	0.478058	0.521008	0.612303	0.593750	0.516785	0.453782	0.553699	0.474576	0.604138	0.223237	0.591892	0.478873	0.395572	0.616162	0.603675	0.526539	0.586331	0.551570	0.623688	0.257663	0.591885	0.647834	0.551020	0.626747	0.218877	0.632424	0.613084	0.614509	0.620592	0.414275	0.563346	0.334369	0.525981	0.595862	0.504021	0.463692	0.564943	0.629471	0.602510	0.526539	0.389173	0.584687	0.178916	0.540773	0.525871	0.631933	0.591241	0.181450	0.600269	0.598361	0.164074	0.610390	0.510315	0.649682	0.608955	0.243991	0.104792	0.073018	0.263081	0.580645	0.591006	0.632558	0.592686	0.514107	0.552885	0.501348	0.559406	0.654676	0.656604	0.550136	0.633731	0.397635	0.653846	0.628049	0.349693	0.673367	0.106261	0.614706	0.623967	0.598383	0.576985	0.552546	0.498024	0.335411	0.637500	0.626506	0.405140	0.599589	0.460606	0.495743	0.568966	0.616639	0.479705	0.549425	0.088327	0.632576	0.507843	0.599483	0.150279	0.285411	0.618974	0.048860	0.595489	0.578199	0.607759	0.593197	0.262567	0.536060	0.314620	0.640545	0.016896	0.607843	0.617544	0.571429	0.631985	0.621190	0.588022	0.467341	0.293829	0.596112	0.431910	0.642405	0.511581	0.620087	0.620991	0.233203	0.512035	0.227388	0.436608	0.637931	0.646217	0.620896	0.612048	0.615385	0.641026	0.606676	0.595238	0.571429	0.401198	0.643443	0.559194	0.451668	0.616016	0.624769	0.525510	0.117647	0.443686	0.570732	0.627151	0.610656	0.506931	0.570213	0.416212	0.256069	0.577465	0.587973	0.622137	0.163526	0.580645	0.581731	0.626398	0.631098	0.464098	0.567500	0.598446	0.443308	0.548975	0.663194	0.495220	0.577447	0.617089	0.641844	0.611342	0.393275	0.416422	0.608899	0.674956	0.629630	0.579926	
0.160227	0.241320	0.319925	0.205528	0.108079	0.315169	0.387111	0.334755	0.235672	0.181772	0.166838	0.411086	0.168718	0.183622	0.225149	0.171063	0.298714	0.122009	0.162120	0.235672	0.521756	0.501121	0.232178	0.157854	0.177596	0.639094	0.384076	0.140104	0.128407	0.572549	0.074933	0.132810	0.163066	0.148302	0.485048	0.154522	0.236979	0.510981	0.103558	0.196465	0.281521	0.370151	0.468499	0.609477	0.167778	0.108581	0.481621	0.635368	0.256773	0.588527	0.165425	0.231303	0.564740	0.190524	0.124967	0.295058	0.142040	0.114572	0.135248	0.200101	0.597004	0.102550	0.297903	0.116064	0.352860	0.505733	0.119041	0.213607	0.127916	0.323868	0.180846	0.174335	0.573390	0.252508	0.187310	0.187789	0.137194	0.370522	0.571904	0.261441	0.143006	0.198739	0.118546	0.418142	0.159278	0.368289	0.203270	0.190983	0.049700	0.380866	0.570595	0.151656	0.281521	0.121021	0.353240	0.273628	0.589027	0.115567	0.298714	0.178061	0.210025	0.115567	0.217174	0.403919	0.336749	0.046499	0.302757	0.574514	0.529668	0.188229	0.068163	0.253790	0.090885	0.100027	0.261441	0.388914	0.570716	0.205978	0.484433	0.494615	0.597211	0.541254	0.048634	0.325047	0.391771	0.597680	0.184083	0.367832	0.193728	0.121021	0.585093	0.484281	0.105068	0.210025	0.258898	0.176666	0.610180	0.231741	0.086281	0.345994	0.327009	0.238283	0.226031	0.244346	0.281107	0.388087	0.337136	0.297497	0.042751	0.180846	0.223825	0.532081	0.191441	0.102550	0.471030	0.598274	0.219397	0.100532	0.337136	0.167778	0.605604	0.435561	0.048101	0.447948	0.430070	0.189148	0.152135	0.397315	0.251652	0.234363	0.460456	0.401788	0.243914	0.316360	0.470638	0.654747	0.135248	0.226471	0.225149	0.421285	0.469719	0.375171	0.644965	0.333256	0.512180	0.259747	0.252508	0.306379	0.264820	0.271539	0.094959	0.617212	0.374915	0.215392	0.416372	0.231741	0.315963	0.359292	0.279865	0.269445	0.556414	0.173869	0.280693	0.194185	0.185928	0.578527	0.133298	0.226031	0.191899	0.540996	0.157379	0.130856	0.347907	0.052359	0.144935	0.443093	0.227792	0.609613	0.436767	0.175734	0.064499	0.084227	0.173869	0.598504	0.154999	0.389102	0.495803	0.216729	0.345227	0.179918	0.058712	0.225149	0.043824	0.180846	0.166367	0.645780	0.238283	0.207329	0.218064	0.436126	0.120526	0.368661	0.387184	0.106073	0.081655	0.271957	0.131345	0.269026	0.597620	0.226912	0.233927	0.144935	0.190983	0.441424	0.561082	0.128407	0.084741	0.293021	0.607112	0.376449	0.178061	0.258049	0.154999	0.140104	0.130856	0.139135	0.185006	0.190066	0.527367	0.283312	0.589097	0.174802	0.142040	0.359669	0.220727	0.335586	0.053421	0.250796	0.122503	0.417089	0.466156	0.158329	0.205077	0.178061	0.187310	0.040066	0.196465	0.596118	0.398658	0.195553	0.142040	0.448566	0.052359	0.109582	0.600465	0.075970	0.271957	0.163066	0.270283	0.127425	0.302353	0.144935	0.124967	0.470366	0.198739	0.102046	0.122503	0.243914	0.570487	0.140104	1.000000	0.645819	0.107578	0.210025	0.271539	0.201461	0.086793	0.174335	0.273211	0.232616	0.290570	0.308385	0.148302	0.114074	0.454351	0.128897	0.261864	0.239586	0.262287	0.094450	0.171999	0.602060	0.176666	0.366796	0.321110	0.214946	0.245209	0.333256	0.048101	0.080623	0.382998	0.226471	0.588235	0.233053	0.337523	0.452652	0.166838	0.242618	0.317154	0.148782	0.297091	0.200554	0.581447	0.080623	0.136708	0.066594	0.122009	0.598264	0.180382	0.138650	0.216729	0.219397	0.431279	0.264399	0.503767	0.317550	0.226471	0.056599	0.391451	0.255922	0.214946	0.222941	0.317154	0.458771	0.086793	0.617214	0.313179	0.319134	0.167308	0.268186	0.648795	0.234363	0.115567	0.631211	0.177131	0.308785	0.107077	0.201913	0.576721	0.632053	0.560450	0.573406	0.248222	0.105068	0.190524	0.255922	0.323081	0.079075	0.055540	0.262287	0.148782	0.136221	0.232178	0.163538	0.449409	0.131345	0.195553	0.031422	0.168248	0.590795	0.206429	0.113576	0.233927	0.177596	0.309586	0.343996	0.503465	0.111581	0.120526	0.438919	0.115070	0.395782	0.361551	0.103558	0.175734	0.371181	0.288111	0.578729	0.135248	0.347524	0.247792	0.610578	0.539040	0.189607	0.465172	0.199647	0.082170	0.103558	0.230865	0.562512	0.311983	0.527933	0.163538	0.203227	0.221614	0.155475	0.106073	0.130856	0.210474	0.146379	0.372750	0.535359	0.103054	0.419106	0.184545	0.337136	0.100532	0.209127	0.585488	0.305977	0.599506	0.409081	0.160227	0.116064	0.201913	0.078558	0.156427	0.143971	0.210474	0.240020	0.106073	0.443726	0.115567	0.069208	0.397227	0.115070	0.141556	0.066594	0.612825	0.400536	0.075970	0.132810	0.115567	0.343692	0.217619	0.433588	0.563391	0.154522	0.095974	0.133298	0.656250	0.088330	0.079075	0.094959	0.195553	0.391089	0.258898	0.246932	0.400894	0.291388	0.158329	0.357406	0.261864	0.184545	0.152613	0.225590	0.451392	0.039528	0.084741	0.152135	0.191899	0.261864	
0.151893	0.229293	0.304659	0.195087	0.102307	0.300090	0.372823	0.351216	0.223891	0.172422	0.158189	0.396358	0.159981	0.174186	0.213831	0.162215	0.284289	0.115538	0.153696	0.223891	0.522680	0.494725	0.220550	0.149633	0.168441	0.634618	0.366854	0.132741	0.121618	0.567888	0.070864	0.125805	0.154596	0.140541	0.483998	0.146461	0.225141	0.506182	0.098015	0.186437	0.267796	0.352992	0.456808	0.600679	0.159085	0.102783	0.468706	0.618491	0.244084	0.609071	0.156844	0.219713	0.573361	0.180769	0.118349	0.280781	0.134582	0.108473	0.128123	0.189907	0.583942	0.097058	0.283511	0.109890	0.336338	0.506559	0.112718	0.202802	0.121152	0.308449	0.171539	0.165333	0.569082	0.240000	0.177703	0.197882	0.129973	0.353351	0.567664	0.248554	0.135501	0.188607	0.112247	0.399746	0.150989	0.351198	0.192932	0.181206	0.046968	0.363322	0.585120	0.143733	0.267796	0.114599	0.336703	0.260230	0.617272	0.109418	0.284289	0.168885	0.199381	0.109418	0.206210	0.421682	0.320834	0.043939	0.288170	0.592035	0.518125	0.178580	0.064450	0.241227	0.085989	0.094663	0.248554	0.372823	0.593331	0.195517	0.479825	0.478873	0.610318	0.536913	0.045959	0.309582	0.410585	0.583144	0.174626	0.351198	0.183825	0.114599	0.585332	0.472488	0.099448	0.199381	0.246118	0.167554	0.633396	0.220132	0.081622	0.329729	0.311468	0.226389	0.214673	0.232189	0.267399	0.370721	0.321207	0.283122	0.040394	0.171539	0.212565	0.514571	0.181643	0.097058	0.470565	0.613472	0.208333	0.095142	0.321207	0.159085	0.621913	0.417449	0.045455	0.432790	0.417624	0.179456	0.144188	0.383942	0.239181	0.222640	0.446574	0.385666	0.231776	0.301235	0.456795	0.638711	0.128123	0.215094	0.213831	0.403205	0.460016	0.358707	0.625833	0.317474	0.491958	0.246931	0.240000	0.291648	0.251790	0.258228	0.089854	0.636622	0.359775	0.204508	0.399746	0.220132	0.300853	0.342532	0.266208	0.256221	0.547040	0.164888	0.267003	0.184261	0.176386	0.597420	0.126269	0.214673	0.182080	0.549604	0.149181	0.123946	0.331570	0.049485	0.137337	0.425161	0.216356	0.625480	0.424922	0.166667	0.060979	0.079675	0.164888	0.586236	0.146915	0.373442	0.488427	0.205785	0.328991	0.170655	0.055498	0.213831	0.041408	0.171539	0.157741	0.647298	0.226389	0.196807	0.207060	0.422213	0.114129	0.351557	0.370721	0.100402	0.077236	0.258629	0.124411	0.255819	0.622392	0.215515	0.222222	0.137337	0.181206	0.432343	0.585677	0.121618	0.080162	0.278826	0.598862	0.359063	0.168885	0.245305	0.146915	0.132741	0.123946	0.131819	0.175506	0.180332	0.512359	0.297695	0.579890	0.165778	0.134582	0.342895	0.209605	0.319716	0.050489	0.238361	0.116007	0.405553	0.449196	0.150086	0.194656	0.168885	0.177703	0.037853	0.186437	0.605568	0.383088	0.185567	0.134582	0.431340	0.049485	0.103733	0.592210	0.071847	0.258629	0.154596	0.257024	0.120685	0.287783	0.137337	0.118349	0.463086	0.188607	0.096579	0.116007	0.231776	0.601154	0.132741	0.645819	1.000000	0.101831	0.199381	0.258228	0.191205	0.082108	0.165333	0.259830	0.220969	0.276475	0.293574	0.140541	0.108000	0.442714	0.122084	0.248959	0.227635	0.249364	0.089371	0.163107	0.624143	0.167554	0.349760	0.305798	0.204082	0.233014	0.317474	0.045455	0.076258	0.367558	0.215094	0.595105	0.221387	0.321579	0.436550	0.158189	0.230535	0.301997	0.140997	0.282732	0.190340	0.570766	0.076258	0.129511	0.062964	0.115538	0.601708	0.171097	0.131358	0.205785	0.208333	0.418818	0.251386	0.496487	0.302378	0.215094	0.053498	0.375268	0.243268	0.204082	0.211720	0.301997	0.444490	0.082108	0.628028	0.298179	0.303900	0.158637	0.255015	0.630556	0.222640	0.109418	0.637916	0.167998	0.293959	0.101355	0.191637	0.574825	0.634987	0.578884	0.563669	0.235897	0.099448	0.180769	0.243268	0.307692	0.074790	0.052496	0.249364	0.140997	0.129048	0.220550	0.155046	0.436730	0.124411	0.185567	0.029680	0.159533	0.616927	0.195948	0.107527	0.222222	0.168441	0.294727	0.328253	0.492674	0.105632	0.114129	0.431170	0.108946	0.379443	0.344707	0.098015	0.166667	0.354425	0.274116	0.597543	0.128123	0.331202	0.235486	0.630867	0.540000	0.179894	0.485750	0.189474	0.077724	0.098015	0.219294	0.564702	0.297030	0.515215	0.155046	0.214051	0.210452	0.147368	0.100402	0.123946	0.199810	0.138711	0.355498	0.532361	0.097536	0.406644	0.175066	0.321207	0.095142	0.198524	0.585022	0.291262	0.595817	0.391415	0.151893	0.109890	0.191637	0.074300	0.148275	0.136420	0.199810	0.228050	0.100402	0.433725	0.109418	0.065440	0.384287	0.108946	0.134122	0.062964	0.627349	0.385321	0.071847	0.125805	0.109418	0.327514	0.206635	0.419341	0.564103	0.146461	0.090817	0.126269	0.640999	0.083565	0.074790	0.089854	0.185567	0.374919	0.246118	0.234663	0.385666	0.277259	0.150086	0.340715	0.248959	0.175066	0.144643	0.214252	0.442761	0.037344	0.080162	0.144188	0.182080	0.248959	
0.587549	0.533911	0.430351	0.568627	0.619165	0.452354	0.377570	0.022597	0.550000	0.596429	0.609848	0.355517	0.616541	0.581560	0.551829	0.584730	0.474699	0.625287	0.625483	0.547059	0.240521	0.264151	0.538690	0.640472	0.595281	0.090423	0.385565	0.610169	0.647321	0.204328	0.590643	0.630197	0.615385	0.625767	0.274139	0.569721	0.538799	0.254545	0.613065	0.540541	0.492386	0.394477	0.298091	0.175834	0.592453	0.612745	0.285915	0.152632	0.518519	0.151436	0.601905	0.555224	0.185812	0.580311	0.643991	0.457978	0.571429	0.628571	0.606061	0.580000	0.186838	0.636364	0.478261	0.633570	0.419421	0.253275	0.601399	0.558730	0.626398	0.443449	0.609319	0.595588	0.200891	0.534075	0.583916	0.011712	0.613734	0.398030	0.199509	0.502703	0.627615	0.569514	0.640187	0.352431	0.625000	0.386521	0.573311	0.589655	0.537415	0.387344	0.058704	0.620968	0.492386	0.628176	0.416925	0.499350	0.087274	0.601896	0.467470	0.576087	0.553055	0.649289	0.561129	0.029037	0.434125	0.506944	0.464286	0.067825	0.240521	0.585366	0.583587	0.520776	0.627346	0.624041	0.497297	0.377570	0.064908	0.570962	0.280000	0.278082	0.157182	0.227706	0.527397	0.441964	0.027961	0.188837	0.598230	0.402379	0.583618	0.591224	0.186838	0.282927	0.633416	0.562701	0.498638	0.604736	0.122585	0.545455	0.637363	0.421053	0.439512	0.536443	0.541033	0.522857	0.490470	0.379699	0.433657	0.476421	0.483986	0.591398	0.535988	0.248318	0.571429	0.626263	0.283916	0.146412	0.562986	0.627551	0.433657	0.607547	0.148446	0.335537	0.549828	0.321712	0.336093	0.559028	0.611670	0.368421	0.521618	0.522895	0.306878	0.366757	0.532189	0.455378	0.300964	0.130128	0.623377	0.534143	0.564024	0.349699	0.296134	0.388350	0.141562	0.434024	0.267633	0.505435	0.522949	0.464075	0.505348	0.471204	0.640420	0.117579	0.391094	0.561514	0.352431	0.530551	0.453608	0.408122	0.494898	0.508564	0.224558	0.600368	0.491094	0.589438	0.615114	0.170017	0.641921	0.556231	0.570447	0.219222	0.622047	0.644592	0.418848	0.548495	0.618257	0.328479	0.552870	0.090302	0.329011	0.595978	0.602484	0.611111	0.578269	0.180766	0.584493	0.376514	0.267633	0.540031	0.413502	0.593525	0.585209	0.551829	0.565371	0.598566	0.588235	0.122919	0.527697	0.555195	0.571875	0.330888	0.625000	0.400000	0.381579	0.565757	0.597183	0.507190	0.603524	0.506596	0.094882	0.557576	0.538462	0.643154	0.586207	0.320442	0.060006	0.620536	0.609418	0.458333	0.169378	0.391853	0.597826	0.510929	0.608350	0.644068	0.613687	0.604255	0.603175	0.564014	0.247863	0.018589	0.182308	0.601835	0.630252	0.405680	0.538700	0.431203	0.564784	0.531469	0.637615	0.346121	0.305263	0.600000	0.569558	0.583333	0.566434	0.492754	0.587838	0.165512	0.368421	0.562712	0.630252	0.319937	0.548495	0.643902	0.182801	0.587209	0.488889	0.573077	0.509855	0.650224	0.481526	0.605809	0.616780	0.292086	0.569514	0.627848	0.637615	0.532189	0.074701	0.644068	0.107578	0.101831	1.000000	0.549839	0.494764	0.577114	0.624658	0.577206	0.484375	0.555721	0.483951	0.456674	0.621677	0.630072	0.312789	0.650334	0.499325	0.528302	0.509434	0.636842	0.604824	0.074291	0.597450	0.398010	0.444695	0.565561	0.535613	0.436205	0.529210	0.611898	0.384834	0.552352	0.173208	0.534125	0.415948	0.314973	0.583333	0.545977	0.454338	0.612245	0.472155	0.582363	0.200791	0.634561	0.623656	0.754601	0.648276	0.169732	0.585278	0.614072	0.571429	0.556765	0.331971	0.500669	0.263124	0.449259	0.555387	0.586319	0.376973	0.519945	0.578199	0.556068	0.456621	0.312068	0.619178	0.138048	0.459584	0.454030	0.593573	0.497354	0.140048	0.549483	0.620853	0.126362	0.592727	0.453801	0.646914	0.556291	0.189808	0.080110	0.055601	0.205154	0.513399	0.643392	0.569948	0.508941	0.439955	0.605714	0.563934	0.517520	0.636735	0.646552	0.523810	0.606526	0.315462	0.629956	0.589831	0.423077	0.602637	0.081249	0.573290	0.660287	0.532544	0.588022	0.457410	0.424947	0.263979	0.628019	0.652778	0.322991	0.617577	0.372819	0.409687	0.623116	0.585009	0.398821	0.482587	0.067386	0.623377	0.423480	0.525424	0.115538	0.223200	0.571924	0.037095	0.570952	0.629213	0.623116	0.547085	0.204740	0.458864	0.246959	0.621881	0.012777	0.546296	0.611111	0.605459	0.640177	0.568218	0.593814	0.393732	0.230028	0.629723	0.345532	0.590106	0.429342	0.647959	0.564516	0.181169	0.450472	0.176522	0.360889	0.622568	0.647754	0.569536	0.653295	0.588933	0.633333	0.574639	0.536232	0.605459	0.319685	0.644550	0.616314	0.368087	0.622328	0.635789	0.588957	0.090082	0.367089	0.627907	0.625821	0.630332	0.427966	0.541471	0.333607	0.199509	0.569721	0.631854	0.620087	0.125931	0.630435	0.605714	0.645669	0.589831	0.377323	0.512262	0.529745	0.366757	0.477833	0.627451	0.410204	0.520918	0.590106	0.614458	0.550989	0.311828	0.480000	0.648199	0.623742	0.573883	0.518219	
0.589041	0.624862	0.585987	0.625604	0.532905	0.605336	0.531882	0.046087	0.647321	0.639175	0.653226	0.540501	0.620321	0.610256	0.635321	0.608234	0.590822	0.574501	0.607629	0.645089	0.436975	0.465488	0.653153	0.612414	0.625815	0.178071	0.575256	0.607558	0.602410	0.378575	0.473118	0.585438	0.619565	0.601418	0.464349	0.618384	0.634038	0.457206	0.570033	0.631188	0.625498	0.585366	0.504436	0.331881	0.635389	0.570513	0.486553	0.291377	0.634921	0.289265	0.623482	0.620767	0.347355	0.644025	0.587519	0.603664	0.624277	0.566038	0.613569	0.627451	0.350774	0.542484	0.597701	0.588419	0.597973	0.446399	0.573643	0.638298	0.591252	0.600541	0.643411	0.605263	0.374609	0.639572	0.647208	0.024025	0.595308	0.581641	0.372279	0.619247	0.608069	0.605166	0.593168	0.549708	0.631868	0.561633	0.607533	0.630653	0.356863	0.575060	0.117499	0.626404	0.635458	0.579353	0.585654	0.601015	0.172145	0.595611	0.575526	0.617188	0.644391	0.567398	0.625293	0.059022	0.581436	0.337302	0.632576	0.135118	0.430672	0.653165	0.444037	0.637527	0.509338	0.553542	0.654812	0.562986	0.129501	0.636912	0.476591	0.479714	0.299393	0.414207	0.350394	0.591727	0.056868	0.353339	0.627401	0.581224	0.643392	0.591680	0.350774	0.483343	0.538088	0.613365	0.635789	0.603922	0.237528	0.622322	0.520690	0.581475	0.583706	0.636364	0.615561	0.613537	0.614158	0.573438	0.593176	0.590604	0.313883	0.596899	0.651323	0.446245	0.639900	0.542484	0.449575	0.280361	0.640279	0.549342	0.600175	0.621984	0.283972	0.535764	0.347140	0.523681	0.519663	0.646465	0.603086	0.531108	0.613076	0.656215	0.499025	0.554800	0.627322	0.587156	0.498403	0.251199	0.613569	0.644571	0.596330	0.543210	0.504096	0.571429	0.271725	0.575463	0.467398	0.611345	0.613904	0.578404	0.645228	0.630612	0.522613	0.228400	0.547638	0.642353	0.549708	0.622322	0.578512	0.586178	0.592000	0.619487	0.414032	0.629776	0.610778	0.622665	0.629299	0.321813	0.599407	0.631579	0.616541	0.398453	0.629834	0.582960	0.577284	0.368932	0.627507	0.534435	0.635535	0.177844	0.535172	0.629096	0.427509	0.510417	0.642951	0.340374	0.639777	0.550815	0.459319	0.633060	0.565292	0.626943	0.406072	0.651376	0.320641	0.617571	0.629879	0.238136	0.629712	0.651442	0.630841	0.518365	0.583333	0.559543	0.550000	0.571890	0.493870	0.619776	0.585075	0.597536	0.186429	0.607306	0.623318	0.607450	0.628141	0.508429	0.120023	0.584337	0.502600	0.614341	0.320704	0.578990	0.614583	0.654008	0.625869	0.581395	0.615845	0.618076	0.633461	0.622166	0.447681	0.037992	0.343021	0.649146	0.618497	0.584027	0.631090	0.588235	0.379110	0.631579	0.579755	0.534197	0.509702	0.628099	0.636034	0.625000	0.637056	0.296748	0.621287	0.313975	0.549317	0.650124	0.612717	0.525253	0.368932	0.555911	0.343865	0.489286	0.634047	0.619565	0.628454	0.586103	0.606635	0.590258	0.566210	0.476961	0.619926	0.549918	0.576687	0.631694	0.148292	0.581395	0.210025	0.199381	0.549839	1.000000	0.620408	0.615385	0.502582	0.594737	0.636179	0.638920	0.602339	0.642991	0.607092	0.554331	0.517834	0.601504	0.652038	0.634254	0.636743	0.520134	0.649007	0.147509	0.632680	0.574939	0.595281	0.621908	0.610022	0.598411	0.347140	0.495606	0.544453	0.614857	0.327344	0.647191	0.582168	0.508970	0.615591	0.618421	0.604396	0.623229	0.637236	0.604651	0.374441	0.485062	0.581498	0.450185	0.577573	0.321319	0.628719	0.607299	0.621336	0.610012	0.515636	0.633437	0.451393	0.598353	0.630857	0.397706	0.556845	0.642630	0.619552	0.632065	0.584249	0.516809	0.512909	0.265442	0.609982	0.628988	0.644295	0.590535	0.269021	0.633819	0.592476	0.244386	0.639687	0.616246	0.544283	0.619512	0.355839	0.158592	0.111466	0.380866	0.616216	0.551053	0.641509	0.600212	0.587173	0.484099	0.387716	0.624217	0.606232	0.608824	0.626126	0.594301	0.518962	0.588060	0.617866	0.239496	0.591700	0.160752	0.633735	0.564669	0.612108	0.641460	0.609506	0.576592	0.454960	0.580952	0.586420	0.518669	0.543171	0.563985	0.574979	0.570033	0.642202	0.576985	0.598039	0.134273	0.604720	0.594872	0.610390	0.224665	0.409828	0.633039	0.075083	0.645399	0.496503	0.534202	0.632768	0.381082	0.591288	0.446237	0.610583	0.026195	0.627315	0.619444	0.568659	0.594918	0.629321	0.613409	0.561035	0.415952	0.548124	0.553559	0.644501	0.577428	0.516447	0.631579	0.341066	0.612782	0.333068	0.559284	0.621918	0.560250	0.626829	0.470796	0.623269	0.600575	0.626937	0.635762	0.571890	0.510094	0.567398	0.446069	0.547384	0.558870	0.587554	0.442804	0.177430	0.555219	0.471429	0.597325	0.579937	0.582759	0.657310	0.526169	0.372279	0.615599	0.530885	0.608309	0.243605	0.500000	0.473498	0.536013	0.632754	0.552632	0.631579	0.609544	0.544218	0.614786	0.611570	0.590301	0.610240	0.636829	0.613445	0.604811	0.519104	0.293279	0.495667	0.622721	0.604010	0.620690	
0.557339	0.637488	0.612409	0.624742	0.499346	0.634662	0.588235	0.061228	0.631985	0.599129	0.598194	0.601333	0.591011	0.600868	0.642998	0.589944	0.627946	0.519546	0.582192	0.626204	0.501466	0.535092	0.611650	0.583622	0.591859	0.231436	0.610914	0.561446	0.535980	0.466525	0.394286	0.527607	0.583144	0.552538	0.526373	0.572093	0.630163	0.531490	0.476190	0.597895	0.633508	0.603499	0.565116	0.416948	0.585586	0.493473	0.556805	0.369119	0.631095	0.367226	0.577576	0.638132	0.428628	0.610459	0.528160	0.631043	0.549161	0.506427	0.543902	0.640919	0.434611	0.474801	0.644182	0.514725	0.641026	0.527282	0.500635	0.621457	0.534161	0.621902	0.613537	0.592018	0.459016	0.642526	0.610753	0.032037	0.550971	0.619082	0.457167	0.633880	0.559809	0.609424	0.513995	0.594702	0.586207	0.633504	0.623834	0.603412	0.279141	0.612420	0.154248	0.580796	0.643979	0.510746	0.625471	0.622893	0.223952	0.507692	0.611111	0.600000	0.636735	0.515385	0.628514	0.078243	0.627726	0.263158	0.624374	0.176860	0.490714	0.609442	0.366812	0.627778	0.437756	0.467290	0.641166	0.613445	0.169666	0.607621	0.542035	0.544554	0.381503	0.497898	0.273846	0.629984	0.075413	0.431419	0.615385	0.617410	0.616525	0.520860	0.440932	0.553263	0.482213	0.616327	0.646520	0.604190	0.305722	0.629738	0.432133	0.625382	0.630659	0.636015	0.622047	0.638941	0.637555	0.606188	0.619455	0.629536	0.244131	0.600437	0.625124	0.522830	0.600639	0.477454	0.526846	0.358352	0.625375	0.474667	0.631907	0.587838	0.362755	0.599490	0.271186	0.577778	0.587484	0.608137	0.570760	0.602740	0.626977	0.647343	0.577037	0.607509	0.635762	0.623377	0.563562	0.322599	0.536585	0.627335	0.621302	0.589862	0.569115	0.610951	0.347799	0.625882	0.532267	0.623400	0.636955	0.618061	0.622061	0.622103	0.451962	0.294411	0.611071	0.618952	0.602649	0.618076	0.633631	0.625465	0.618214	0.630260	0.491228	0.590455	0.641608	0.613757	0.619202	0.404953	0.544118	0.631890	0.597872	0.485068	0.570439	0.537608	0.621478	0.292237	0.569048	0.601004	0.633333	0.231150	0.592965	0.603315	0.350000	0.428969	0.594895	0.424731	0.573751	0.610762	0.535467	0.635176	0.618683	0.592998	0.322870	0.637081	0.249610	0.602620	0.592090	0.306474	0.624521	0.620123	0.645291	0.580442	0.521519	0.599415	0.610408	0.483574	0.420757	0.648264	0.541872	0.630824	0.241967	0.624754	0.624758	0.561905	0.605544	0.569846	0.157496	0.533499	0.420028	0.609881	0.407260	0.613391	0.604396	0.638532	0.566783	0.568675	0.547472	0.538647	0.601081	0.602564	0.527054	0.050543	0.427079	0.602436	0.553957	0.617560	0.619522	0.635441	0.297420	0.637465	0.528967	0.595689	0.568720	0.576037	0.625387	0.597802	0.604301	0.230284	0.629474	0.397723	0.601370	0.635021	0.546763	0.583897	0.292237	0.492188	0.430399	0.396011	0.635797	0.571754	0.638070	0.524876	0.631579	0.552381	0.515645	0.541190	0.619895	0.488712	0.521411	0.626301	0.193682	0.568675	0.271539	0.258228	0.494764	0.620408	1.000000	0.605619	0.428769	0.596452	0.637655	0.632396	0.630137	0.645215	0.566706	0.501931	0.578502	0.540273	0.627843	0.632283	0.640000	0.463415	0.599777	0.192684	0.586549	0.614820	0.618971	0.625631	0.635849	0.630588	0.271186	0.413502	0.615711	0.627335	0.412287	0.633721	0.608087	0.580449	0.586907	0.628083	0.636953	0.566038	0.648649	0.608968	0.457143	0.410689	0.561361	0.359649	0.514502	0.406545	0.601093	0.544135	0.633166	0.619381	0.586970	0.629864	0.513414	0.628340	0.631268	0.312782	0.609059	0.637788	0.627649	0.616452	0.628849	0.578662	0.434302	0.340103	0.635621	0.639225	0.599775	0.622980	0.344489	0.647343	0.507692	0.314198	0.605727	0.624897	0.495413	0.615385	0.442131	0.206782	0.146475	0.467266	0.631678	0.498024	0.604055	0.630415	0.629303	0.403955	0.307692	0.625455	0.554245	0.549878	0.609709	0.584755	0.577508	0.534483	0.607595	0.184466	0.591676	0.209524	0.633745	0.502577	0.618956	0.589659	0.643621	0.613497	0.539030	0.494819	0.506329	0.585759	0.495507	0.616448	0.625649	0.484127	0.605525	0.627907	0.604131	0.175779	0.553659	0.629573	0.641651	0.289773	0.490583	0.620321	0.099266	0.624869	0.411765	0.478836	0.636806	0.465613	0.614251	0.527473	0.598407	0.034917	0.616302	0.575406	0.488830	0.547472	0.621814	0.545670	0.601885	0.504004	0.487417	0.606654	0.612554	0.616342	0.474667	0.631902	0.430165	0.630182	0.420617	0.600135	0.584862	0.507042	0.609148	0.407355	0.587963	0.558473	0.613660	0.637405	0.491459	0.582310	0.515385	0.368650	0.594114	0.513479	0.542617	0.359649	0.230627	0.587432	0.393162	0.542331	0.517949	0.626728	0.625878	0.593016	0.456331	0.553488	0.453441	0.541667	0.313233	0.443526	0.412429	0.454668	0.599156	0.609484	0.628205	0.629699	0.595222	0.629060	0.589862	0.632287	0.627843	0.586580	0.586449	0.626601	0.583133	0.227488	0.425591	0.587135	0.608511	0.642402	
0.585091	0.631461	0.570370	0.618047	0.533113	0.597378	0.544594	0.044043	0.631699	0.628798	0.631724	0.534727	0.625514	0.628121	0.644783	0.640327	0.611490	0.566456	0.615385	0.620296	0.421220	0.453287	0.637514	0.631728	0.620321	0.170685	0.563200	0.576981	0.579845	0.366300	0.467532	0.608563	0.619247	0.635569	0.458880	0.597997	0.638636	0.441964	0.537815	0.590621	0.613198	0.538398	0.492623	0.319234	0.588721	0.565289	0.474954	0.280014	0.630670	0.277971	0.645429	0.634371	0.335852	0.623711	0.589342	0.612967	0.582467	0.560778	0.579666	0.627353	0.337553	0.549747	0.614634	0.590323	0.580258	0.438889	0.565495	0.633615	0.599379	0.581651	0.614570	0.639676	0.360685	0.641921	0.618986	0.022948	0.606335	0.569307	0.358423	0.618997	0.601481	0.647355	0.563200	0.529281	0.620592	0.558872	0.641791	0.651223	0.370672	0.546774	0.112470	0.594517	0.619289	0.561905	0.571184	0.625259	0.164982	0.565428	0.611490	0.630174	0.627595	0.581583	0.627545	0.056421	0.594835	0.342268	0.599807	0.129387	0.415915	0.614786	0.471483	0.628945	0.536842	0.547619	0.604055	0.544594	0.123993	0.637037	0.461445	0.459867	0.287770	0.403030	0.364008	0.600183	0.054359	0.340861	0.624672	0.568823	0.615581	0.565079	0.337553	0.474265	0.555184	0.620269	0.590763	0.640751	0.227985	0.624424	0.531194	0.587620	0.602914	0.620612	0.638596	0.633222	0.628049	0.540841	0.594306	0.595703	0.322176	0.659603	0.590588	0.433406	0.627249	0.536256	0.470805	0.269360	0.623810	0.533107	0.578292	0.640990	0.272851	0.528785	0.360656	0.507197	0.525267	0.623545	0.613833	0.551193	0.632385	0.613272	0.503947	0.536810	0.647321	0.595705	0.474774	0.241182	0.606980	0.614486	0.654162	0.505155	0.482143	0.557457	0.261011	0.590664	0.443407	0.638800	0.646288	0.604207	0.617989	0.570239	0.543253	0.219178	0.569106	0.637786	0.541142	0.619816	0.603738	0.566836	0.613660	0.619247	0.399002	0.618919	0.616480	0.640306	0.634465	0.309478	0.604580	0.657310	0.626444	0.387506	0.604255	0.615385	0.592014	0.387097	0.600884	0.523378	0.628638	0.170467	0.522711	0.607527	0.443160	0.517056	0.583784	0.327466	0.591429	0.554331	0.451575	0.630695	0.578166	0.634794	0.417323	0.616647	0.333333	0.627815	0.616022	0.228571	0.636467	0.605166	0.654719	0.518258	0.585056	0.560066	0.563045	0.533333	0.471014	0.623701	0.599078	0.634555	0.178731	0.634772	0.613975	0.618557	0.630631	0.512295	0.114893	0.586047	0.512545	0.590326	0.308404	0.542345	0.648865	0.635091	0.611429	0.627803	0.606154	0.596702	0.628272	0.634839	0.432698	0.036301	0.330033	0.617251	0.597325	0.562975	0.640569	0.592857	0.389558	0.631579	0.597156	0.537226	0.491159	0.613861	0.631188	0.592790	0.613784	0.308668	0.643853	0.301887	0.545035	0.625159	0.609212	0.510232	0.387097	0.543657	0.330852	0.465804	0.623701	0.613668	0.617954	0.590980	0.610039	0.606775	0.583072	0.472590	0.639798	0.540541	0.575039	0.627232	0.142045	0.627803	0.201461	0.191205	0.577114	0.615385	0.605619	1.000000	0.526690	0.647773	0.601036	0.625287	0.623635	0.608944	0.603499	0.564935	0.498997	0.603715	0.607676	0.613995	0.632588	0.537262	0.622283	0.141293	0.608579	0.579035	0.598338	0.638554	0.656285	0.596050	0.352459	0.494545	0.555911	0.640187	0.314837	0.633754	0.544000	0.507402	0.623448	0.640538	0.600186	0.593886	0.608016	0.659148	0.360523	0.501818	0.619335	0.443595	0.579114	0.309000	0.639257	0.609610	0.623501	0.633333	0.518310	0.633475	0.431034	0.612663	0.619159	0.408730	0.546311	0.634199	0.645783	0.634434	0.602050	0.492657	0.494662	0.254939	0.602070	0.608534	0.633609	0.623295	0.258398	0.633867	0.558966	0.234604	0.637216	0.587452	0.568106	0.629213	0.342466	0.151947	0.106681	0.367647	0.624724	0.548495	0.636598	0.621212	0.599265	0.493601	0.402390	0.628328	0.625910	0.620272	0.596087	0.629526	0.509434	0.592934	0.642948	0.249453	0.645604	0.154024	0.653514	0.578862	0.625430	0.585561	0.616698	0.584427	0.449568	0.576105	0.559618	0.513067	0.572816	0.558320	0.582492	0.537815	0.629032	0.572840	0.603397	0.128576	0.603945	0.592528	0.640884	0.215575	0.396825	0.648579	0.071800	0.610553	0.502712	0.547899	0.635104	0.366972	0.588679	0.430201	0.640669	0.025022	0.650888	0.627675	0.543333	0.600000	0.648780	0.565982	0.551724	0.405708	0.542088	0.539359	0.639581	0.590747	0.560272	0.656059	0.328138	0.576077	0.320384	0.535552	0.613221	0.583871	0.634207	0.498168	0.591750	0.611521	0.624390	0.642616	0.540000	0.509884	0.571890	0.454545	0.549231	0.563107	0.601190	0.435946	0.170068	0.537222	0.480591	0.608563	0.600969	0.597721	0.619617	0.524752	0.358423	0.612303	0.527586	0.595420	0.233850	0.513274	0.493601	0.519031	0.645489	0.553024	0.605800	0.633444	0.538344	0.626363	0.639321	0.587935	0.618337	0.634338	0.612950	0.648712	0.508339	0.305085	0.508961	0.639769	0.634146	0.637527	
0.558140	0.475460	0.372922	0.514886	0.601093	0.390361	0.314869	0.018074	0.482003	0.554913	0.566735	0.294278	0.566191	0.539197	0.491057	0.556452	0.408112	0.609137	0.570231	0.466354	0.196721	0.216578	0.491284	0.568376	0.525490	0.072825	0.320158	0.598608	0.594595	0.166495	0.611296	0.620192	0.563674	0.598214	0.225000	0.572668	0.489097	0.208494	0.616246	0.490018	0.425703	0.332991	0.245269	0.142857	0.572597	0.637602	0.234953	0.123711	0.453488	0.122727	0.574380	0.492846	0.151119	0.516729	0.645000	0.402564	0.583908	0.622691	0.570071	0.529517	0.151970	0.653521	0.411690	0.633508	0.349515	0.207426	0.628866	0.505942	0.615764	0.380282	0.560928	0.564612	0.163636	0.469027	0.553672	0.009358	0.616471	0.332649	0.162487	0.454936	0.576659	0.521583	0.589147	0.291629	0.581741	0.332645	0.512367	0.538033	0.592885	0.323353	0.047127	0.575824	0.428380	0.581633	0.349138	0.445055	0.070267	0.635171	0.403042	0.512720	0.512909	0.619423	0.499162	0.023241	0.366102	0.582996	0.397997	0.054500	0.196721	0.525328	0.618056	0.464023	0.614458	0.651429	0.446352	0.314869	0.052140	0.517483	0.229950	0.228330	0.127459	0.185993	0.557769	0.378947	0.022377	0.153627	0.545802	0.334711	0.532110	0.581633	0.151970	0.232425	0.611111	0.512909	0.432900	0.547244	0.099052	0.482540	0.637771	0.356436	0.376744	0.480620	0.486224	0.470410	0.426273	0.316716	0.365688	0.404580	0.550000	0.541586	0.477124	0.203262	0.525926	0.602817	0.233261	0.118594	0.485050	0.638177	0.365688	0.568507	0.120267	0.277160	0.592000	0.265356	0.277635	0.519626	0.570175	0.305372	0.461538	0.462264	0.252730	0.303940	0.477204	0.386555	0.247706	0.105229	0.584323	0.485437	0.497561	0.289286	0.243609	0.327604	0.114609	0.369863	0.219512	0.457554	0.466077	0.396040	0.449788	0.426003	0.635294	0.094959	0.326613	0.509275	0.291629	0.485714	0.387019	0.343220	0.427995	0.445682	0.183362	0.549801	0.429530	0.538462	0.541667	0.138049	0.604317	0.499190	0.528651	0.178907	0.578158	0.597087	0.354486	0.565891	0.612245	0.271130	0.495974	0.072727	0.271584	0.545455	0.597865	0.633229	0.533865	0.146939	0.554113	0.313953	0.219512	0.489933	0.357222	0.543689	0.577778	0.491057	0.561983	0.557060	0.547325	0.099326	0.483721	0.486957	0.504174	0.273187	0.618926	0.334365	0.316716	0.591160	0.598726	0.441989	0.605327	0.443515	0.076451	0.494346	0.481890	0.603175	0.545455	0.264274	0.048178	0.609337	0.650000	0.402581	0.137521	0.327273	0.579256	0.460203	0.584416	0.593968	0.621359	0.564103	0.543726	0.521415	0.202880	0.014862	0.148216	0.547619	0.579310	0.342857	0.495868	0.367347	0.584615	0.468843	0.602532	0.286219	0.251358	0.592751	0.515789	0.544031	0.531073	0.536170	0.519056	0.134328	0.305372	0.524590	0.611494	0.263844	0.596899	0.617886	0.148624	0.627063	0.433702	0.530271	0.444444	0.632099	0.403509	0.594104	0.615000	0.240178	0.532374	0.615819	0.617722	0.474164	0.060067	0.593968	0.086793	0.082108	0.624658	0.502582	0.428769	0.526690	1.000000	0.536779	0.429161	0.484177	0.418726	0.396064	0.580357	0.650794	0.257757	0.602941	0.440000	0.481481	0.453638	0.625369	0.562249	0.059735	0.543307	0.336100	0.381065	0.513514	0.478064	0.369863	0.544000	0.583333	0.319527	0.495146	0.140686	0.486572	0.358512	0.259615	0.554415	0.479389	0.388024	0.556793	0.410191	0.514286	0.163554	0.647436	0.599057	0.624561	0.624365	0.137814	0.542636	0.607477	0.479866	0.504983	0.274112	0.450425	0.215712	0.387560	0.491909	0.586466	0.312741	0.460641	0.513514	0.504918	0.385629	0.257143	0.623457	0.111724	0.390303	0.383333	0.573770	0.444755	0.113366	0.487421	0.603675	0.102144	0.569745	0.390663	0.626374	0.518650	0.154433	0.064452	0.044622	0.167183	0.458084	0.616667	0.527881	0.446064	0.378824	0.660194	0.613636	0.450785	0.592428	0.614657	0.481775	0.566667	0.260032	0.605327	0.539162	0.502283	0.542857	0.065375	0.523560	0.625995	0.478740	0.517647	0.394608	0.358011	0.216433	0.632708	0.613811	0.266447	0.589474	0.309160	0.341053	0.605042	0.541502	0.331627	0.419397	0.054144	0.593824	0.354874	0.458771	0.093291	0.182227	0.533582	0.029714	0.512545	0.609524	0.616246	0.484076	0.166838	0.391727	0.202121	0.562500	0.010210	0.500824	0.565875	0.563536	0.587379	0.508591	0.531532	0.330612	0.187935	0.589888	0.285714	0.544762	0.365688	0.581197	0.525043	0.147273	0.396530	0.143426	0.298893	0.562368	0.643979	0.522202	0.610390	0.559140	0.615034	0.501718	0.468413	0.596685	0.263629	0.645669	0.586207	0.305085	0.605263	0.585253	0.596491	0.072548	0.304225	0.620462	0.596154	0.629921	0.358804	0.508361	0.275510	0.162487	0.559653	0.637427	0.604317	0.101791	0.617737	0.614887	0.611765	0.539162	0.313043	0.458874	0.466165	0.303940	0.420233	0.579957	0.345048	0.454286	0.548571	0.577681	0.487013	0.256939	0.547009	0.618750	0.583333	0.528651	0.457143	
0.576687	0.625752	0.536729	0.618667	0.568807	0.582755	0.513245	0.037669	0.608802	0.613181	0.627628	0.498437	0.623881	0.621083	0.614610	0.645926	0.584711	0.596859	0.618902	0.613692	0.373494	0.405970	0.604938	0.633694	0.629898	0.147364	0.528967	0.593443	0.617747	0.320941	0.504167	0.601681	0.626140	0.644338	0.420012	0.612500	0.638246	0.393537	0.559701	0.572603	0.580994	0.505208	0.449333	0.278709	0.592814	0.567766	0.431322	0.243746	0.608997	0.241930	0.624434	0.621287	0.293586	0.619247	0.601036	0.579771	0.586319	0.566308	0.593333	0.626016	0.295110	0.573034	0.598344	0.609626	0.556962	0.390580	0.578483	0.601562	0.594872	0.564500	0.629310	0.642229	0.315887	0.623104	0.647887	0.019597	0.622517	0.523851	0.313852	0.601367	0.607143	0.623129	0.575972	0.489922	0.643077	0.521360	0.660403	0.643454	0.407407	0.524979	0.096683	0.593060	0.589633	0.570928	0.542005	0.608600	0.142380	0.589286	0.592975	0.614493	0.623684	0.625000	0.623711	0.048300	0.552632	0.394366	0.582822	0.111365	0.371303	0.617978	0.488223	0.618605	0.559687	0.559546	0.580866	0.518212	0.106679	0.617843	0.423174	0.418023	0.250643	0.355023	0.413953	0.570600	0.046527	0.298077	0.637269	0.540541	0.607735	0.577933	0.295110	0.432295	0.601113	0.592105	0.575688	0.666667	0.197681	0.618047	0.557769	0.547794	0.571704	0.606796	0.635678	0.603819	0.592432	0.504160	0.553991	0.582383	0.362768	0.643678	0.576485	0.384659	0.614743	0.565543	0.426020	0.234284	0.614597	0.584906	0.555869	0.640719	0.237383	0.485163	0.400932	0.468571	0.493314	0.613445	0.629921	0.516129	0.612865	0.608589	0.461328	0.502811	0.621266	0.569170	0.441157	0.209331	0.600000	0.597240	0.627204	0.472671	0.442677	0.527397	0.226880	0.576303	0.402417	0.610984	0.613769	0.585613	0.604966	0.549889	0.551060	0.189919	0.527754	0.608808	0.499225	0.608158	0.569733	0.532502	0.596529	0.604236	0.350462	0.622614	0.614719	0.667586	0.644979	0.269992	0.624161	0.620603	0.627778	0.342714	0.613003	0.632826	0.567246	0.430206	0.638710	0.480349	0.617500	0.147173	0.479592	0.618978	0.486957	0.534137	0.590308	0.286074	0.583463	0.518580	0.410876	0.606452	0.561694	0.628242	0.449889	0.609572	0.375297	0.626437	0.604511	0.198198	0.621359	0.594164	0.645244	0.473260	0.585965	0.526132	0.519135	0.547135	0.503043	0.609081	0.618243	0.595982	0.154403	0.626566	0.611794	0.629032	0.621170	0.474021	0.098783	0.569966	0.541082	0.540881	0.269034	0.526946	0.637681	0.611494	0.624025	0.632787	0.615905	0.588816	0.624113	0.631285	0.384009	0.031030	0.288372	0.614934	0.615635	0.539146	0.602041	0.563619	0.410023	0.604924	0.599303	0.492754	0.453678	0.617284	0.616822	0.602899	0.602817	0.352657	0.654795	0.263219	0.511290	0.618132	0.635179	0.471926	0.421053	0.580292	0.289106	0.485477	0.584718	0.598784	0.596218	0.592466	0.583419	0.600000	0.597582	0.439791	0.623129	0.574109	0.592334	0.614098	0.122376	0.632787	0.174335	0.165333	0.577206	0.594737	0.596452	0.647773	0.536779	1.000000	0.596026	0.633785	0.613924	0.570565	0.606061	0.614004	0.461003	0.620102	0.593857	0.609432	0.615909	0.563707	0.635155	0.121721	0.582242	0.538933	0.570312	0.643320	0.623810	0.568720	0.400932	0.509165	0.524728	0.629862	0.274778	0.618227	0.517824	0.468115	0.642643	0.616307	0.564103	0.605096	0.595436	0.654939	0.315741	0.501018	0.626866	0.482759	0.603839	0.269565	0.644604	0.599671	0.627097	0.617157	0.480529	0.605650	0.391434	0.575369	0.617315	0.453933	0.518519	0.598844	0.638132	0.628644	0.573964	0.454482	0.536779	0.221500	0.591633	0.565260	0.620690	0.604027	0.224564	0.635583	0.575000	0.203521	0.625000	0.547835	0.604052	0.628032	0.299517	0.131003	0.091667	0.322154	0.609209	0.564007	0.627615	0.621965	0.569485	0.528689	0.424379	0.606818	0.624204	0.617940	0.580247	0.640364	0.463158	0.614865	0.640110	0.286432	0.645740	0.132814	0.638298	0.586331	0.624079	0.595065	0.590955	0.551661	0.403341	0.597826	0.600000	0.477419	0.568873	0.528117	0.543844	0.541045	0.624818	0.539792	0.564756	0.110660	0.630000	0.564103	0.621749	0.186747	0.348493	0.637762	0.061536	0.594301	0.518219	0.585821	0.612144	0.321546	0.573427	0.382716	0.649469	0.021371	0.638677	0.632399	0.539741	0.585448	0.657030	0.552167	0.514236	0.358382	0.571963	0.507235	0.647727	0.559624	0.584906	0.649077	0.286675	0.551724	0.279737	0.500396	0.631902	0.606061	0.611860	0.525667	0.618012	0.614887	0.633377	0.630435	0.554529	0.465909	0.617857	0.481876	0.512490	0.568873	0.616639	0.465517	0.146825	0.508039	0.522822	0.625210	0.596429	0.560074	0.607465	0.484133	0.313852	0.600000	0.556622	0.597315	0.202855	0.545455	0.516393	0.551060	0.634615	0.518946	0.591743	0.618483	0.502811	0.593684	0.641975	0.558140	0.630262	0.625000	0.622642	0.641509	0.462500	0.348668	0.529058	0.642520	0.622222	0.621160	
0.573059	0.640758	0.618474	0.607803	0.494148	0.643958	0.583799	0.061651	0.642994	0.603037	0.586517	0.594415	0.581655	0.602592	0.632613	0.580645	0.615772	0.521957	0.584091	0.641075	0.502439	0.532912	0.620890	0.580941	0.598028	0.232894	0.619081	0.577938	0.543210	0.465730	0.392045	0.542125	0.578231	0.561692	0.531742	0.590278	0.637321	0.529382	0.481579	0.626834	0.641739	0.622093	0.570766	0.420816	0.609865	0.488312	0.556678	0.372601	0.636114	0.367401	0.586246	0.624031	0.429525	0.616366	0.530511	0.630600	0.575179	0.511509	0.553398	0.638254	0.435503	0.477573	0.621849	0.519745	0.637594	0.519084	0.508217	0.622984	0.551298	0.632669	0.600000	0.582781	0.459924	0.634598	0.614561	0.032262	0.553140	0.625999	0.458073	0.635209	0.566667	0.602711	0.511392	0.611625	0.581236	0.622903	0.596491	0.622081	0.277439	0.624911	0.155262	0.580420	0.641739	0.520755	0.620586	0.624226	0.225369	0.507653	0.598993	0.592998	0.632114	0.507653	0.628000	0.078779	0.616460	0.261538	0.643927	0.178009	0.498537	0.626068	0.361795	0.642066	0.443537	0.470120	0.640653	0.604749	0.170772	0.615385	0.541943	0.554336	0.382343	0.497902	0.272171	0.613672	0.075931	0.439490	0.604099	0.609774	0.630802	0.535849	0.436292	0.558709	0.474443	0.611789	0.642336	0.590560	0.307567	0.617619	0.432507	0.615854	0.612827	0.631679	0.609804	0.608286	0.609225	0.629734	0.622188	0.610597	0.242613	0.565217	0.636453	0.528793	0.632025	0.485488	0.513393	0.360447	0.634826	0.474801	0.623739	0.591928	0.364223	0.591603	0.269525	0.591133	0.584713	0.620469	0.565774	0.583333	0.619092	0.644851	0.560237	0.612662	0.622055	0.631068	0.573933	0.324526	0.558252	0.632713	0.607073	0.741957	0.562031	0.604885	0.349845	0.611415	0.544971	0.619308	0.629047	0.597853	0.632432	0.655417	0.452221	0.296199	0.596416	0.622490	0.610304	0.613746	0.610526	0.617669	0.610820	0.636931	0.496774	0.596685	0.641115	0.613277	0.603652	0.406545	0.539024	0.609804	0.595339	0.478771	0.595402	0.549693	0.615034	0.290469	0.573460	0.585732	0.634766	0.232606	0.586466	0.585259	0.345029	0.418283	0.603315	0.426380	0.580347	0.593728	0.534327	0.624625	0.592366	0.592593	0.320951	0.658153	0.248062	0.597826	0.598425	0.308322	0.625954	0.631902	0.612774	0.590308	0.516373	0.600583	0.608696	0.491503	0.415621	0.617569	0.531863	0.621429	0.243482	0.608611	0.618497	0.571090	0.607219	0.570902	0.158530	0.543210	0.431535	0.645161	0.407394	0.630294	0.586433	0.636197	0.582659	0.539568	0.542331	0.572115	0.611410	0.602128	0.533000	0.050894	0.428737	0.601985	0.551313	0.626113	0.609127	0.617899	0.295626	0.629526	0.521303	0.575896	0.586288	0.577982	0.612539	0.599562	0.612420	0.228840	0.597484	0.400000	0.594262	0.617647	0.553699	0.584917	0.290469	0.494819	0.432056	0.396601	0.645963	0.603175	0.626892	0.532178	0.626145	0.561611	0.523039	0.544521	0.604797	0.486129	0.523810	0.637135	0.194928	0.539568	0.273211	0.259830	0.484375	0.636179	0.637655	0.601036	0.429161	0.596026	1.000000	0.635749	0.631399	0.641447	0.566392	0.499360	0.575904	0.537608	0.650952	0.639391	0.635870	0.452830	0.608213	0.193925	0.612514	0.598391	0.625000	0.615075	0.618421	0.622361	0.269525	0.416783	0.588567	0.632713	0.412417	0.637066	0.620155	0.568141	0.586517	0.618147	0.630048	0.582160	0.649832	0.602285	0.458893	0.413986	0.553809	0.357558	0.519448	0.406681	0.589771	0.543923	0.606607	0.616915	0.571609	0.623986	0.520735	0.600484	0.620960	0.310912	0.618485	0.659320	0.609045	0.610069	0.615509	0.595310	0.431912	0.342113	0.643322	0.638777	0.597082	0.613596	0.346519	0.648701	0.522959	0.316084	0.598684	0.619556	0.482399	0.614907	0.441423	0.208103	0.147443	0.469885	0.616246	0.487549	0.612115	0.611570	0.624102	0.407303	0.305847	0.634058	0.570423	0.547215	0.638298	0.575311	0.574894	0.534314	0.607143	0.183280	0.575588	0.210860	0.608607	0.510256	0.608863	0.604600	0.626743	0.611621	0.528421	0.500000	0.521411	0.574429	0.513410	0.617505	0.629712	0.492105	0.596260	0.610145	0.612350	0.176922	0.553398	0.621581	0.600000	0.291538	0.492435	0.615548	0.099938	0.620187	0.417827	0.481579	0.642095	0.463966	0.625306	0.522433	0.573046	0.035162	0.625743	0.577367	0.491503	0.559509	0.611168	0.566706	0.617498	0.494593	0.484848	0.601171	0.605603	0.614430	0.469496	0.637475	0.428736	0.642975	0.423742	0.605245	0.579909	0.509554	0.627329	0.407876	0.594470	0.567696	0.613198	0.623574	0.496732	0.574755	0.515306	0.363636	0.595222	0.503193	0.568698	0.357558	0.232081	0.598093	0.396601	0.547009	0.522959	0.618683	0.629371	0.580114	0.458073	0.576389	0.467114	0.546341	0.315114	0.438356	0.401685	0.452221	0.600840	0.603616	0.620438	0.617978	0.608577	0.621806	0.571101	0.625931	0.621940	0.599138	0.576744	0.616290	0.563702	0.226060	0.423237	0.570431	0.584746	0.640073	
0.601793	0.647917	0.579130	0.632537	0.545994	0.632689	0.565445	0.051552	0.642027	0.626360	0.621384	0.576295	0.615770	0.625752	0.634886	0.611940	0.623519	0.569801	0.614013	0.656811	0.465473	0.491131	0.630458	0.626289	0.628362	0.197604	0.603030	0.611637	0.573427	0.412600	0.446634	0.580110	0.607370	0.597884	0.498856	0.618986	0.654737	0.487648	0.547368	0.626310	0.644550	0.588603	0.526703	0.364907	0.627353	0.548148	0.510966	0.321148	0.634538	0.318860	0.618687	0.644610	0.380914	0.640662	0.593220	0.619485	0.600269	0.553130	0.603567	0.643599	0.385246	0.524887	0.624658	0.565217	0.625101	0.475936	0.534483	0.630992	0.588235	0.617241	0.627879	0.616523	0.408217	0.640974	0.641240	0.026910	0.583902	0.608424	0.406603	0.629593	0.601342	0.631944	0.569784	0.579281	0.618742	0.594044	0.624714	0.646989	0.324421	0.601527	0.130865	0.605505	0.636967	0.565714	0.611650	0.635135	0.191096	0.568940	0.614403	0.612943	0.636670	0.557329	0.647514	0.065970	0.601844	0.306306	0.634146	0.150328	0.455243	0.646849	0.422819	0.655207	0.490625	0.522796	0.631579	0.587883	0.144128	0.638636	0.506698	0.507238	0.329825	0.450732	0.318426	0.610490	0.063569	0.385602	0.622596	0.598746	0.658851	0.571429	0.385246	0.514689	0.535928	0.623172	0.635365	0.629902	0.262643	0.635394	0.494453	0.608053	0.604452	0.637985	0.633514	0.616339	0.624288	0.587528	0.616415	0.614260	0.284672	0.610909	0.639130	0.480547	0.634434	0.539970	0.489098	0.309211	0.657143	0.525038	0.614740	0.624843	0.313125	0.566012	0.315412	0.557227	0.561356	0.631079	0.599476	0.574142	0.632114	0.644068	0.538365	0.576419	0.635611	0.624014	0.527228	0.277532	0.598080	0.647948	0.626219	0.560224	0.527473	0.595220	0.299841	0.599662	0.495516	0.620140	0.647059	0.603943	0.640394	0.607177	0.509259	0.252688	0.586154	0.650388	0.582100	0.626866	0.621053	0.607029	0.620362	0.645224	0.448193	0.617284	0.641975	0.634660	0.645933	0.354049	0.595862	0.635676	0.617197	0.433223	0.616774	0.591667	0.595745	0.339223	0.598131	0.562874	0.652314	0.197355	0.554297	0.604423	0.400679	0.478469	0.646914	0.373259	0.612987	0.586567	0.495516	0.628319	0.590947	0.617254	0.373702	0.647887	0.290909	0.627879	0.634761	0.263305	0.635887	0.654587	0.646086	0.547523	0.580830	0.585748	0.589031	0.540299	0.472669	0.625969	0.571429	0.634146	0.206775	0.629989	0.623542	0.606142	0.639906	0.547588	0.133656	0.584615	0.477707	0.626039	0.352853	0.600924	0.627595	0.642643	0.618182	0.584574	0.588889	0.607870	0.635492	0.622485	0.477690	0.042519	0.376103	0.635468	0.592194	0.611333	0.630887	0.598319	0.345070	0.631365	0.560455	0.562500	0.536005	0.617761	0.628702	0.634921	0.641240	0.268877	0.621653	0.345588	0.579985	0.637106	0.597577	0.555990	0.339223	0.546529	0.377814	0.448445	0.633721	0.620076	0.657588	0.569425	0.625678	0.592790	0.567797	0.517803	0.625000	0.528701	0.557610	0.652174	0.164854	0.584574	0.232616	0.220969	0.555721	0.638920	0.632396	0.625287	0.484177	0.633785	0.635749	1.000000	0.636955	0.635147	0.587302	0.542274	0.549521	0.581006	0.638889	0.638075	0.648167	0.497682	0.632754	0.163992	0.632353	0.591195	0.614050	0.633333	0.639835	0.613176	0.315412	0.474194	0.583964	0.645788	0.360015	0.650372	0.597490	0.542416	0.621384	0.635514	0.617673	0.607662	0.625801	0.642857	0.409786	0.464516	0.590164	0.411467	0.558405	0.353516	0.623786	0.600543	0.641593	0.639560	0.555705	0.621302	0.471823	0.615385	0.641469	0.362369	0.587798	0.657948	0.646667	0.625272	0.612423	0.538265	0.490506	0.293017	0.637246	0.616725	0.635678	0.631476	0.296905	0.673729	0.566038	0.270115	0.646267	0.620321	0.538690	0.624569	0.389027	0.176195	0.124191	0.417631	0.633197	0.541916	0.635934	0.633803	0.609672	0.463533	0.356643	0.628345	0.605020	0.582763	0.628328	0.619289	0.541828	0.582524	0.613769	0.216319	0.614035	0.178571	0.635641	0.551825	0.634146	0.635697	0.622776	0.605111	0.488643	0.566814	0.577969	0.543307	0.546512	0.595870	0.605723	0.538346	0.633907	0.613230	0.608777	0.149396	0.581619	0.619165	0.633846	0.248611	0.441994	0.627962	0.083839	0.651270	0.478331	0.523308	0.649573	0.415111	0.617699	0.482470	0.601523	0.029336	0.653552	0.609598	0.543284	0.583333	0.633708	0.577128	0.588509	0.449803	0.536145	0.574202	0.636255	0.603015	0.515933	0.642616	0.374003	0.618834	0.366186	0.587644	0.609475	0.559420	0.629162	0.457792	0.633894	0.594378	0.647191	0.647858	0.540299	0.541314	0.574746	0.421405	0.576642	0.546512	0.576819	0.411467	0.196900	0.582666	0.448445	0.580110	0.554427	0.604459	0.646799	0.560647	0.405734	0.600780	0.513846	0.579310	0.269264	0.494488	0.450567	0.515432	0.625438	0.588235	0.637363	0.633094	0.563319	0.626506	0.610039	0.604651	0.632937	0.638655	0.603922	0.632035	0.544296	0.265683	0.471338	0.615183	0.610130	0.640873	
0.553377	0.654512	0.615385	0.608268	0.473490	0.640000	0.622795	0.066082	0.625461	0.601660	0.590129	0.619664	0.579060	0.597107	0.626415	0.599362	0.643436	0.517282	0.592191	0.630996	0.530593	0.557445	0.618959	0.584885	0.592670	0.248059	0.620453	0.534247	0.518779	0.482643	0.372654	0.536585	0.580087	0.564390	0.568700	0.562914	0.643974	0.550275	0.463840	0.574297	0.644295	0.586742	0.580974	0.440840	0.573876	0.480296	0.571272	0.385770	0.626655	0.389627	0.581270	0.646182	0.452684	0.596134	0.520710	0.636735	0.525000	0.487864	0.533487	0.627490	0.449360	0.462500	0.646104	0.495768	0.641399	0.544096	0.501801	0.618956	0.521739	0.632228	0.600832	0.603376	0.479175	0.644702	0.612705	0.034618	0.549425	0.617336	0.479705	0.646853	0.539683	0.619381	0.500000	0.605398	0.582969	0.612880	0.638971	0.599593	0.260745	0.619212	0.165847	0.566667	0.627517	0.504182	0.623452	0.641091	0.240111	0.501211	0.658023	0.587866	0.610136	0.493947	0.631478	0.084388	0.646617	0.245665	0.628617	0.189984	0.512428	0.605317	0.343793	0.634103	0.429858	0.455346	0.629371	0.628223	0.182310	0.613569	0.567422	0.562232	0.405089	0.521262	0.255747	0.656923	0.081345	0.447142	0.606811	0.619958	0.608081	0.494624	0.460225	0.582926	0.479503	0.617934	0.613357	0.608604	0.326695	0.632558	0.416667	0.633678	0.646743	0.633028	0.634652	0.646739	0.653233	0.615804	0.644628	0.640130	0.227737	0.604990	0.599811	0.527710	0.590863	0.462500	0.559433	0.381492	0.617001	0.464824	0.631104	0.586724	0.386747	0.605948	0.253237	0.599040	0.612903	0.595918	0.559378	0.629482	0.642284	0.612396	0.602200	0.610192	0.640073	0.638498	0.561323	0.344495	0.526559	0.622766	0.637736	0.580192	0.580282	0.629010	0.369804	0.649508	0.532015	0.643860	0.655387	0.651237	0.637153	0.602740	0.445860	0.314752	0.622129	0.626204	0.613111	0.645581	0.648395	0.627790	0.646465	0.653482	0.511754	0.576558	0.652101	0.623613	0.612539	0.432665	0.552204	0.644068	0.600406	0.507979	0.561404	0.546091	0.657837	0.273115	0.566591	0.601220	0.632270	0.247755	0.611722	0.588854	0.327824	0.408377	0.574446	0.446038	0.538037	0.631009	0.555960	0.616715	0.647929	0.597917	0.302098	0.620755	0.232897	0.602911	0.569280	0.327489	0.645872	0.592157	0.639847	0.604537	0.523923	0.619519	0.625341	0.473358	0.400527	0.662104	0.524476	0.643718	0.259236	0.644737	0.614815	0.553047	0.619919	0.608019	0.169317	0.516432	0.413072	0.613115	0.425562	0.625784	0.602510	0.651408	0.564498	0.561644	0.532089	0.530892	0.584964	0.613035	0.542605	0.054574	0.452300	0.583772	0.545455	0.621583	0.630476	0.640543	0.278014	0.645219	0.514286	0.618897	0.575548	0.577681	0.620690	0.598326	0.596311	0.214706	0.626506	0.422821	0.628154	0.607646	0.554545	0.594142	0.273115	0.484029	0.450286	0.377005	0.626176	0.562771	0.650644	0.520000	0.645213	0.550790	0.518343	0.579710	0.615385	0.465582	0.511905	0.632820	0.207912	0.561644	0.290570	0.276475	0.483951	0.602339	0.630137	0.623635	0.418726	0.613924	0.631399	0.636955	1.000000	0.635930	0.550952	0.498177	0.595770	0.532239	0.627074	0.623971	0.647469	0.443878	0.587487	0.206850	0.577125	0.628815	0.649612	0.621022	0.654611	0.644966	0.253237	0.396301	0.633310	0.634055	0.437409	0.630798	0.588589	0.600118	0.590129	0.660000	0.629687	0.557047	0.640650	0.620896	0.474031	0.393659	0.547756	0.336986	0.510131	0.428469	0.603538	0.542955	0.622478	0.638013	0.607253	0.641182	0.515665	0.654176	0.620884	0.292546	0.615800	0.636605	0.634523	0.648341	0.640625	0.581818	0.416125	0.362930	0.655118	0.633463	0.580922	0.655172	0.367545	0.645698	0.498789	0.335637	0.603774	0.617951	0.482077	0.628968	0.467165	0.221857	0.157540	0.485103	0.627134	0.467081	0.616480	0.654288	0.637838	0.387268	0.287729	0.626527	0.563758	0.539171	0.613383	0.588108	0.598462	0.547786	0.625755	0.171687	0.596791	0.224773	0.630648	0.503650	0.622222	0.571728	0.658208	0.641481	0.550978	0.491443	0.516746	0.602047	0.487273	0.643001	0.643728	0.463840	0.574132	0.635724	0.634106	0.188832	0.542725	0.653903	0.642086	0.309852	0.518219	0.605505	0.106970	0.608175	0.397368	0.473815	0.624418	0.490993	0.636148	0.546875	0.603243	0.037726	0.629278	0.568282	0.468401	0.525088	0.644596	0.535433	0.600702	0.518211	0.461923	0.628246	0.600000	0.647633	0.459799	0.628906	0.451418	0.608626	0.445266	0.620013	0.575163	0.512696	0.621032	0.387782	0.562637	0.565611	0.623174	0.639854	0.465923	0.594982	0.506053	0.348299	0.627737	0.492121	0.550626	0.336986	0.247200	0.618543	0.377005	0.534262	0.498789	0.660237	0.611697	0.611968	0.475605	0.554084	0.444727	0.535963	0.334620	0.419689	0.387268	0.443312	0.615694	0.633784	0.646749	0.652252	0.614163	0.641447	0.586433	0.650289	0.658515	0.616495	0.567627	0.650330	0.601407	0.212077	0.413072	0.583796	0.616633	0.656769	
0.546778	0.632778	0.628099	0.611321	0.446784	0.647460	0.608696	0.070703	0.627660	0.585317	0.577869	0.618868	0.567347	0.586957	0.626812	0.580711	0.630673	0.484711	0.559006	0.636525	0.535581	0.569270	0.630357	0.568443	0.578579	0.263670	0.638241	0.539130	0.506696	0.504312	0.351899	0.517127	0.557851	0.531483	0.565060	0.560000	0.631300	0.564856	0.458629	0.601923	0.648867	0.648427	0.600000	0.462822	0.564417	0.467290	0.582441	0.410553	0.630416	0.404602	0.567318	0.624329	0.465629	0.611490	0.501687	0.643026	0.538961	0.470046	0.520879	0.608779	0.470813	0.445498	0.633229	0.491389	0.645480	0.556802	0.472064	0.615955	0.511732	0.639821	0.584493	0.568548	0.498987	0.632391	0.603922	0.037081	0.522976	0.637047	0.496979	0.629630	0.537797	0.585646	0.490868	0.631250	0.564583	0.635553	0.593365	0.595331	0.245283	0.634474	0.176806	0.552966	0.652104	0.483541	0.643613	0.629417	0.255294	0.487356	0.627543	0.574000	0.611215	0.487356	0.622468	0.090229	0.631732	0.230978	0.655280	0.202362	0.540262	0.604697	0.324324	0.637607	0.409257	0.441001	0.639731	0.620553	0.194241	0.610745	0.573235	0.575472	0.420323	0.531600	0.240541	0.648810	0.086986	0.472671	0.586377	0.632807	0.611219	0.494892	0.476917	0.573553	0.452297	0.600000	0.646362	0.573721	0.346277	0.621984	0.394089	0.642346	0.640474	0.619048	0.600362	0.620209	0.628340	0.630952	0.645818	0.621176	0.213992	0.566600	0.632153	0.564570	0.600583	0.447867	0.552716	0.401739	0.634280	0.445238	0.644364	0.576687	0.404021	0.624849	0.238160	0.616374	0.611111	0.601562	0.543915	0.609032	0.631760	0.632889	0.596273	0.636656	0.629468	0.644478	0.588759	0.364910	0.529670	0.634146	0.605072	0.617775	0.594832	0.623816	0.392039	0.628571	0.575064	0.633446	0.642674	0.615266	0.633779	0.632013	0.427021	0.333761	0.627954	0.609982	0.630000	0.607685	0.628312	0.640614	0.616883	0.631317	0.531915	0.591322	0.641815	0.600966	0.591937	0.442877	0.520971	0.629295	0.584466	0.510435	0.564854	0.506104	0.630078	0.257028	0.533333	0.622328	0.623423	0.263350	0.612366	0.586935	0.309091	0.388614	0.583249	0.467706	0.565720	0.623274	0.564885	0.624885	0.623209	0.577689	0.284585	0.634058	0.218878	0.588469	0.580513	0.347107	0.626102	0.614662	0.621324	0.602985	0.502273	0.624143	0.626984	0.458284	0.378580	0.636439	0.514412	0.626866	0.275439	0.611913	0.615658	0.546237	0.587549	0.593586	0.180482	0.506696	0.390606	0.634494	0.448506	0.631508	0.582000	0.644068	0.557308	0.523913	0.517203	0.549020	0.593103	0.598441	0.558965	0.058414	0.468037	0.592145	0.530303	0.634589	0.627057	0.633115	0.261682	0.643164	0.490950	0.613202	0.609674	0.546973	0.611898	0.576000	0.594118	0.201657	0.598077	0.441227	0.619355	0.603083	0.536797	0.624345	0.257028	0.466200	0.475834	0.356061	0.659522	0.576446	0.641853	0.512304	0.644911	0.539785	0.494938	0.561480	0.608612	0.448399	0.493213	0.629468	0.221316	0.523913	0.308385	0.293574	0.456674	0.642991	0.645215	0.608944	0.396064	0.570565	0.641447	0.635147	0.635930	1.000000	0.542156	0.470588	0.604811	0.519509	0.645921	0.622691	0.640336	0.422705	0.581560	0.220193	0.587763	0.640055	0.632684	0.625347	0.631304	0.641758	0.238160	0.374532	0.610778	0.617886	0.454871	0.638146	0.638081	0.602188	0.569672	0.624126	0.646526	0.552239	0.653061	0.594852	0.502834	0.369538	0.523549	0.317829	0.484711	0.447183	0.585075	0.525627	0.628571	0.606783	0.604428	0.629289	0.539427	0.647547	0.607046	0.275497	0.622951	0.643404	0.608696	0.620564	0.632931	0.607204	0.396064	0.384184	0.646880	0.659142	0.577277	0.616279	0.389005	0.648889	0.485057	0.355641	0.607214	0.644666	0.454865	0.608365	0.480866	0.236041	0.168000	0.507623	0.627485	0.461720	0.597858	0.629787	0.628827	0.368421	0.270916	0.633613	0.541578	0.530702	0.621429	0.565531	0.605187	0.507761	0.595376	0.161017	0.561798	0.239118	0.602637	0.478060	0.610320	0.594595	0.643678	0.629842	0.568983	0.468677	0.490909	0.598240	0.474108	0.641509	0.632384	0.451537	0.598995	0.633015	0.624601	0.201143	0.518681	0.644793	0.612457	0.328622	0.524041	0.599024	0.114281	0.615091	0.380597	0.444444	0.623098	0.502674	0.620900	0.561185	0.561404	0.040406	0.616788	0.558824	0.460635	0.517203	0.608777	0.531618	0.624915	0.530502	0.447337	0.629698	0.595661	0.629818	0.433333	0.610487	0.467832	0.643519	0.466521	0.629371	0.569647	0.482204	0.602662	0.366374	0.572327	0.543103	0.616246	0.636204	0.462985	0.604191	0.487356	0.328626	0.615087	0.478711	0.533044	0.317829	0.262765	0.612613	0.356061	0.525967	0.491954	0.640805	0.621895	0.618619	0.488925	0.543158	0.425993	0.525386	0.354575	0.399510	0.365915	0.422195	0.589595	0.624672	0.637902	0.629116	0.618650	0.638095	0.559499	0.642857	0.627418	0.591716	0.553911	0.611765	0.601143	0.199170	0.388133	0.556614	0.586408	0.640875	
0.623116	0.603093	0.509317	0.612950	0.608163	0.538784	0.471813	0.031690	0.600262	0.634526	0.644845	0.450612	0.640650	0.624420	0.611637	0.625806	0.554217	0.629344	0.632280	0.600262	0.322981	0.353086	0.601325	0.648649	0.624606	0.125082	0.494718	0.627027	0.632768	0.276329	0.512941	0.633333	0.626866	0.643357	0.365729	0.611966	0.608355	0.340882	0.594595	0.607407	0.562572	0.472197	0.395848	0.239130	0.626427	0.615071	0.379242	0.208531	0.588670	0.206946	0.644737	0.610890	0.252205	0.601208	0.637405	0.550885	0.615385	0.608350	0.631193	0.609078	0.253546	0.597077	0.559824	0.628458	0.508088	0.339265	0.636719	0.605891	0.656604	0.536885	0.633385	0.622010	0.271863	0.603491	0.622901	0.016462	0.597450	0.497268	0.270066	0.583232	0.641711	0.602941	0.622309	0.442105	0.642017	0.463370	0.608696	0.609351	0.461538	0.472469	0.081726	0.642487	0.569460	0.639535	0.511407	0.589202	0.120803	0.617822	0.545455	0.617323	0.587234	0.629703	0.624133	0.040668	0.517344	0.436658	0.539545	0.094249	0.321852	0.617960	0.538835	0.581366	0.600877	0.594937	0.566221	0.478751	0.090249	0.623563	0.373125	0.370706	0.214554	0.306538	0.448000	0.531154	0.039170	0.256158	0.617284	0.494505	0.633782	0.608527	0.253546	0.376812	0.619835	0.612766	0.560588	0.623418	0.168483	0.594164	0.590604	0.509197	0.534553	0.595579	0.601889	0.582375	0.565517	0.469050	0.520792	0.556044	0.423077	0.608424	0.581522	0.332945	0.629518	0.605428	0.371447	0.200280	0.597796	0.614737	0.512871	0.626427	0.202981	0.433101	0.443850	0.422305	0.433772	0.597876	0.631034	0.469198	0.605000	0.589474	0.405405	0.458824	0.598465	0.535005	0.395251	0.178583	0.623853	0.592992	0.592693	0.443730	0.392022	0.485175	0.193833	0.530000	0.355000	0.568987	0.598504	0.536481	0.592058	0.536009	0.612069	0.161765	0.482079	0.616457	0.456680	0.604775	0.527197	0.507491	0.576701	0.581948	0.302485	0.629393	0.582278	0.608955	0.634969	0.231485	0.632163	0.596491	0.616541	0.295607	0.639594	0.634328	0.504817	0.481675	0.612389	0.430629	0.614765	0.124918	0.432802	0.622222	0.538272	0.582393	0.619808	0.245599	0.638225	0.474048	0.357500	0.600000	0.494665	0.629108	0.497462	0.606225	0.426230	0.630265	0.626230	0.168931	0.598179	0.595136	0.625173	0.424427	0.621359	0.501372	0.481255	0.563786	0.557078	0.580189	0.629423	0.568371	0.131133	0.605653	0.592885	0.651327	0.618401	0.419259	0.083516	0.621469	0.567568	0.522803	0.230645	0.488330	0.626772	0.579141	0.617747	0.619820	0.623134	0.614828	0.633846	0.614221	0.332365	0.026090	0.247619	0.614650	0.633274	0.492049	0.587106	0.514911	0.484375	0.604010	0.631985	0.445860	0.401982	0.644182	0.631124	0.629921	0.610687	0.406685	0.616296	0.225552	0.457384	0.638930	0.654741	0.421598	0.481675	0.645030	0.248264	0.557377	0.566038	0.600332	0.571090	0.661626	0.548807	0.626549	0.648855	0.385608	0.623529	0.619247	0.643545	0.601023	0.103661	0.619820	0.148302	0.140541	0.621677	0.607092	0.566706	0.603499	0.580357	0.606061	0.566392	0.587302	0.550952	0.542156	1.000000	0.605578	0.411296	0.650376	0.575243	0.585492	0.586667	0.604752	0.633441	0.103100	0.617089	0.487132	0.534572	0.631285	0.596178	0.528000	0.433155	0.577982	0.479789	0.576819	0.235682	0.607662	0.490603	0.415452	0.618658	0.603338	0.542231	0.621291	0.552255	0.605263	0.271734	0.577982	0.598540	0.528117	0.633205	0.231111	0.625000	0.634058	0.591667	0.614325	0.430322	0.575904	0.351784	0.535417	0.611860	0.512821	0.465517	0.595062	0.617318	0.602180	0.542231	0.408960	0.584821	0.189153	0.539515	0.529046	0.614379	0.574493	0.191818	0.615789	0.617822	0.173544	0.625592	0.543710	0.618852	0.622999	0.257426	0.111046	0.077454	0.277401	0.578283	0.628099	0.628399	0.577778	0.540041	0.568129	0.479381	0.569697	0.631763	0.658135	0.601325	0.605960	0.417518	0.640596	0.621100	0.332362	0.631922	0.112598	0.622669	0.626747	0.592885	0.608833	0.538298	0.511176	0.352869	0.619718	0.621359	0.420896	0.607143	0.477816	0.506518	0.602911	0.622222	0.499546	0.559188	0.093648	0.631193	0.524590	0.586599	0.159021	0.300736	0.609091	0.051868	0.618768	0.569476	0.598753	0.598404	0.276864	0.534884	0.331210	0.625828	0.017955	0.623803	0.626917	0.596708	0.623134	0.600567	0.612676	0.478261	0.309524	0.612500	0.449921	0.631741	0.516832	0.623158	0.605974	0.246127	0.530612	0.240034	0.455298	0.639866	0.632411	0.640466	0.583333	0.614601	0.642984	0.600567	0.579560	0.613169	0.416851	0.605941	0.536232	0.468803	0.626984	0.637993	0.537897	0.124619	0.459209	0.557377	0.611111	0.617822	0.514119	0.598338	0.430769	0.270066	0.642735	0.592275	0.632163	0.172966	0.589800	0.568129	0.607759	0.627043	0.476273	0.587515	0.600760	0.463866	0.560894	0.634064	0.504233	0.577670	0.622496	0.629948	0.594595	0.411552	0.396648	0.594595	0.637931	0.616541	0.599515	
0.592030	0.555241	0.441964	0.576000	0.614286	0.475113	0.395199	0.024027	0.554113	0.596859	0.609982	0.374026	0.616514	0.596187	0.553064	0.610909	0.488731	0.629464	0.625235	0.531025	0.253968	0.278710	0.543066	0.628352	0.592199	0.095936	0.403377	0.606186	0.637744	0.216000	0.563380	0.629787	0.622889	0.617530	0.289157	0.613592	0.551724	0.268657	0.608273	0.548760	0.506866	0.408958	0.314182	0.186047	0.585635	0.622328	0.301465	0.161616	0.528302	0.160356	0.620818	0.556369	0.196542	0.570946	0.656388	0.474820	0.597137	0.632794	0.606316	0.580750	0.197621	0.635697	0.487515	0.614679	0.436290	0.267327	0.606335	0.575428	0.639130	0.461369	0.598949	0.603232	0.212389	0.546448	0.594872	0.012458	0.617954	0.414397	0.210938	0.525896	0.623218	0.586885	0.625850	0.369099	0.624762	0.403131	0.574194	0.590219	0.540717	0.403409	0.062347	0.612967	0.504370	0.636771	0.433809	0.521739	0.092605	0.629885	0.479241	0.569912	0.573228	0.634483	0.571429	0.030868	0.447284	0.498339	0.464244	0.072012	0.253968	0.620102	0.584795	0.538776	0.611399	0.603960	0.523240	0.393352	0.068922	0.571885	0.295284	0.293279	0.166410	0.240535	0.524590	0.462046	0.029725	0.199723	0.602076	0.418787	0.604341	0.596413	0.197621	0.298343	0.632850	0.570079	0.503347	0.587189	0.129925	0.564327	0.610080	0.442368	0.450766	0.557940	0.566319	0.552595	0.505000	0.399257	0.453191	0.485714	0.496599	0.602452	0.537538	0.262136	0.579125	0.606357	0.299376	0.155061	0.548780	0.622222	0.446809	0.604052	0.157205	0.353230	0.526316	0.338824	0.353808	0.594228	0.619608	0.385650	0.547945	0.527536	0.323353	0.383929	0.539326	0.473506	0.317181	0.137887	0.606316	0.544643	0.556054	0.366269	0.312139	0.408437	0.149948	0.455914	0.282353	0.528705	0.538251	0.470998	0.525624	0.489060	0.644670	0.124639	0.407266	0.562597	0.370815	0.546784	0.476298	0.426854	0.511920	0.525907	0.237232	0.586331	0.508135	0.600000	0.608247	0.179925	0.632696	0.554396	0.571429	0.231635	0.602687	0.639485	0.433884	0.525641	0.634343	0.345877	0.562963	0.095808	0.346431	0.600000	0.585075	0.605898	0.571942	0.191235	0.581395	0.392265	0.282353	0.544615	0.430801	0.579965	0.567901	0.544096	0.479730	0.612960	0.600000	0.130277	0.543634	0.550079	0.572741	0.348387	0.620225	0.416422	0.399257	0.591346	0.603261	0.514139	0.642398	0.516213	0.100652	0.567608	0.560232	0.626263	0.590219	0.337500	0.063726	0.620390	0.614973	0.472859	0.179253	0.409962	0.601770	0.523490	0.620155	0.643299	0.630901	0.604555	0.579310	0.575296	0.261660	0.019768	0.192857	0.587814	0.638037	0.420420	0.546282	0.440171	0.535032	0.530220	0.632517	0.364250	0.321668	0.623327	0.573718	0.605310	0.570940	0.498270	0.591736	0.175182	0.387444	0.600332	0.638037	0.336973	0.532051	0.643026	0.193375	0.588235	0.503856	0.585366	0.511628	0.640523	0.485915	0.610101	0.629956	0.307912	0.590164	0.627451	0.650334	0.544944	0.079295	0.643299	0.114074	0.108000	0.630072	0.554331	0.501931	0.564935	0.650794	0.614004	0.499360	0.542274	0.498177	0.470588	0.605578	1.000000	0.329519	0.636364	0.506631	0.541311	0.540397	0.656489	0.615942	0.078861	0.572954	0.414538	0.464961	0.569659	0.545455	0.455914	0.486842	0.579235	0.402622	0.553571	0.183284	0.550218	0.420829	0.331797	0.617375	0.547250	0.467942	0.604374	0.498212	0.570033	0.212285	0.622951	0.619247	0.607670	0.647321	0.179626	0.596491	0.609959	0.572308	0.570122	0.349515	0.528947	0.277635	0.460674	0.556548	0.556250	0.396330	0.527027	0.578947	0.563253	0.467942	0.328767	0.613757	0.146242	0.473265	0.465324	0.616236	0.512354	0.148352	0.562319	0.602299	0.133912	0.600355	0.474654	0.641148	0.583468	0.200743	0.085023	0.059057	0.216867	0.537396	0.628019	0.577703	0.521622	0.460177	0.600551	0.534591	0.519205	0.632207	0.641509	0.540146	0.617978	0.332308	0.629550	0.593698	0.417582	0.580882	0.086228	0.577352	0.635731	0.542816	0.570922	0.468966	0.440042	0.278530	0.637002	0.615730	0.340157	0.612903	0.390200	0.426295	0.608273	0.578571	0.417071	0.504284	0.071547	0.614737	0.442606	0.543689	0.122484	0.235808	0.566102	0.039423	0.568627	0.607046	0.642336	0.560117	0.216433	0.479452	0.260712	0.621723	0.013590	0.577912	0.599613	0.591346	0.605150	0.594340	0.586345	0.411992	0.242970	0.604878	0.363636	0.594128	0.446809	0.632099	0.584518	0.191659	0.473868	0.186770	0.376098	0.614801	0.637615	0.576985	0.591160	0.616570	0.645030	0.575472	0.534851	0.600962	0.336711	0.643678	0.575581	0.387097	0.640553	0.631148	0.560472	0.095575	0.386059	0.616246	0.625532	0.629885	0.447231	0.567485	0.351220	0.210938	0.570874	0.621212	0.632696	0.133457	0.619423	0.617080	0.639594	0.597015	0.396694	0.530120	0.528512	0.382143	0.494545	0.619503	0.431017	0.522546	0.601036	0.626223	0.570149	0.328517	0.472222	0.609626	0.631373	0.598319	0.527851	
0.438122	0.556467	0.584789	0.507979	0.314088	0.604651	0.620795	0.116125	0.550891	0.475207	0.447887	0.639135	0.455056	0.475275	0.537468	0.456263	0.599303	0.349661	0.438298	0.544529	0.630233	0.634006	0.538363	0.429693	0.468468	0.400966	0.631362	0.394428	0.365672	0.602292	0.225284	0.376575	0.441926	0.414193	0.634640	0.426112	0.556190	0.632087	0.302326	0.498652	0.589286	0.613851	0.653061	0.581693	0.451477	0.315385	0.642734	0.534347	0.565083	0.536804	0.447424	0.542894	0.573936	0.488103	0.357089	0.593112	0.397661	0.330793	0.382570	0.506702	0.575530	0.299689	0.606977	0.334601	0.634409	0.634870	0.342165	0.528252	0.364451	0.616246	0.475862	0.466574	0.608308	0.564867	0.483607	0.061593	0.387334	0.631358	0.600615	0.578431	0.401460	0.499664	0.340909	0.654599	0.435897	0.632299	0.508339	0.489130	0.153457	0.635659	0.280482	0.417867	0.584524	0.347170	0.635142	0.580373	0.392136	0.333333	0.601626	0.475069	0.520476	0.333333	0.568627	0.147237	0.614961	0.144068	0.595843	0.318407	0.624806	0.484311	0.206388	0.566295	0.268775	0.293063	0.580882	0.640163	0.306422	0.512957	0.638770	0.641156	0.559424	0.624299	0.150338	0.610738	0.142097	0.589744	0.481812	0.627038	0.492558	0.347170	0.595106	0.647185	0.306265	0.519155	0.570726	0.466343	0.493340	0.539987	0.256369	0.619978	0.617959	0.544994	0.538065	0.551508	0.581298	0.626789	0.613524	0.593368	0.132992	0.468966	0.525566	0.645825	0.495587	0.299689	0.621878	0.536426	0.528990	0.294393	0.614623	0.450070	0.539840	0.657469	0.148774	0.642526	0.634286	0.485014	0.423326	0.630893	0.570541	0.543021	0.641986	0.651326	0.561911	0.603624	0.645248	0.512961	0.379616	0.537718	0.531008	0.629323	0.651348	0.637877	0.523404	0.624655	0.633458	0.560197	0.566108	0.603102	0.571951	0.578502	0.279654	0.481933	0.629610	0.520315	0.639922	0.545106	0.606232	0.625466	0.584726	0.579043	0.626667	0.457143	0.586412	0.493577	0.487337	0.573171	0.377778	0.536774	0.488467	0.614431	0.428571	0.371747	0.623714	0.161209	0.403202	0.649436	0.539254	0.400148	0.649106	0.465601	0.196046	0.250799	0.458537	0.589547	0.421505	0.634097	0.625156	0.519294	0.610870	0.469613	0.179551	0.533592	0.136170	0.475862	0.446794	0.504410	0.553866	0.510610	0.527415	0.645588	0.345921	0.622503	0.639059	0.308880	0.243785	0.579360	0.372957	0.583030	0.412686	0.529639	0.545918	0.406114	0.490489	0.636406	0.285975	0.365672	0.252195	0.586651	0.572210	0.635465	0.468144	0.571429	0.422939	0.394428	0.371747	0.392070	0.482522	0.484354	0.636364	0.096336	0.582879	0.457898	0.396199	0.626198	0.529259	0.617080	0.164292	0.563783	0.350904	0.641162	0.654365	0.430813	0.508317	0.472299	0.489071	0.125000	0.495957	0.565620	0.637914	0.492578	0.397661	0.643221	0.161209	0.317972	0.587215	0.228155	0.581774	0.440510	0.585602	0.363229	0.595032	0.401747	0.357089	0.634531	0.499664	0.298368	0.350904	0.563168	0.346136	0.394428	0.454351	0.442714	0.312789	0.517834	0.578502	0.498997	0.257757	0.461003	0.575904	0.549521	0.595770	0.604811	0.411296	0.329519	1.000000	0.366890	0.568279	0.555345	0.571603	0.278302	0.459818	0.344502	0.464955	0.619926	0.608549	0.523279	0.553325	0.623549	0.148774	0.240964	0.628659	0.527402	0.581582	0.536398	0.598901	0.646492	0.449296	0.557935	0.608597	0.412446	0.606519	0.503684	0.606040	0.240964	0.386146	0.201970	0.349661	0.570646	0.474810	0.389420	0.520602	0.534202	0.637352	0.573520	0.611910	0.602600	0.533849	0.173478	0.636872	0.570723	0.518033	0.528840	0.616516	0.640219	0.257757	0.527002	0.615472	0.609137	0.447572	0.572816	0.533369	0.546845	0.333333	0.503289	0.463245	0.590727	0.311488	0.506684	0.599802	0.367450	0.267269	0.613027	0.558401	0.306265	0.485384	0.570723	0.619181	0.236715	0.170426	0.563035	0.412446	0.384956	0.540921	0.438783	0.655346	0.372957	0.491228	0.098958	0.449754	0.371201	0.508632	0.328244	0.540816	0.464310	0.603774	0.615887	0.636214	0.323124	0.345921	0.643090	0.332064	0.648157	0.633032	0.302326	0.468381	0.627225	0.584906	0.316611	0.382570	0.630553	0.556250	0.470722	0.622648	0.484683	0.185013	0.504359	0.245192	0.302326	0.541960	0.609391	0.611966	0.642744	0.443029	0.067040	0.524675	0.428367	0.308880	0.371747	0.517492	0.406681	0.630423	0.626270	0.301009	0.653120	0.482853	0.615723	0.294393	0.517196	0.593042	0.603448	0.584586	0.637581	0.438122	0.334601	0.504011	0.235294	0.430615	0.402332	0.510891	0.558786	0.308880	0.644773	0.333333	0.209321	0.642607	0.332064	0.397952	0.201970	0.401185	0.632633	0.228155	0.376575	0.333333	0.625272	0.522534	0.649597	0.598565	0.421808	0.282353	0.377778	0.500972	0.261905	0.236715	0.279654	0.495277	0.641260	0.568266	0.549437	0.647324	0.599765	0.433666	0.642094	0.571953	0.474623	0.423022	0.535830	0.646308	0.123393	0.252195	0.420446	0.488467	0.579302	
0.585278	0.584239	0.475162	0.592366	0.595556	0.505470	0.425876	0.027318	0.572614	0.616915	0.644483	0.413502	0.615652	0.596376	0.592275	0.620690	0.524628	0.623431	0.627451	0.575380	0.284229	0.311392	0.576224	0.641304	0.622896	0.108537	0.443431	0.625243	0.627291	0.242365	0.576623	0.636000	0.618117	0.635338	0.322835	0.609174	0.586777	0.300366	0.607710	0.576378	0.539110	0.444655	0.350178	0.209184	0.614311	0.643016	0.336295	0.182020	0.567358	0.180617	0.623239	0.577840	0.220826	0.598071	0.648760	0.511574	0.601156	0.626350	0.613861	0.606532	0.222022	0.624146	0.525832	0.626609	0.468843	0.298906	0.618644	0.591382	0.636735	0.495726	0.632280	0.623509	0.238372	0.564304	0.621138	0.014176	0.628684	0.455577	0.236766	0.551724	0.633397	0.603125	0.649682	0.410042	0.641441	0.442966	0.603077	0.629213	0.498516	0.441989	0.070700	0.623377	0.548736	0.626050	0.468379	0.534483	0.104792	0.645161	0.515464	0.598319	0.592481	0.632258	0.604993	0.035080	0.478844	0.477341	0.507361	0.081606	0.284229	0.612642	0.553763	0.564706	0.629808	0.635945	0.551724	0.434861	0.078120	0.597561	0.329538	0.327345	0.187357	0.269441	0.501493	0.489883	0.033784	0.224350	0.615132	0.452471	0.613672	0.609244	0.222022	0.332882	0.626126	0.595489	0.543115	0.621622	0.146647	0.582633	0.624079	0.473313	0.495763	0.581619	0.576320	0.567968	0.546988	0.431798	0.484536	0.514943	0.469136	0.599002	0.560345	0.293206	0.602564	0.619590	0.332654	0.174716	0.586006	0.606897	0.488660	0.638743	0.177106	0.391061	0.485030	0.377011	0.390088	0.600969	0.611111	0.419214	0.568421	0.575000	0.360176	0.422609	0.566038	0.510360	0.353448	0.155549	0.621782	0.575499	0.569385	0.400332	0.347949	0.447344	0.169014	0.483333	0.315385	0.562259	0.569554	0.513453	0.548673	0.508055	0.641509	0.140732	0.444238	0.587888	0.410042	0.571429	0.502183	0.463035	0.524788	0.563591	0.265802	0.604096	0.537998	0.622222	0.633987	0.202386	0.638723	0.590585	0.601600	0.259631	0.635209	0.637097	0.474950	0.514620	0.651429	0.384676	0.592908	0.108394	0.385278	0.616949	0.580822	0.595533	0.590444	0.214941	0.615385	0.431900	0.315385	0.585294	0.460141	0.614357	0.542373	0.586552	0.472393	0.628952	0.642105	0.147041	0.570645	0.579666	0.609078	0.387402	0.648421	0.452042	0.437218	0.600897	0.603015	0.551980	0.635815	0.549313	0.113836	0.586060	0.573018	0.632381	0.613162	0.375573	0.072257	0.623218	0.608911	0.495925	0.201639	0.450652	0.618487	0.565161	0.626374	0.640777	0.641129	0.612086	0.600000	0.602254	0.292683	0.022482	0.216740	0.622449	0.620424	0.468416	0.592163	0.478261	0.511628	0.567282	0.643006	0.401316	0.358339	0.629295	0.599388	0.618487	0.595122	0.445141	0.598425	0.197115	0.420961	0.616114	0.655106	0.375000	0.526316	0.635762	0.217314	0.589147	0.542079	0.618117	0.554726	0.633947	0.519274	0.624762	0.619835	0.343336	0.612500	0.630137	0.630480	0.560647	0.089814	0.640777	0.128897	0.122084	0.650334	0.601504	0.540273	0.603715	0.602941	0.620102	0.537608	0.581006	0.532239	0.519509	0.650376	0.636364	0.366890	1.000000	0.548469	0.565574	0.555414	0.628842	0.635739	0.089325	0.594595	0.456107	0.512379	0.597633	0.577181	0.485417	0.497006	0.606061	0.437158	0.575499	0.206116	0.580195	0.457261	0.369369	0.637478	0.579161	0.507073	0.619137	0.529344	0.602484	0.238257	0.601010	0.629921	0.585366	0.635983	0.202053	0.626667	0.632812	0.588235	0.580175	0.388626	0.556962	0.310214	0.506522	0.595442	0.548571	0.435714	0.566234	0.597633	0.585014	0.504897	0.366071	0.612745	0.164879	0.517052	0.502165	0.636364	0.540676	0.167233	0.594444	0.632258	0.151106	0.637437	0.501114	0.642857	0.593509	0.225481	0.096263	0.066984	0.243323	0.561170	0.644144	0.610932	0.548052	0.496788	0.590331	0.511494	0.550318	0.622889	0.646943	0.562238	0.627660	0.369925	0.623742	0.606635	0.376238	0.613240	0.097619	0.605784	0.629067	0.570236	0.602694	0.511111	0.475228	0.311195	0.638950	0.635789	0.378462	0.603448	0.432862	0.466151	0.616780	0.623729	0.458058	0.517119	0.081081	0.629703	0.479438	0.572570	0.138319	0.264232	0.593548	0.044776	0.607477	0.601504	0.625850	0.592697	0.242843	0.503311	0.291642	0.631206	0.015463	0.596237	0.610603	0.618834	0.629032	0.621622	0.583333	0.447368	0.272124	0.618182	0.403941	0.623974	0.478351	0.620690	0.609351	0.215412	0.505051	0.209987	0.416096	0.642729	0.643777	0.599691	0.602041	0.644809	0.638623	0.609610	0.570259	0.623318	0.374714	0.623656	0.582888	0.422339	0.625000	0.637066	0.558266	0.108132	0.421236	0.599483	0.628000	0.640860	0.484296	0.592375	0.390476	0.236766	0.598165	0.624413	0.646707	0.150597	0.603406	0.590331	0.627358	0.609795	0.432529	0.555985	0.576769	0.412174	0.528655	0.636528	0.473118	0.561224	0.623974	0.628466	0.582857	0.365799	0.440252	0.603960	0.644444	0.604800	0.563776	
0.593640	0.628405	0.633826	0.593453	0.498652	0.638474	0.563701	0.058791	0.646305	0.607821	0.597914	0.594448	0.604383	0.609566	0.643794	0.577982	0.607725	0.529870	0.586166	0.636453	0.492338	0.525641	0.635551	0.587678	0.595937	0.223005	0.615274	0.594796	0.551724	0.451335	0.410635	0.542929	0.573099	0.550971	0.522026	0.609319	0.638507	0.512953	0.510232	0.642934	0.628673	0.627131	0.558633	0.406203	0.605780	0.522207	0.537892	0.359265	0.637218	0.352785	0.579070	0.616915	0.415079	0.632385	0.541237	0.621107	0.572133	0.508609	0.569636	0.628877	0.422648	0.478796	0.632846	0.532982	0.640061	0.501548	0.505236	0.627979	0.554987	0.625407	0.618141	0.577929	0.446520	0.629981	0.624035	0.030744	0.561798	0.620741	0.445570	0.625116	0.592866	0.600858	0.542595	0.606590	0.583235	0.613095	0.598726	0.620765	0.289348	0.628447	0.148393	0.592058	0.650045	0.533854	0.627301	0.619565	0.215761	0.528402	0.602575	0.586246	0.641588	0.517834	0.628983	0.075155	0.618557	0.272873	0.651915	0.170226	0.490361	0.633663	0.376506	0.649007	0.457627	0.498623	0.641860	0.604982	0.163278	0.618143	0.533333	0.540390	0.367375	0.478754	0.283892	0.602762	0.072434	0.428169	0.615556	0.613095	0.631922	0.554688	0.420255	0.533333	0.489130	0.606061	0.656688	0.585973	0.295037	0.626243	0.452074	0.614786	0.592233	0.626836	0.604230	0.604831	0.618538	0.623302	0.622821	0.598967	0.253247	0.573348	0.663968	0.514721	0.631004	0.506156	0.507649	0.346203	0.652352	0.481431	0.618067	0.591908	0.349837	0.588997	0.281150	0.586099	0.571614	0.630077	0.574519	0.584551	0.600760	0.673913	0.553679	0.610264	0.626692	0.622002	0.564133	0.311433	0.577164	0.661972	0.591322	0.602941	0.565064	0.602198	0.335935	0.610224	0.534557	0.603175	0.637571	0.589527	0.622345	0.651501	0.469274	0.284055	0.587719	0.631579	0.599866	0.596421	0.602649	0.621212	0.607685	0.632541	0.488101	0.610478	0.628011	0.594360	0.615044	0.390746	0.557377	0.612286	0.601963	0.462734	0.600237	0.543147	0.612403	0.302839	0.570379	0.593253	0.623872	0.222728	0.573614	0.587302	0.362253	0.434532	0.621868	0.412243	0.591885	0.583807	0.515119	0.635802	0.590803	0.601571	0.334365	0.672048	0.258900	0.589026	0.603248	0.295767	0.622919	0.658254	0.635897	0.577465	0.524120	0.599257	0.600429	0.512195	0.437681	0.625455	0.527250	0.618481	0.233203	0.601005	0.609298	0.570379	0.609836	0.553059	0.151528	0.544061	0.436782	0.649870	0.393119	0.628111	0.597520	0.641050	0.582339	0.542751	0.553299	0.583851	0.627494	0.600219	0.521034	0.048521	0.413739	0.613636	0.545006	0.626798	0.615698	0.626391	0.308176	0.628571	0.523995	0.568966	0.574174	0.575148	0.608879	0.613303	0.637266	0.238953	0.586839	0.385940	0.573417	0.616216	0.559803	0.581047	0.302839	0.502013	0.417058	0.412371	0.661818	0.631579	0.653285	0.535211	0.642249	0.575275	0.518041	0.532174	0.600858	0.495890	0.518807	0.640232	0.186482	0.542751	0.261864	0.248959	0.499325	0.652038	0.627843	0.607676	0.440000	0.593857	0.650952	0.638889	0.627074	0.645921	0.575243	0.506631	0.568279	0.548469	1.000000	0.648438	0.629526	0.461538	0.620137	0.185517	0.626697	0.592537	0.615889	0.609504	0.615236	0.611821	0.281150	0.433140	0.588489	0.653924	0.399403	0.658077	0.639747	0.555419	0.595597	0.612997	0.634187	0.598788	0.651163	0.583333	0.449724	0.424419	0.552500	0.369138	0.524675	0.393839	0.596413	0.577114	0.633745	0.603272	0.558408	0.615527	0.511182	0.605611	0.631791	0.323988	0.607649	0.657250	0.617769	0.604462	0.607762	0.584352	0.460000	0.328449	0.631141	0.636513	0.615741	0.610449	0.332715	0.636364	0.544254	0.303269	0.616949	0.635294	0.486486	0.613419	0.430073	0.199149	0.140893	0.454624	0.609195	0.500000	0.619256	0.619586	0.611746	0.417518	0.318750	0.635097	0.581818	0.563204	0.645482	0.577103	0.556104	0.547529	0.596757	0.191597	0.579677	0.201800	0.606955	0.512616	0.601385	0.650113	0.617450	0.597970	0.514682	0.510013	0.529335	0.555276	0.492063	0.599719	0.612368	0.507503	0.621315	0.606061	0.600527	0.169182	0.559598	0.625291	0.588686	0.279553	0.475395	0.631579	0.095390	0.633833	0.437048	0.493861	0.627490	0.451251	0.616027	0.512380	0.565421	0.033510	0.616480	0.579261	0.514905	0.560914	0.611691	0.553659	0.604720	0.480952	0.502732	0.589404	0.614872	0.603803	0.467675	0.626178	0.416925	0.647506	0.407590	0.613699	0.581861	0.511873	0.621938	0.412281	0.596908	0.564417	0.628392	0.641951	0.501355	0.555763	0.528402	0.378378	0.592490	0.505291	0.538272	0.372163	0.222222	0.594032	0.400589	0.547980	0.528402	0.612979	0.661191	0.577320	0.440506	0.585424	0.473538	0.552333	0.302332	0.452347	0.417518	0.463687	0.605405	0.592488	0.639850	0.605187	0.590846	0.608544	0.579882	0.611407	0.613383	0.628191	0.569028	0.600806	0.557117	0.236066	0.433908	0.596154	0.582334	0.624535	
0.602258	0.643443	0.595197	0.627933	0.536232	0.634315	0.572062	0.053260	0.650052	0.631079	0.618989	0.579649	0.640491	0.630460	0.641108	0.621951	0.619946	0.559889	0.611735	0.656282	0.472856	0.505495	0.624084	0.598485	0.618705	0.203646	0.600299	0.601325	0.566347	0.421145	0.435200	0.572973	0.622665	0.590674	0.504535	0.608917	0.656315	0.490948	0.522761	0.628571	0.636788	0.587510	0.547112	0.375000	0.619926	0.535456	0.532002	0.330275	0.648221	0.327935	0.606436	0.646380	0.392220	0.631090	0.560773	0.621377	0.592885	0.551920	0.582550	0.631937	0.394137	0.527246	0.622862	0.560907	0.610711	0.482503	0.536517	0.635268	0.569863	0.625850	0.639715	0.611850	0.418403	0.644711	0.636257	0.027814	0.587450	0.614792	0.415013	0.656891	0.599212	0.615909	0.551336	0.586760	0.621384	0.589783	0.624719	0.623407	0.315425	0.616893	0.135019	0.611040	0.640523	0.555866	0.627796	0.633080	0.196960	0.556028	0.621743	0.627545	0.656354	0.547518	0.638436	0.068139	0.605459	0.297723	0.634016	0.155049	0.466768	0.639440	0.408497	0.648756	0.481707	0.519288	0.645161	0.592757	0.148669	0.631696	0.522793	0.523236	0.339149	0.458858	0.309565	0.614080	0.065662	0.395397	0.629717	0.605263	0.632911	0.564246	0.395765	0.523865	0.538012	0.625414	0.637168	0.639423	0.270376	0.624738	0.485317	0.618005	0.604730	0.643963	0.629118	0.632757	0.639252	0.593912	0.616529	0.609009	0.276596	0.592152	0.638889	0.491137	0.636574	0.515464	0.496205	0.318063	0.641469	0.518519	0.614876	0.610086	0.322068	0.570663	0.306620	0.559223	0.558015	0.640279	0.615385	0.580505	0.632000	0.643750	0.544209	0.592806	0.637475	0.620570	0.537990	0.285630	0.582550	0.643312	0.628328	0.566482	0.533253	0.597106	0.308474	0.615000	0.501111	0.630029	0.650699	0.602473	0.638215	0.628462	0.509036	0.260171	0.577508	0.652126	0.571429	0.633124	0.612457	0.610410	0.626054	0.644914	0.456241	0.612591	0.632367	0.629885	0.622066	0.363160	0.591093	0.624867	0.635838	0.443091	0.601770	0.573370	0.618740	0.329897	0.596078	0.564845	0.651852	0.203390	0.566908	0.604819	0.393388	0.463453	0.619855	0.384342	0.605598	0.582596	0.495556	0.630435	0.596263	0.624553	0.363636	0.656017	0.282686	0.632580	0.627160	0.271054	0.639835	0.631813	0.643554	0.564238	0.567832	0.597061	0.604306	0.518950	0.457680	0.631679	0.569878	0.618636	0.213064	0.617179	0.633994	0.603922	0.628042	0.558710	0.137892	0.574555	0.468944	0.627843	0.362687	0.614916	0.634731	0.636453	0.603053	0.582781	0.570652	0.594954	0.649412	0.606272	0.490370	0.043934	0.385657	0.613527	0.579710	0.608353	0.613563	0.605307	0.335616	0.641283	0.553547	0.559066	0.549287	0.617907	0.621924	0.641916	0.626901	0.261181	0.621714	0.355263	0.580505	0.643757	0.608696	0.560567	0.329897	0.531025	0.388179	0.446571	0.631679	0.607721	0.637931	0.565158	0.620321	0.585621	0.571823	0.514047	0.622727	0.525074	0.556328	0.637475	0.169990	0.582781	0.239586	0.227635	0.528302	0.634254	0.632283	0.613995	0.481481	0.609432	0.639391	0.638075	0.623971	0.622691	0.585492	0.541311	0.555345	0.565574	0.648438	1.000000	0.638049	0.491704	0.627737	0.169102	0.627404	0.588509	0.607357	0.626638	0.635533	0.615000	0.306620	0.462264	0.581465	0.626327	0.370004	0.641588	0.599505	0.549618	0.614057	0.637385	0.624676	0.618370	0.636610	0.624434	0.419089	0.455975	0.596257	0.400657	0.559889	0.363364	0.623810	0.593085	0.636957	0.639309	0.556441	0.633010	0.489595	0.613793	0.628450	0.352542	0.592647	0.649505	0.639738	0.620985	0.607420	0.553030	0.484568	0.301489	0.619669	0.627148	0.608374	0.621752	0.305468	0.645833	0.544681	0.278032	0.626651	0.622144	0.537791	0.626832	0.400495	0.181648	0.128148	0.425287	0.629032	0.526316	0.631090	0.627723	0.635434	0.454976	0.346939	0.624390	0.623545	0.580991	0.638743	0.614428	0.554140	0.580733	0.613975	0.209945	0.609337	0.184091	0.637681	0.550642	0.621481	0.623501	0.619298	0.593979	0.497529	0.550933	0.570629	0.548052	0.542614	0.591837	0.605965	0.528634	0.612048	0.601076	0.616375	0.154090	0.593289	0.617623	0.619576	0.255992	0.450999	0.620930	0.086569	0.643991	0.463224	0.511013	0.649160	0.426302	0.633508	0.484691	0.606965	0.030320	0.625134	0.599746	0.518950	0.576087	0.615894	0.578125	0.599693	0.460938	0.526471	0.584362	0.624264	0.601653	0.506667	0.646733	0.384311	0.631300	0.376307	0.586648	0.604768	0.535411	0.635851	0.446203	0.613435	0.581913	0.637969	0.659815	0.518950	0.558918	0.567376	0.410423	0.572872	0.534091	0.593668	0.403941	0.202923	0.578834	0.443381	0.570270	0.550355	0.612877	0.642082	0.561333	0.417601	0.598726	0.510511	0.582996	0.277160	0.482335	0.448657	0.500000	0.630011	0.594555	0.639135	0.626896	0.578417	0.624658	0.602774	0.609660	0.630859	0.624264	0.606914	0.629787	0.545110	0.258065	0.462733	0.605128	0.612717	0.638672	
0.595294	0.653061	0.602133	0.637131	0.514132	0.639602	0.597440	0.058897	0.651575	0.616071	0.604167	0.596752	0.608295	0.620000	0.639113	0.607102	0.643225	0.544747	0.606557	0.639764	0.505929	0.534971	0.628968	0.601183	0.626832	0.223373	0.614831	0.564356	0.553571	0.449419	0.404130	0.577554	0.607477	0.586667	0.536048	0.582339	0.657507	0.522009	0.498638	0.594828	0.654804	0.595556	0.566549	0.405293	0.609700	0.518817	0.553531	0.357810	0.655399	0.356646	0.608595	0.658052	0.422055	0.618579	0.548263	0.643042	0.571429	0.529101	0.566416	0.630342	0.418493	0.508197	0.640893	0.519104	0.625767	0.513667	0.533333	0.645963	0.551724	0.623271	0.628635	0.606818	0.445482	0.652133	0.623348	0.030800	0.551122	0.620281	0.446225	0.656134	0.584767	0.632369	0.544503	0.583333	0.599057	0.590335	0.621421	0.637555	0.288889	0.600435	0.148649	0.586538	0.645907	0.551365	0.629885	0.651584	0.216119	0.530343	0.629503	0.603604	0.634656	0.532982	0.642710	0.075290	0.624406	0.272436	0.639456	0.170516	0.485178	0.630769	0.378947	0.642722	0.471086	0.497937	0.646840	0.604552	0.163556	0.636459	0.545353	0.534521	0.369305	0.480415	0.283439	0.631494	0.072563	0.423170	0.608213	0.618587	0.648590	0.533160	0.425668	0.555618	0.507463	0.634656	0.626168	0.614689	0.295504	0.653426	0.442857	0.623639	0.633791	0.647750	0.637827	0.652510	0.657168	0.598571	0.630245	0.639725	0.252836	0.619687	0.639029	0.510401	0.612868	0.497268	0.527746	0.346735	0.645557	0.500000	0.631829	0.602771	0.351026	0.583441	0.280702	0.578223	0.588083	0.622807	0.590636	0.599444	0.653371	0.625864	0.565401	0.605683	0.639614	0.641322	0.555490	0.311921	0.553885	0.635176	0.641129	0.574482	0.562390	0.607613	0.336454	0.632083	0.515920	0.651119	0.654028	0.636287	0.649446	0.610909	0.488145	0.284508	0.617969	0.635052	0.594086	0.651440	0.633581	0.637396	0.639286	0.644749	0.479478	0.605233	0.647059	0.634886	0.620994	0.394273	0.571788	0.639839	0.638344	0.473492	0.599526	0.562738	0.618125	0.302362	0.591687	0.581425	0.645291	0.223096	0.587261	0.611552	0.361702	0.445402	0.602958	0.412858	0.591180	0.608943	0.525634	0.635149	0.626168	0.614350	0.333849	0.631048	0.258481	0.610738	0.600232	0.296235	0.636008	0.621849	0.645492	0.582214	0.541667	0.622585	0.610000	0.506089	0.434153	0.653951	0.567089	0.647166	0.233586	0.642570	0.650198	0.586797	0.628821	0.578915	0.151788	0.566327	0.444763	0.621528	0.392975	0.614484	0.614865	0.647940	0.600715	0.574257	0.565272	0.565757	0.615725	0.617068	0.513678	0.048609	0.416699	0.615210	0.581281	0.615734	0.649695	0.621128	0.307692	0.648906	0.551813	0.596421	0.570228	0.605201	0.637804	0.617117	0.627753	0.238562	0.627155	0.385801	0.596662	0.637149	0.571429	0.578193	0.302362	0.522788	0.416113	0.408824	0.633969	0.591121	0.647220	0.560102	0.641702	0.574572	0.548263	0.546929	0.640943	0.506156	0.551813	0.641546	0.186796	0.574257	0.262287	0.249364	0.509434	0.636743	0.640000	0.632588	0.453638	0.615909	0.635870	0.648167	0.647469	0.640336	0.586667	0.540397	0.571603	0.555414	0.629526	0.638049	1.000000	0.480447	0.628571	0.185830	0.605650	0.605518	0.623568	0.637771	0.651252	0.632083	0.280702	0.426705	0.616822	0.619095	0.401493	0.645545	0.596519	0.569846	0.620370	0.641473	0.632013	0.583535	0.647160	0.614728	0.444444	0.423803	0.561798	0.371601	0.544747	0.395161	0.613662	0.571429	0.628983	0.641471	0.581142	0.642659	0.500266	0.629843	0.645226	0.323484	0.600142	0.635936	0.635707	0.632219	0.632013	0.560782	0.445078	0.328959	0.637271	0.629417	0.603468	0.635531	0.333230	0.653504	0.530343	0.303748	0.625282	0.633081	0.512821	0.646809	0.429091	0.199482	0.141136	0.454428	0.633493	0.504749	0.629508	0.639699	0.645477	0.422741	0.318253	0.640074	0.585956	0.567500	0.621032	0.606768	0.573013	0.559494	0.622030	0.191275	0.592849	0.202138	0.642105	0.535809	0.638340	0.608794	0.633697	0.633385	0.520811	0.522667	0.541667	0.577527	0.533686	0.618947	0.649586	0.498638	0.607022	0.623338	0.642105	0.169470	0.568922	0.641860	0.643678	0.280000	0.478886	0.604600	0.095559	0.628877	0.433526	0.501362	0.638806	0.454506	0.632193	0.511111	0.602100	0.033571	0.642276	0.588095	0.497970	0.557668	0.636079	0.577345	0.599853	0.488339	0.502046	0.603574	0.620843	0.631829	0.502747	0.646444	0.413659	0.628378	0.408953	0.592745	0.609412	0.529644	0.640426	0.420438	0.591449	0.588235	0.642336	0.637427	0.500677	0.567870	0.535620	0.383808	0.608756	0.525760	0.589396	0.371601	0.222589	0.595007	0.411765	0.557377	0.530343	0.626563	0.648205	0.580811	0.447912	0.591885	0.475661	0.571788	0.302809	0.451705	0.422741	0.479777	0.650108	0.606232	0.635514	0.642994	0.602911	0.642857	0.602837	0.633739	0.642526	0.616408	0.587530	0.650554	0.578755	0.235679	0.439024	0.593037	0.618736	0.655525	
0.565574	0.497751	0.392065	0.525597	0.629921	0.414201	0.339080	0.019731	0.498471	0.576779	0.573705	0.317204	0.581028	0.561338	0.520635	0.575342	0.432836	0.621027	0.589431	0.477064	0.212996	0.234282	0.504644	0.592133	0.567619	0.079301	0.344693	0.587444	0.611374	0.180520	0.569620	0.640371	0.595142	0.604752	0.243299	0.600840	0.508371	0.225621	0.602151	0.522968	0.448819	0.358300	0.264970	0.155059	0.555556	0.623037	0.253945	0.134396	0.483642	0.133333	0.597194	0.509317	0.163965	0.546112	0.607229	0.432704	0.568889	0.624365	0.587156	0.543554	0.164881	0.605405	0.433915	0.619647	0.373673	0.224477	0.620347	0.529801	0.622328	0.405998	0.571429	0.586873	0.177444	0.487734	0.560440	0.010220	0.622727	0.357937	0.176207	0.476190	0.619469	0.546410	0.616915	0.314387	0.604938	0.358087	0.537005	0.552347	0.582090	0.348083	0.051379	0.595745	0.459318	0.628993	0.375398	0.465680	0.076524	0.616162	0.435323	0.581749	0.530201	0.636364	0.535948	0.025365	0.393333	0.541985	0.420147	0.059396	0.212996	0.558394	0.607261	0.479885	0.628242	0.630137	0.470588	0.339080	0.056831	0.531516	0.248596	0.246862	0.138443	0.201480	0.548872	0.406897	0.024424	0.166667	0.564007	0.360122	0.557143	0.599509	0.164881	0.251242	0.634667	0.536913	0.474576	0.562141	0.107730	0.493023	0.627219	0.383117	0.400000	0.496970	0.528481	0.504451	0.452037	0.341040	0.392897	0.429463	0.541176	0.571429	0.491228	0.220012	0.547748	0.616216	0.252137	0.128868	0.515397	0.633880	0.392897	0.591270	0.130676	0.298986	0.573585	0.286408	0.299492	0.538182	0.611465	0.328996	0.489146	0.485407	0.272938	0.327475	0.499257	0.412736	0.267574	0.114415	0.587156	0.511848	0.514286	0.311894	0.263197	0.352590	0.124560	0.395062	0.237425	0.490141	0.487734	0.417983	0.468144	0.444444	0.642254	0.103297	0.351539	0.523026	0.314387	0.514729	0.410862	0.367049	0.448549	0.472033	0.198653	0.560928	0.452632	0.563280	0.570902	0.149873	0.606481	0.506329	0.550360	0.193866	0.585062	0.622951	0.378902	0.600733	0.609649	0.292562	0.528302	0.079195	0.293046	0.583493	0.601351	0.664671	0.526112	0.159459	0.561845	0.338109	0.237425	0.513912	0.381779	0.558491	0.596491	0.511111	0.529183	0.578947	0.566866	0.108026	0.493939	0.511864	0.527687	0.294754	0.610837	0.359756	0.341040	0.583554	0.595745	0.465494	0.621495	0.464481	0.083235	0.520505	0.513846	0.600877	0.563177	0.285254	0.052522	0.611374	0.632836	0.427848	0.149304	0.350249	0.589354	0.481586	0.557652	0.636771	0.618267	0.581081	0.569316	0.550725	0.219603	0.016227	0.160836	0.570328	0.591111	0.366667	0.516129	0.392419	0.574545	0.493469	0.643902	0.308631	0.271472	0.595041	0.547009	0.574144	0.553114	0.520000	0.551237	0.145859	0.328996	0.556738	0.626667	0.284795	0.586081	0.604167	0.161276	0.622642	0.468200	0.542510	0.457143	0.604762	0.432964	0.592105	0.626506	0.259531	0.553415	0.639566	0.624390	0.490342	0.065446	0.636771	0.094450	0.089371	0.636842	0.520134	0.463415	0.537262	0.625369	0.563707	0.452830	0.497682	0.443878	0.422705	0.604752	0.656489	0.278302	0.628842	0.461538	0.491704	0.480447	1.000000	0.565302	0.065085	0.543021	0.361593	0.406977	0.523888	0.497041	0.397306	0.573585	0.623853	0.344023	0.505529	0.152718	0.503086	0.381375	0.280285	0.581673	0.507463	0.414118	0.590517	0.437500	0.525217	0.177355	0.617737	0.592255	0.620000	0.650367	0.149620	0.568738	0.600451	0.520458	0.525122	0.295739	0.474341	0.233355	0.411281	0.518167	0.597865	0.336822	0.473609	0.530478	0.521600	0.411765	0.277647	0.607670	0.121441	0.419048	0.411696	0.584493	0.460274	0.123216	0.509985	0.621212	0.111076	0.564885	0.419783	0.654354	0.536332	0.167534	0.070210	0.048653	0.181260	0.486091	0.645333	0.546112	0.479315	0.402312	0.592593	0.566308	0.466480	0.590517	0.639269	0.495356	0.589899	0.280730	0.635514	0.563830	0.461538	0.582178	0.071213	0.544218	0.637755	0.498462	0.552381	0.416366	0.382609	0.234127	0.644330	0.615764	0.287571	0.602532	0.333020	0.366839	0.586022	0.575816	0.356855	0.444730	0.059010	0.623853	0.381466	0.489736	0.101491	0.197434	0.537205	0.032421	0.537522	0.606061	0.596774	0.506998	0.180889	0.418160	0.218789	0.589899	0.011150	0.517685	0.598326	0.588859	0.613583	0.525963	0.570806	0.355779	0.203565	0.636119	0.308094	0.574074	0.390677	0.661202	0.531987	0.159819	0.425791	0.155673	0.322111	0.581967	0.639798	0.539792	0.631579	0.583333	0.612335	0.536013	0.500000	0.594164	0.284566	0.651515	0.583607	0.328691	0.622785	0.628062	0.600000	0.079000	0.327778	0.628931	0.617169	0.611111	0.385621	0.499184	0.297229	0.176207	0.558824	0.610644	0.629630	0.110694	0.608187	0.641975	0.642254	0.556738	0.337143	0.485876	0.485294	0.327475	0.442748	0.595041	0.371069	0.469930	0.551852	0.610169	0.516640	0.277429	0.506024	0.614925	0.590234	0.561151	0.478322	
0.627512	0.627119	0.549213	0.633557	0.596296	0.589641	0.502078	0.037127	0.619926	0.629149	0.662632	0.500392	0.661654	0.654232	0.621039	0.647761	0.573209	0.630282	0.645161	0.627306	0.369028	0.400000	0.623602	0.657321	0.652047	0.145360	0.531197	0.634711	0.640275	0.316981	0.551579	0.630508	0.627871	0.633441	0.411400	0.667717	0.627451	0.388889	0.613936	0.631724	0.599349	0.517873	0.445485	0.275184	0.654600	0.602588	0.428847	0.240602	0.619490	0.238806	0.647416	0.617684	0.289905	0.634831	0.651568	0.570231	0.643678	0.618445	0.655462	0.654843	0.291414	0.589792	0.584807	0.633094	0.554042	0.385945	0.594306	0.639581	0.631034	0.567251	0.642547	0.629247	0.311978	0.619718	0.652482	0.019312	0.627713	0.526132	0.309963	0.618557	0.635025	0.635616	0.634581	0.496498	0.663566	0.520140	0.616216	0.647966	0.416862	0.522109	0.095333	0.648649	0.610206	0.618375	0.546279	0.589800	0.140439	0.623423	0.569055	0.618978	0.635762	0.619820	0.643320	0.047609	0.547686	0.403800	0.585817	0.109822	0.367930	0.656294	0.523810	0.626901	0.561265	0.603053	0.613975	0.512053	0.105197	0.659517	0.419457	0.418079	0.247423	0.350731	0.418824	0.565598	0.045861	0.294350	0.638968	0.532399	0.650904	0.628975	0.291414	0.422194	0.614232	0.630464	0.608997	0.642229	0.195065	0.614428	0.555332	0.546630	0.560928	0.620269	0.594185	0.607443	0.591304	0.522974	0.562264	0.568750	0.376812	0.619392	0.638677	0.380090	0.647059	0.608696	0.406910	0.231246	0.634021	0.590476	0.566038	0.648567	0.234310	0.478034	0.410377	0.470251	0.477256	0.645980	0.638095	0.497166	0.614118	0.634568	0.451923	0.517742	0.608173	0.577954	0.438596	0.206579	0.635294	0.633838	0.610900	0.485317	0.441489	0.521066	0.223925	0.546667	0.403636	0.596087	0.615023	0.560081	0.608400	0.584169	0.599222	0.187395	0.518010	0.628422	0.496498	0.619403	0.560636	0.549195	0.588877	0.605381	0.346213	0.636095	0.600653	0.636111	0.635328	0.266561	0.636210	0.611884	0.646154	0.338539	0.645866	0.631399	0.542279	0.425926	0.660163	0.473338	0.641509	0.145172	0.474031	0.647059	0.505495	0.563895	0.639053	0.282472	0.663522	0.507463	0.400000	0.620779	0.540241	0.638607	0.459459	0.638783	0.384615	0.639653	0.669697	0.195576	0.617827	0.640854	0.639069	0.476471	0.608850	0.531934	0.512949	0.604478	0.557377	0.605791	0.603066	0.599327	0.152312	0.622951	0.625464	0.643902	0.631136	0.460000	0.097405	0.636833	0.558704	0.579557	0.265613	0.527491	0.636496	0.617341	0.647799	0.624793	0.648464	0.640133	0.648571	0.624473	0.379447	0.030582	0.284746	0.651917	0.633826	0.536193	0.623877	0.556818	0.447005	0.625000	0.608084	0.486983	0.449761	0.653188	0.645161	0.651095	0.655319	0.356968	0.617931	0.259861	0.498785	0.644537	0.650246	0.466476	0.439815	0.600368	0.285472	0.540881	0.614699	0.655436	0.612975	0.625216	0.598765	0.637398	0.627178	0.424163	0.646575	0.602273	0.632689	0.615385	0.120690	0.624793	0.171999	0.163107	0.604824	0.649007	0.599777	0.622283	0.562249	0.635155	0.608213	0.632754	0.587487	0.581560	0.633441	0.615942	0.459818	0.635739	0.620137	0.627737	0.628571	0.565302	1.000000	0.120043	0.674487	0.521968	0.569185	0.629243	0.615569	0.561905	0.410377	0.559671	0.508418	0.623737	0.271296	0.639405	0.539114	0.458509	0.650530	0.624849	0.566898	0.629213	0.592284	0.629428	0.311833	0.551440	0.632107	0.501089	0.612676	0.266139	0.652174	0.641196	0.623377	0.628866	0.469027	0.597727	0.394988	0.564356	0.618687	0.468182	0.510744	0.630233	0.621410	0.632653	0.553023	0.457462	0.574297	0.218608	0.576577	0.575937	0.667674	0.578178	0.221636	0.646914	0.623423	0.200837	0.650073	0.582996	0.587361	0.624152	0.295775	0.129206	0.090383	0.318182	0.598575	0.599251	0.646067	0.595349	0.560547	0.534161	0.456621	0.603429	0.635634	0.643216	0.623602	0.636086	0.456338	0.613288	0.647303	0.290076	0.611446	0.130994	0.631861	0.613430	0.605686	0.660819	0.569697	0.546803	0.396170	0.610603	0.619469	0.458993	0.595668	0.513912	0.544484	0.617702	0.644118	0.533449	0.586980	0.109126	0.652101	0.564857	0.608799	0.184261	0.344262	0.622535	0.060661	0.650273	0.572597	0.595104	0.630923	0.317580	0.566265	0.378165	0.614679	0.021061	0.629962	0.631083	0.611940	0.631399	0.624339	0.601942	0.518198	0.354057	0.596226	0.501529	0.640916	0.545283	0.575238	0.632138	0.283067	0.587156	0.276202	0.499205	0.636785	0.607914	0.643148	0.543568	0.651017	0.649266	0.632275	0.622114	0.615672	0.460442	0.637838	0.512931	0.504854	0.606498	0.644737	0.509804	0.144828	0.505246	0.545073	0.627119	0.616216	0.551532	0.655440	0.472593	0.309963	0.636220	0.604651	0.626058	0.200179	0.570858	0.542443	0.587549	0.647303	0.516129	0.611303	0.605483	0.508065	0.590476	0.640747	0.542677	0.604119	0.646638	0.646593	0.625316	0.455749	0.352941	0.550607	0.647619	0.623776	0.615561	
0.111610	0.170376	0.228879	0.144243	0.074643	0.225295	0.282917	0.446799	0.166231	0.127069	0.116342	0.302854	0.117689	0.128401	0.158530	0.119371	0.212939	0.084456	0.112964	0.166231	0.436046	0.402971	0.163671	0.109914	0.124064	0.616609	0.278141	0.097270	0.088978	0.486233	0.051472	0.092096	0.113640	0.103100	0.390520	0.107535	0.167189	0.415990	0.071468	0.137675	0.200103	0.267084	0.361003	0.521987	0.117016	0.074995	0.375675	0.549294	0.181755	0.566925	0.115330	0.163030	0.517394	0.133381	0.086545	0.210204	0.098645	0.079212	0.093824	0.140307	0.503872	0.070761	0.212332	0.080263	0.253858	0.417592	0.082362	0.150114	0.088631	0.231855	0.126402	0.121721	0.490960	0.178609	0.131060	0.264935	0.095204	0.267369	0.495066	0.185204	0.099332	0.139321	0.082012	0.305587	0.110932	0.265656	0.142605	0.133712	0.034000	0.275320	0.623967	0.105491	0.200103	0.083758	0.254147	0.194235	0.635568	0.079912	0.212939	0.124399	0.147509	0.079912	0.152712	0.512053	0.241604	0.031794	0.215969	0.629244	0.433674	0.131724	0.046771	0.179554	0.062592	0.068991	0.185204	0.282917	0.641329	0.144570	0.382855	0.385335	0.561110	0.454838	0.033265	0.232746	0.500638	0.503260	0.128734	0.265656	0.135695	0.083758	0.512721	0.379427	0.072527	0.147509	0.183325	0.123395	0.613547	0.163351	0.059377	0.248627	0.234228	0.168146	0.159174	0.172599	0.199795	0.281235	0.241898	0.212029	0.029213	0.126402	0.157563	0.423364	0.134043	0.070761	0.378178	0.575077	0.154332	0.069345	0.241898	0.117016	0.574288	0.321263	0.032897	0.335074	0.320728	0.132387	0.105832	0.291836	0.177978	0.165272	0.350987	0.293221	0.172282	0.226192	0.357678	0.577821	0.093824	0.159496	0.158530	0.308039	0.363297	0.271637	0.562382	0.238956	0.397202	0.183952	0.178609	0.218687	0.187704	0.192684	0.065441	0.616306	0.272489	0.151414	0.305587	0.163351	0.225893	0.258769	0.198870	0.191131	0.456968	0.121385	0.199487	0.136026	0.130064	0.542500	0.092442	0.159174	0.134373	0.466792	0.109574	0.090711	0.250083	0.035834	0.100704	0.328197	0.160461	0.631502	0.327666	0.122726	0.044230	0.057944	0.121385	0.517454	0.107875	0.283757	0.399331	0.152388	0.248044	0.125735	0.040223	0.158530	0.029951	0.126402	0.116004	0.606075	0.168146	0.145551	0.153360	0.325803	0.083409	0.265942	0.281235	0.073233	0.056151	0.192995	0.091058	0.190820	0.630542	0.159818	0.164952	0.100704	0.133712	0.336390	0.639154	0.088978	0.058303	0.208681	0.534871	0.271921	0.124399	0.182697	0.107875	0.097270	0.090711	0.096582	0.129399	0.133049	0.422876	0.389071	0.518254	0.122056	0.098645	0.259057	0.155302	0.240722	0.036567	0.177347	0.084804	0.311297	0.352794	0.110253	0.143915	0.124399	0.131060	0.027366	0.137675	0.547125	0.291836	0.137015	0.098645	0.336915	0.035834	0.075699	0.511813	0.052193	0.192995	0.113640	0.191753	0.088283	0.215666	0.100704	0.086545	0.368119	0.139321	0.070407	0.084804	0.172282	0.641700	0.097270	0.602060	0.624143	0.074291	0.147509	0.192684	0.141293	0.059735	0.121721	0.193925	0.163992	0.206850	0.220193	0.103100	0.078861	0.344502	0.089325	0.185517	0.169102	0.185830	0.065085	0.120043	1.000000	0.123395	0.264512	0.229773	0.151089	0.173234	0.238956	0.032897	0.055432	0.278705	0.159496	0.534108	0.164312	0.242191	0.342155	0.116342	0.171329	0.226790	0.103442	0.211725	0.140636	0.486654	0.055432	0.094859	0.045682	0.084456	0.534156	0.126068	0.096237	0.152388	0.154332	0.324737	0.187392	0.402908	0.227089	0.159496	0.038763	0.284876	0.181127	0.151089	0.156918	0.226790	0.345283	0.059735	0.589250	0.223797	0.228283	0.116679	0.190198	0.573260	0.165272	0.079912	0.602031	0.123730	0.220494	0.073939	0.141621	0.509586	0.629012	0.633444	0.481387	0.175451	0.072527	0.133381	0.181127	0.231261	0.054354	0.038031	0.185830	0.103442	0.094514	0.163671	0.113978	0.341633	0.091058	0.137015	0.021433	0.117352	0.642204	0.144897	0.078510	0.164952	0.124064	0.221095	0.247460	0.404123	0.077106	0.083409	0.333756	0.079562	0.288224	0.260496	0.071468	0.122726	0.268224	0.205014	0.638037	0.093824	0.249792	0.175134	0.620320	0.458854	0.132718	0.569483	0.139979	0.056510	0.071468	0.162709	0.487930	0.222898	0.425481	0.113978	0.285714	0.155949	0.108215	0.073233	0.090711	0.147835	0.101732	0.269079	0.450469	0.071114	0.311838	0.129067	0.241898	0.069345	0.146857	0.522740	0.218385	0.525071	0.298189	0.111610	0.080263	0.141621	0.053994	0.108895	0.100018	0.147835	0.169421	0.073233	0.337178	0.079912	0.047495	0.292113	0.079562	0.098301	0.045682	0.644993	0.292944	0.052193	0.092096	0.079912	0.246877	0.153036	0.323136	0.496194	0.107535	0.066152	0.092442	0.590849	0.060807	0.054354	0.065441	0.137015	0.284597	0.183325	0.174501	0.293221	0.207460	0.110253	0.257327	0.185517	0.129067	0.106172	0.158852	0.345543	0.026997	0.058303	0.105832	0.134373	0.185517	
0.648402	0.617225	0.528265	0.609272	0.589091	0.573964	0.491344	0.038211	0.614824	0.634424	0.631893	0.510506	0.648889	0.659123	0.633292	0.614706	0.577595	0.598616	0.632375	0.609964	0.377936	0.408333	0.611043	0.613497	0.634006	0.149363	0.538462	0.634146	0.605753	0.324883	0.511340	0.616667	0.621418	0.598101	0.417488	0.635659	0.624697	0.395857	0.584104	0.644898	0.597207	0.530683	0.450498	0.282219	0.647845	0.602541	0.431222	0.246878	0.614679	0.245042	0.637725	0.607626	0.297251	0.634349	0.609589	0.580913	0.646204	0.614565	0.618182	0.632571	0.298791	0.560297	0.576725	0.604240	0.550855	0.392898	0.562937	0.633894	0.620339	0.567568	0.624822	0.611354	0.319778	0.612529	0.629371	0.019881	0.600985	0.547496	0.317723	0.602492	0.644122	0.613514	0.609457	0.498842	0.635115	0.531250	0.610667	0.633472	0.407323	0.527825	0.098031	0.647887	0.610097	0.611111	0.564748	0.587719	0.144317	0.623009	0.559096	0.621583	0.614379	0.615929	0.635083	0.048991	0.565014	0.389791	0.596134	0.112906	0.376843	0.649930	0.478814	0.628902	0.542636	0.576779	0.616082	0.516076	0.108159	0.626984	0.426868	0.427948	0.253852	0.359294	0.400000	0.548604	0.047194	0.301788	0.621469	0.527778	0.644719	0.621528	0.298791	0.427123	0.555147	0.616993	0.633979	0.604046	0.200289	0.601966	0.552268	0.550778	0.544061	0.615199	0.584270	0.588375	0.600000	0.533554	0.566355	0.562887	0.367925	0.579173	0.633166	0.389201	0.649171	0.582560	0.418309	0.237311	0.648855	0.571963	0.551402	0.621100	0.240445	0.490761	0.400922	0.471174	0.476684	0.648122	0.621875	0.497992	0.590698	0.626829	0.454297	0.515200	0.608076	0.572271	0.454424	0.212075	0.651240	0.628429	0.578223	0.496933	0.447820	0.528559	0.229824	0.530189	0.412048	0.577929	0.605568	0.546371	0.610550	0.599779	0.538168	0.192436	0.515306	0.635779	0.501931	0.604423	0.574803	0.544326	0.580367	0.603104	0.354690	0.618076	0.585576	0.630137	0.620787	0.273410	0.612313	0.606742	0.631724	0.346867	0.639017	0.607383	0.533698	0.407240	0.608000	0.485859	0.633540	0.149170	0.483660	0.617391	0.460215	0.540755	0.644315	0.289661	0.622291	0.508224	0.408434	0.623077	0.522456	0.626609	0.440529	0.648310	0.375587	0.621969	0.647761	0.200813	0.620024	0.650856	0.630907	0.478832	0.591304	0.535993	0.521955	0.567766	0.530120	0.579295	0.592965	0.583796	0.156490	0.602740	0.610501	0.630400	0.622407	0.465248	0.100159	0.622673	0.539683	0.596455	0.272441	0.534923	0.627338	0.610286	0.631579	0.595122	0.614094	0.629690	0.645070	0.607490	0.388546	0.031477	0.291983	0.645349	0.604200	0.549159	0.631179	0.545966	0.432432	0.620047	0.590674	0.480243	0.461643	0.621746	0.615385	0.653237	0.643357	0.348449	0.590476	0.266564	0.494779	0.627558	0.617124	0.478754	0.416290	0.593128	0.292724	0.525667	0.616740	0.630468	0.619469	0.614601	0.590631	0.662400	0.599315	0.437052	0.613514	0.598513	0.583765	0.610451	0.124059	0.595122	0.176666	0.167554	0.597450	0.632680	0.586549	0.608579	0.543307	0.582242	0.612514	0.632353	0.577125	0.587763	0.617089	0.572954	0.464955	0.594595	0.626697	0.627404	0.605650	0.543021	0.674487	0.123395	1.000000	0.529617	0.542274	0.608247	0.605917	0.552830	0.400922	0.544355	0.514190	0.620948	0.278247	0.631579	0.562092	0.460894	0.611028	0.600715	0.575074	0.644550	0.594427	0.604839	0.319630	0.532258	0.601974	0.486141	0.588235	0.272978	0.608571	0.630719	0.623077	0.615776	0.474378	0.597753	0.402135	0.556863	0.605985	0.440000	0.518033	0.622989	0.600515	0.591940	0.553484	0.468144	0.562992	0.224384	0.568880	0.574219	0.645833	0.565072	0.227482	0.617073	0.605310	0.206198	0.655123	0.575150	0.576642	0.615797	0.303243	0.132796	0.092948	0.326107	0.593897	0.621324	0.623269	0.574713	0.568665	0.527383	0.437500	0.596610	0.616114	0.616145	0.630675	0.599398	0.461538	0.619765	0.622101	0.282878	0.590504	0.134630	0.615588	0.595365	0.603175	0.648415	0.552000	0.532599	0.408090	0.585278	0.626087	0.460000	0.581560	0.519481	0.541446	0.595194	0.637681	0.532300	0.565998	0.112192	0.628099	0.563355	0.582844	0.189226	0.352701	0.616667	0.062410	0.657682	0.549098	0.576710	0.623153	0.325494	0.568588	0.387241	0.590361	0.021681	0.606827	0.627512	0.600733	0.604027	0.603133	0.611465	0.534364	0.362683	0.585185	0.509863	0.629055	0.545794	0.553271	0.629096	0.290268	0.585267	0.283258	0.506309	0.636225	0.575972	0.629183	0.500000	0.616333	0.606742	0.629243	0.605042	0.611722	0.460014	0.573451	0.506329	0.500803	0.599291	0.614887	0.498934	0.148817	0.510809	0.513347	0.610000	0.598230	0.550138	0.639386	0.473529	0.317723	0.623256	0.566540	0.618968	0.205524	0.555773	0.523327	0.568702	0.627558	0.513536	0.597491	0.591284	0.513600	0.571728	0.612557	0.548531	0.588235	0.643159	0.630265	0.595000	0.456747	0.344498	0.527778	0.603125	0.595862	0.619910	
0.501348	0.602167	0.630229	0.561519	0.399602	0.635374	0.617136	0.086394	0.587959	0.541846	0.523514	0.634118	0.516357	0.526225	0.592829	0.529930	0.632610	0.437137	0.504924	0.587959	0.587669	0.602060	0.599528	0.512635	0.528696	0.315190	0.647700	0.472456	0.450812	0.549884	0.295430	0.473485	0.520107	0.494485	0.607692	0.495913	0.603744	0.602552	0.391174	0.547439	0.621485	0.624923	0.623151	0.508941	0.524358	0.401192	0.621100	0.459650	0.602410	0.459756	0.526690	0.583136	0.517960	0.555178	0.440385	0.616901	0.483721	0.418057	0.465598	0.572143	0.506494	0.385930	0.633497	0.426614	0.630504	0.594005	0.429961	0.574451	0.447419	0.624665	0.539326	0.530184	0.547328	0.600910	0.541418	0.045487	0.475117	0.628253	0.548975	0.609410	0.477252	0.561873	0.428432	0.623644	0.509451	0.624378	0.570481	0.546226	0.203807	0.623630	0.213440	0.502283	0.617159	0.426357	0.623724	0.605263	0.305466	0.423115	0.622813	0.533449	0.565111	0.425073	0.591754	0.110006	0.636066	0.191657	0.621265	0.243584	0.578050	0.550725	0.271552	0.607116	0.349794	0.379798	0.610904	0.647094	0.234024	0.567657	0.598341	0.602234	0.479573	0.577666	0.199776	0.636789	0.106092	0.519462	0.551546	0.629353	0.550211	0.434109	0.531746	0.609636	0.396000	0.578215	0.601650	0.536585	0.408080	0.585827	0.334372	0.644287	0.636000	0.585214	0.585521	0.600462	0.619048	0.627781	0.638270	0.617111	0.177273	0.544512	0.570288	0.588183	0.540678	0.385930	0.588467	0.459075	0.571659	0.377397	0.627785	0.527901	0.466107	0.630182	0.197753	0.615798	0.635307	0.551489	0.498175	0.633745	0.610942	0.578370	0.623309	0.627198	0.599384	0.631365	0.605749	0.425383	0.467484	0.589825	0.584861	0.617045	0.618274	0.638428	0.445919	0.626649	0.584121	0.605243	0.600910	0.618785	0.607275	0.591343	0.363265	0.394373	0.640931	0.574209	0.635066	0.579528	0.622283	0.635101	0.605929	0.617084	0.565019	0.534151	0.618051	0.556492	0.553082	0.502846	0.463576	0.593477	0.546994	0.555692	0.500452	0.454373	0.631918	0.213808	0.484736	0.628883	0.588422	0.314818	0.640480	0.528796	0.258415	0.327424	0.523643	0.515993	0.509982	0.642344	0.606805	0.582524	0.625727	0.540260	0.237363	0.581673	0.181406	0.547969	0.507993	0.411071	0.603891	0.548148	0.584342	0.624315	0.432590	0.625233	0.641010	0.397206	0.318658	0.627566	0.461538	0.604274	0.328823	0.595711	0.586667	0.482886	0.563189	0.632369	0.217787	0.445081	0.329167	0.606360	0.504005	0.626994	0.543875	0.614576	0.495463	0.478058	0.448669	0.463985	0.536878	0.559048	0.591864	0.071480	0.525124	0.524476	0.478140	0.627129	0.586345	0.639947	0.217778	0.607306	0.438647	0.630926	0.615863	0.513977	0.570248	0.526499	0.544833	0.166857	0.555835	0.500655	0.645503	0.560135	0.480000	0.622056	0.213808	0.404361	0.517730	0.299046	0.607038	0.509383	0.605882	0.447847	0.630042	0.481036	0.440385	0.603318	0.560201	0.386318	0.428986	0.588598	0.265827	0.478058	0.366796	0.349760	0.398010	0.574939	0.614820	0.579035	0.336100	0.538933	0.598391	0.591195	0.628815	0.640055	0.487132	0.414538	0.619926	0.456107	0.592537	0.588509	0.605518	0.361593	0.521968	0.264512	0.529617	1.000000	0.637037	0.581169	0.601076	0.635884	0.197753	0.315126	0.636034	0.588235	0.510364	0.592302	0.598559	0.631356	0.523514	0.600772	0.648136	0.484848	0.630175	0.568333	0.541778	0.315126	0.469925	0.265946	0.439072	0.500836	0.539792	0.477528	0.566343	0.574879	0.630077	0.621100	0.565826	0.636856	0.577107	0.229581	0.628878	0.606335	0.594156	0.587200	0.629153	0.617895	0.336100	0.445198	0.633447	0.645946	0.519504	0.615498	0.449971	0.598746	0.419197	0.418153	0.543081	0.636864	0.398406	0.560266	0.535427	0.283042	0.203012	0.549263	0.605505	0.392000	0.555178	0.606335	0.618792	0.309800	0.225664	0.611484	0.492195	0.466604	0.586939	0.525000	0.629905	0.457740	0.570227	0.132712	0.525664	0.286633	0.577082	0.416912	0.596078	0.532174	0.637363	0.642071	0.599906	0.412636	0.432590	0.625000	0.419608	0.642180	0.638994	0.387161	0.535777	0.639456	0.608696	0.242150	0.465598	0.636188	0.605968	0.388524	0.573201	0.556122	0.138947	0.552588	0.320419	0.389168	0.577287	0.554609	0.616963	0.595631	0.521429	0.049546	0.580593	0.502267	0.391218	0.458175	0.577741	0.479705	0.617284	0.585448	0.383534	0.640361	0.539056	0.618611	0.381433	0.585726	0.524648	0.617830	0.520179	0.627610	0.513926	0.422701	0.556941	0.308017	0.497738	0.478221	0.576105	0.598914	0.397206	0.626003	0.419197	0.275269	0.636898	0.417647	0.474860	0.265946	0.314140	0.625220	0.299046	0.460227	0.421156	0.644200	0.581583	0.632159	0.546697	0.494096	0.364562	0.474929	0.416427	0.341262	0.309800	0.361224	0.563499	0.635224	0.613653	0.609962	0.620164	0.625089	0.506763	0.640912	0.614925	0.551073	0.497721	0.592357	0.628090	0.164760	0.329167	0.501825	0.553768	0.617910	
0.529175	0.622336	0.629494	0.595238	0.446449	0.652850	0.621935	0.074050	0.606897	0.571154	0.549603	0.628853	0.555336	0.582375	0.602113	0.564405	0.635115	0.474317	0.545090	0.622414	0.555351	0.573128	0.618056	0.554095	0.568380	0.274849	0.639269	0.504202	0.493534	0.516417	0.338200	0.503735	0.546000	0.532508	0.591535	0.535642	0.613929	0.581205	0.428246	0.565299	0.638801	0.599732	0.597177	0.471854	0.558416	0.439189	0.601053	0.422930	0.618693	0.422651	0.549254	0.624348	0.485553	0.579792	0.482085	0.631822	0.510460	0.457778	0.513800	0.581481	0.480211	0.426941	0.636086	0.473976	0.653315	0.571291	0.470847	0.596396	0.500539	0.632192	0.574181	0.576172	0.509396	0.623853	0.577947	0.038869	0.507400	0.612709	0.510537	0.614754	0.511482	0.599814	0.464758	0.616422	0.540323	0.604433	0.601656	0.583019	0.235142	0.642154	0.184694	0.536885	0.627760	0.475356	0.625259	0.634107	0.266173	0.463415	0.636641	0.565891	0.580762	0.463415	0.599284	0.094454	0.644381	0.221354	0.613636	0.211259	0.554428	0.571157	0.311496	0.627288	0.396249	0.424799	0.613115	0.625806	0.202821	0.592864	0.585492	0.575258	0.439438	0.542643	0.230570	0.642442	0.091067	0.485171	0.593301	0.631296	0.579737	0.464403	0.487750	0.594256	0.442679	0.591652	0.584843	0.565598	0.360232	0.622068	0.381517	0.641958	0.647357	0.610635	0.618629	0.622034	0.642463	0.625648	0.639659	0.639633	0.204993	0.579961	0.596646	0.562648	0.580584	0.429224	0.578010	0.415616	0.601959	0.426606	0.633973	0.558416	0.422395	0.614201	0.228275	0.605052	0.618483	0.575758	0.536336	0.634640	0.628237	0.596370	0.608985	0.613737	0.620865	0.641064	0.592674	0.379444	0.503185	0.589991	0.619718	0.592322	0.608320	0.625166	0.402628	0.639943	0.558838	0.644737	0.622185	0.636569	0.636808	0.594855	0.408827	0.347318	0.634501	0.599641	0.626225	0.613380	0.632668	0.626621	0.623418	0.629540	0.542832	0.565005	0.636651	0.592315	0.579600	0.463738	0.501066	0.611599	0.578154	0.535163	0.548583	0.499464	0.636934	0.246470	0.523909	0.613054	0.612960	0.274518	0.621937	0.556962	0.296758	0.371429	0.555230	0.482025	0.535097	0.638764	0.577867	0.596240	0.634454	0.561776	0.273072	0.600352	0.209699	0.568401	0.548163	0.361089	0.619211	0.587591	0.616071	0.611599	0.478070	0.632215	0.638601	0.434881	0.364072	0.657028	0.494647	0.630048	0.287035	0.621053	0.615917	0.536383	0.590566	0.612479	0.188518	0.491379	0.373365	0.621914	0.458811	0.626075	0.575581	0.630363	0.543235	0.521008	0.505895	0.501053	0.574976	0.589792	0.562795	0.061198	0.484669	0.558049	0.512552	0.619372	0.609236	0.641483	0.250960	0.632636	0.486900	0.632789	0.591160	0.545455	0.601283	0.556202	0.576046	0.193122	0.578358	0.456870	0.629583	0.575701	0.527197	0.606061	0.246470	0.449438	0.479082	0.342233	0.618474	0.546000	0.633360	0.494600	0.648976	0.521830	0.488599	0.590374	0.588672	0.429714	0.482533	0.619169	0.230938	0.521008	0.321110	0.305798	0.444695	0.595281	0.618971	0.598338	0.381065	0.570312	0.625000	0.614050	0.649612	0.632684	0.534572	0.464961	0.608549	0.512379	0.615889	0.607357	0.623568	0.406977	0.569185	0.229773	0.542274	0.637037	1.000000	0.609164	0.624365	0.634216	0.228275	0.360144	0.633225	0.612818	0.466714	0.604853	0.590909	0.613906	0.561508	0.627551	0.638643	0.521649	0.630934	0.604995	0.508393	0.360144	0.522751	0.305211	0.485246	0.463788	0.582449	0.505796	0.587287	0.616207	0.614210	0.635697	0.550667	0.644068	0.621598	0.264295	0.619139	0.629660	0.612758	0.615385	0.644543	0.598540	0.383432	0.399298	0.647845	0.640705	0.562934	0.635922	0.403670	0.620570	0.458980	0.369889	0.565049	0.629213	0.442938	0.590406	0.497136	0.246215	0.175533	0.514030	0.624054	0.433598	0.583569	0.621375	0.641867	0.354217	0.259873	0.644845	0.531959	0.510593	0.602431	0.553447	0.616865	0.496788	0.590654	0.154054	0.559842	0.249407	0.601463	0.456570	0.626298	0.552861	0.647719	0.642356	0.568880	0.449664	0.469298	0.616005	0.457270	0.643722	0.641740	0.428246	0.572541	0.638184	0.621495	0.209992	0.505308	0.652720	0.629630	0.342013	0.544585	0.582781	0.119562	0.583874	0.366029	0.437358	0.619669	0.515631	0.635890	0.564030	0.555445	0.042350	0.609929	0.532520	0.441676	0.495177	0.612874	0.511917	0.619587	0.544321	0.426454	0.633233	0.573614	0.645345	0.422018	0.600000	0.482911	0.597892	0.476259	0.614330	0.553320	0.467331	0.594096	0.352232	0.537525	0.520833	0.611061	0.620513	0.430351	0.608000	0.465632	0.315660	0.634239	0.459489	0.517277	0.305211	0.273912	0.621690	0.342233	0.508004	0.470067	0.640449	0.604111	0.624632	0.506561	0.547862	0.412514	0.507463	0.368790	0.389151	0.354217	0.408827	0.596262	0.637532	0.629325	0.632378	0.623819	0.637771	0.551515	0.639726	0.635545	0.583174	0.543967	0.615655	0.612795	0.190728	0.375743	0.540430	0.589454	0.642097	
0.596491	0.650000	0.574775	0.643623	0.570978	0.617486	0.572089	0.047268	0.632856	0.637865	0.646358	0.553689	0.642951	0.647282	0.638732	0.633508	0.633869	0.583082	0.622819	0.628445	0.440731	0.472789	0.629588	0.619565	0.634961	0.182319	0.587500	0.595136	0.610370	0.386631	0.471002	0.593567	0.618474	0.620112	0.480094	0.592593	0.654945	0.463227	0.537600	0.595849	0.622660	0.543110	0.512272	0.339117	0.623514	0.551181	0.503947	0.297887	0.638075	0.295736	0.632979	0.648829	0.356551	0.632754	0.595808	0.603053	0.577525	0.574961	0.589260	0.638452	0.357500	0.558587	0.627488	0.575385	0.614226	0.456831	0.591463	0.620770	0.599407	0.616071	0.652229	0.643320	0.381673	0.640592	0.640801	0.024648	0.591631	0.568438	0.379310	0.632885	0.607092	0.633495	0.580153	0.533720	0.630582	0.546926	0.654676	0.656753	0.349328	0.563780	0.120398	0.622407	0.632512	0.578788	0.590301	0.654618	0.176266	0.579353	0.620624	0.626444	0.619552	0.573190	0.628902	0.060525	0.603643	0.326214	0.590440	0.138419	0.432376	0.631710	0.435252	0.638567	0.520000	0.550162	0.634953	0.567463	0.132675	0.647619	0.492546	0.484884	0.306050	0.421891	0.342967	0.603740	0.058317	0.360959	0.623737	0.576052	0.642066	0.569697	0.358333	0.498195	0.563694	0.628975	0.603538	0.634021	0.243006	0.639198	0.507614	0.594732	0.609929	0.644031	0.644068	0.625674	0.633136	0.560806	0.596187	0.618596	0.307087	0.624204	0.609091	0.454350	0.618812	0.552167	0.476765	0.286667	0.627586	0.546042	0.590988	0.626156	0.290344	0.533055	0.339768	0.523842	0.540767	0.622665	0.613260	0.564334	0.644068	0.615044	0.517419	0.562219	0.637149	0.617620	0.500000	0.256947	0.595065	0.636569	0.650057	0.520173	0.506884	0.563246	0.277868	0.608392	0.457569	0.639668	0.649049	0.635688	0.623590	0.589304	0.529605	0.233696	0.574603	0.627178	0.556925	0.632517	0.605455	0.580858	0.631058	0.632860	0.418673	0.618182	0.633761	0.651106	0.633166	0.328872	0.598540	0.646328	0.642769	0.410774	0.609524	0.600000	0.597293	0.365019	0.617772	0.538619	0.647919	0.182088	0.540726	0.630491	0.433515	0.494037	0.625974	0.347756	0.602740	0.569231	0.473624	0.629630	0.587234	0.628352	0.397770	0.643262	0.313725	0.619108	0.610080	0.243626	0.646221	0.616845	0.652826	0.532325	0.585736	0.583670	0.584043	0.539683	0.481100	0.639113	0.590308	0.637563	0.190857	0.660654	0.644518	0.612130	0.646840	0.526104	0.122980	0.592593	0.510204	0.600192	0.327744	0.569157	0.641849	0.625652	0.621918	0.612303	0.602941	0.599713	0.639798	0.636025	0.452547	0.038970	0.350448	0.626943	0.617354	0.572135	0.627721	0.603478	0.371212	0.636943	0.588235	0.550000	0.509955	0.621438	0.644391	0.626444	0.620776	0.290258	0.632479	0.320896	0.558315	0.631579	0.623044	0.522727	0.365019	0.565149	0.351307	0.472855	0.608871	0.599732	0.637652	0.591382	0.630394	0.623413	0.592814	0.497217	0.657767	0.562701	0.588235	0.637149	0.151890	0.612303	0.214946	0.204082	0.565561	0.621908	0.625631	0.638554	0.513514	0.643320	0.615075	0.633333	0.621022	0.625347	0.631285	0.569659	0.523279	0.597633	0.609504	0.626638	0.637771	0.523888	0.629243	0.151089	0.608247	0.581169	0.609164	1.000000	0.632939	0.617133	0.339768	0.482759	0.578783	0.611738	0.334500	0.641509	0.562771	0.526385	0.622517	0.643554	0.600181	0.585774	0.621083	0.644928	0.382392	0.496552	0.606936	0.444846	0.583082	0.328370	0.642857	0.594828	0.629630	0.659770	0.533793	0.644764	0.457627	0.615942	0.659142	0.389513	0.564417	0.654088	0.639535	0.653759	0.616500	0.510471	0.516892	0.271465	0.625801	0.610108	0.619048	0.628688	0.275112	0.650442	0.563945	0.250000	0.638353	0.602588	0.563291	0.640193	0.363483	0.162417	0.114225	0.388033	0.630342	0.547771	0.640199	0.624738	0.606440	0.492201	0.383459	0.625387	0.622036	0.610709	0.618465	0.614973	0.525760	0.596182	0.651163	0.234086	0.638522	0.164625	0.658740	0.586047	0.626800	0.606684	0.616236	0.601876	0.464589	0.567863	0.582701	0.530997	0.577160	0.569909	0.597701	0.537600	0.627907	0.581526	0.624636	0.137556	0.612482	0.604572	0.639572	0.229885	0.417400	0.626866	0.076978	0.622276	0.497427	0.566400	0.627232	0.388235	0.607339	0.448958	0.636364	0.026873	0.658286	0.621067	0.539683	0.588235	0.661176	0.595506	0.572115	0.426707	0.544872	0.560628	0.643127	0.603120	0.549273	0.646989	0.348460	0.587907	0.340324	0.538462	0.634278	0.584615	0.659446	0.482639	0.613915	0.613861	0.640000	0.632497	0.546032	0.522378	0.585516	0.440860	0.563910	0.586420	0.621083	0.433996	0.181665	0.556639	0.476357	0.602339	0.588598	0.616567	0.635104	0.544321	0.380195	0.617284	0.537705	0.604380	0.249203	0.507563	0.495667	0.529605	0.648715	0.574060	0.632674	0.643087	0.571214	0.625602	0.632293	0.593206	0.642562	0.635561	0.612414	0.644796	0.520602	0.286853	0.510204	0.640884	0.645241	0.640496	
0.587654	0.651163	0.586938	0.640969	0.526316	0.630677	0.592972	0.054646	0.655738	0.616822	0.611650	0.584145	0.623188	0.627907	0.636555	0.629052	0.650089	0.555404	0.614251	0.639344	0.488911	0.509547	0.642562	0.608696	0.616293	0.208525	0.606375	0.570312	0.561828	0.430136	0.420063	0.589641	0.620098	0.606369	0.530107	0.571429	0.653728	0.504495	0.498559	0.594595	0.645756	0.564885	0.546441	0.382342	0.602906	0.522727	0.530303	0.334912	0.632195	0.335237	0.609013	0.652174	0.399839	0.608000	0.564450	0.632050	0.562176	0.547486	0.559367	0.631696	0.398542	0.523121	0.642349	0.545202	0.621835	0.503423	0.557241	0.637149	0.559892	0.627418	0.618267	0.638095	0.424687	0.664039	0.629032	0.028547	0.587927	0.599542	0.422136	0.650579	0.573643	0.642777	0.541436	0.564917	0.618812	0.583908	0.640089	0.632420	0.308475	0.584018	0.138380	0.593434	0.643911	0.540466	0.624506	0.638498	0.201698	0.537604	0.642984	0.617925	0.620915	0.554318	0.650964	0.069898	0.618658	0.291096	0.607394	0.158867	0.473790	0.613793	0.400000	0.634578	0.493274	0.509461	0.631274	0.600293	0.152343	0.640264	0.522337	0.521640	0.346648	0.466570	0.302721	0.639262	0.067360	0.394113	0.620209	0.611494	0.630385	0.521262	0.403402	0.537262	0.536585	0.636166	0.607767	0.627219	0.276608	0.643226	0.478788	0.635634	0.643275	0.641548	0.658281	0.779116	0.648199	0.582353	0.619787	0.648264	0.270364	0.641686	0.606955	0.494045	0.599772	0.508671	0.520278	0.325187	0.611289	0.523256	0.618152	0.617433	0.329264	0.563081	0.299830	0.558408	0.581117	0.607798	0.597730	0.599428	0.655479	0.606372	0.552193	0.587313	0.643216	0.641026	0.527660	0.292155	0.562005	0.621990	0.653361	0.546328	0.539892	0.594268	0.315424	0.629843	0.485383	0.668605	0.660099	0.639301	0.641762	0.581132	0.508124	0.266204	0.620015	0.634409	0.581492	0.647363	0.633020	0.613583	0.637037	0.646445	0.459125	0.607867	0.635860	0.650057	0.628902	0.371833	0.580902	0.637317	0.644647	0.456238	0.604478	0.590120	0.621902	0.322689	0.596401	0.561358	0.651357	0.208264	0.581699	0.621590	0.385113	0.460366	0.584029	0.389457	0.580726	0.588751	0.512962	0.619507	0.617363	0.612676	0.355848	0.615546	0.276339	0.639344	0.609964	0.277299	0.674134	0.603070	0.658120	0.562049	0.554945	0.598775	0.602941	0.506438	0.454685	0.655985	0.578667	0.667932	0.218142	0.669456	0.664609	0.596401	0.643836	0.575816	0.141320	0.569892	0.471842	0.609712	0.370590	0.587792	0.639151	0.645914	0.615770	0.593750	0.568758	0.561358	0.623407	0.620137	0.492244	0.045083	0.393183	0.604043	0.590674	0.597504	0.651805	0.615258	0.328308	0.640950	0.562842	0.579986	0.546125	0.620347	0.632856	0.606132	0.603687	0.255245	0.646396	0.363041	0.595136	0.629797	0.598446	0.555911	0.322689	0.535411	0.392531	0.431250	0.620170	0.580882	0.650899	0.566038	0.637885	0.575835	0.575305	0.532622	0.633819	0.520984	0.565574	0.637186	0.174141	0.593750	0.245209	0.233014	0.535613	0.610022	0.635849	0.656285	0.478064	0.623810	0.618421	0.639835	0.654611	0.631304	0.596178	0.545455	0.553325	0.577181	0.615236	0.635533	0.651252	0.497041	0.615569	0.173234	0.605917	0.601076	0.624365	0.632939	1.000000	0.633141	0.299830	0.446841	0.612879	0.636649	0.378030	0.639175	0.560458	0.557729	0.621359	0.659274	0.627986	0.569975	0.639929	0.637681	0.422778	0.446841	0.586071	0.395498	0.563611	0.371280	0.633060	0.575163	0.632369	0.651757	0.579329	0.642378	0.476346	0.627451	0.640838	0.344942	0.581209	0.639296	0.645856	0.654699	0.633106	0.547276	0.459909	0.308310	0.638554	0.632116	0.618182	0.659696	0.312363	0.653649	0.526462	0.284412	0.638298	0.630756	0.536377	0.633333	0.408214	0.186055	0.131350	0.430769	0.654726	0.525108	0.637714	0.637341	0.631845	0.442724	0.339434	0.628131	0.597964	0.589474	0.617769	0.619339	0.563487	0.568000	0.638826	0.205036	0.621524	0.188551	0.641758	0.543417	0.637860	0.602125	0.633131	0.621578	0.507088	0.543662	0.546703	0.564070	0.549512	0.603610	0.623155	0.495677	0.607355	0.614916	0.636364	0.157886	0.562005	0.628800	0.655378	0.261942	0.461466	0.623139	0.088782	0.616760	0.453988	0.512968	0.640415	0.435279	0.641933	0.491753	0.631579	0.031118	0.633475	0.612500	0.500715	0.558077	0.652884	0.565941	0.589218	0.471616	0.513709	0.588715	0.635731	0.627964	0.523256	0.641921	0.392590	0.587413	0.384438	0.572836	0.602469	0.559110	0.642222	0.449612	0.593516	0.597938	0.642002	0.640974	0.509299	0.556833	0.543175	0.408293	0.598999	0.563459	0.586252	0.389068	0.207787	0.576320	0.437500	0.565737	0.540390	0.625806	0.616043	0.572373	0.425568	0.583960	0.497791	0.575597	0.283523	0.481928	0.445820	0.493353	0.647856	0.604956	0.638835	0.654691	0.585887	0.651625	0.630273	0.622257	0.648023	0.635731	0.617128	0.652676	0.563204	0.252189	0.468798	0.617907	0.649203	0.655738	
0.520976	0.626246	0.612626	0.589492	0.437908	0.643994	0.623656	0.077281	0.626364	0.578898	0.558229	0.631579	0.544583	0.563721	0.615253	0.572519	0.641312	0.473573	0.546161	0.614610	0.568440	0.581055	0.627219	0.539216	0.568738	0.285543	0.644501	0.496439	0.488008	0.518014	0.325909	0.500000	0.556741	0.526000	0.589357	0.529121	0.624791	0.580247	0.422442	0.576609	0.628176	0.612459	0.615056	0.485106	0.555235	0.433079	0.606939	0.425733	0.635484	0.433584	0.557915	0.609653	0.490356	0.566972	0.476891	0.635135	0.514691	0.448980	0.493320	0.583258	0.488823	0.423374	0.642270	0.458244	0.647735	0.574267	0.461702	0.599474	0.492693	0.650997	0.570627	0.568720	0.522117	0.634146	0.576177	0.040597	0.503582	0.633028	0.519246	0.634692	0.511628	0.602888	0.462194	0.618160	0.543500	0.630263	0.595707	0.579285	0.226087	0.630631	0.192271	0.526316	0.637413	0.474576	0.641892	0.626563	0.276583	0.458735	0.641312	0.568203	0.605472	0.460879	0.604003	0.098530	0.647182	0.212766	0.624722	0.219794	0.552069	0.567742	0.300000	0.637470	0.384615	0.410200	0.626699	0.628716	0.211055	0.597865	0.595614	0.582445	0.451842	0.557977	0.221669	0.651031	0.095004	0.490041	0.576208	0.642105	0.588879	0.468220	0.505961	0.613566	0.429825	0.596646	0.621687	0.575472	0.373529	0.605753	0.368000	0.637919	0.648725	0.623225	0.615911	0.630884	0.647149	0.622222	0.639777	0.636771	0.196970	0.589336	0.594502	0.574091	0.584249	0.416759	0.579083	0.428745	0.589255	0.411960	0.635605	0.564841	0.434997	0.625218	0.219451	0.611393	0.627109	0.566697	0.527778	0.636082	0.638436	0.616162	0.609597	0.634116	0.631405	0.635379	0.608602	0.392729	0.495375	0.603419	0.616967	0.604067	0.605739	0.638546	0.416099	0.642857	0.571006	0.627105	0.624390	0.642647	0.627482	0.619608	0.396861	0.360242	0.641192	0.604367	0.632592	0.624365	0.647399	0.635027	0.633205	0.628346	0.551100	0.550285	0.652274	0.606557	0.577778	0.475336	0.497420	0.619333	0.576395	0.537452	0.535819	0.489627	0.646658	0.237037	0.517623	0.628506	0.612106	0.285201	0.623496	0.565217	0.285714	0.360505	0.546490	0.490388	0.524655	0.635101	0.584813	0.595819	0.636052	0.575445	0.262774	0.596401	0.201511	0.565014	0.543353	0.374410	0.626566	0.582076	0.618593	0.622555	0.477200	0.627219	0.637460	0.422319	0.351039	0.628527	0.499482	0.630418	0.298121	0.619983	0.611626	0.515609	0.581118	0.619798	0.196235	0.481752	0.362385	0.601356	0.471802	0.629053	0.577611	0.629123	0.528600	0.516785	0.489627	0.495413	0.578850	0.582185	0.574221	0.063887	0.493791	0.551136	0.518744	0.623914	0.598099	0.634589	0.241379	0.626427	0.481521	0.618765	0.610538	0.540646	0.602496	0.553151	0.566944	0.185515	0.601995	0.468286	0.636082	0.584923	0.514691	0.611236	0.237037	0.436482	0.491947	0.329825	0.630094	0.541222	0.630503	0.491118	0.641481	0.507553	0.481092	0.590216	0.590253	0.421634	0.481521	0.614876	0.240161	0.516785	0.333256	0.317474	0.436205	0.598411	0.630588	0.596050	0.369863	0.568720	0.622361	0.613176	0.644966	0.641758	0.528000	0.455914	0.623549	0.485417	0.611821	0.615000	0.632083	0.397306	0.561905	0.238956	0.552830	0.635884	0.634216	0.617133	0.633141	1.000000	0.219451	0.347222	0.636015	0.603419	0.477758	0.612658	0.608756	0.620000	0.556304	0.637945	0.644557	0.509491	0.646223	0.593525	0.515594	0.347222	0.504098	0.293907	0.475687	0.472615	0.567416	0.504082	0.599303	0.603120	0.630911	0.635930	0.547225	0.644092	0.613675	0.254279	0.630982	0.631664	0.610140	0.614458	0.641673	0.611479	0.367580	0.412514	0.636166	0.646552	0.555769	0.640884	0.415249	0.622896	0.450161	0.382922	0.561734	0.631040	0.434498	0.586547	0.504906	0.255960	0.182772	0.526104	0.621311	0.429825	0.583486	0.625202	0.646220	0.341463	0.250000	0.617717	0.529471	0.508718	0.603550	0.558140	0.624027	0.489119	0.588556	0.147860	0.562380	0.259259	0.604444	0.449946	0.608256	0.549906	0.652047	0.638298	0.581747	0.445405	0.462354	0.626697	0.452790	0.642500	0.647137	0.418042	0.565217	0.644866	0.637262	0.218482	0.507708	0.644369	0.621821	0.354783	0.551931	0.579044	0.124651	0.576577	0.352941	0.422442	0.625424	0.526063	0.633188	0.574478	0.560078	0.044230	0.616048	0.541872	0.424508	0.491701	0.608466	0.516064	0.626632	0.557118	0.422907	0.634638	0.581244	0.636996	0.418605	0.604775	0.494913	0.635762	0.487371	0.624694	0.540488	0.456103	0.599103	0.339535	0.534907	0.522704	0.590829	0.619484	0.428884	0.613139	0.458735	0.304038	0.634449	0.457082	0.517241	0.293907	0.284576	0.623377	0.329825	0.495868	0.454448	0.644674	0.593043	0.630787	0.516889	0.521224	0.398210	0.493292	0.381794	0.375427	0.341463	0.396861	0.594005	0.635161	0.637751	0.624486	0.631644	0.654573	0.546523	0.650570	0.634185	0.568245	0.533201	0.614726	0.619967	0.183206	0.362385	0.535714	0.585544	0.645367	
0.416040	0.304498	0.229167	0.354125	0.520548	0.232804	0.184293	0.009859	0.311504	0.391011	0.421308	0.171373	0.412470	0.391982	0.325323	0.402844	0.246154	0.493750	0.431762	0.311504	0.111888	0.123769	0.315978	0.436548	0.403670	0.040229	0.187633	0.476190	0.480480	0.094017	0.634361	0.485380	0.429630	0.443850	0.128843	0.434109	0.309859	0.118919	0.544170	0.368973	0.261516	0.195773	0.141139	0.080219	0.419277	0.511945	0.134866	0.069155	0.286645	0.068589	0.414634	0.317117	0.085024	0.379310	0.503067	0.249292	0.465374	0.524590	0.472622	0.362887	0.085520	0.540925	0.246844	0.532468	0.206331	0.118280	0.503185	0.341748	0.500000	0.226221	0.397291	0.400932	0.092340	0.291391	0.385120	0.005094	0.484330	0.195556	0.091667	0.281600	0.462810	0.365145	0.536741	0.169720	0.433249	0.196868	0.357724	0.378495	0.592179	0.189655	0.025879	0.451444	0.261516	0.509434	0.206089	0.269113	0.038792	0.508143	0.246154	0.393593	0.347140	0.514658	0.336520	0.012692	0.217016	0.670520	0.242759	0.029978	0.111888	0.383442	0.560748	0.289951	0.527132	0.565217	0.281600	0.184293	0.028664	0.353414	0.131835	0.130855	0.071313	0.105516	0.564972	0.225352	0.012218	0.086486	0.391111	0.196868	0.373673	0.496855	0.085520	0.133333	0.503497	0.347140	0.284330	0.391705	0.055052	0.316547	0.562249	0.210778	0.223919	0.308231	0.320442	0.300855	0.261905	0.185458	0.216749	0.247191	0.614458	0.383747	0.327138	0.115789	0.377682	0.569395	0.133840	0.066215	0.333333	0.541516	0.216749	0.409639	0.067176	0.160731	0.636364	0.153444	0.161025	0.381779	0.445026	0.178318	0.292359	0.313167	0.145695	0.177419	0.301370	0.231884	0.142626	0.058569	0.495677	0.323529	0.325323	0.168260	0.140127	0.192350	0.063930	0.219451	0.125535	0.283414	0.291391	0.239782	0.278041	0.271186	0.563910	0.052726	0.191721	0.335260	0.169720	0.316547	0.232190	0.202299	0.263079	0.273292	0.103957	0.406542	0.262295	0.372881	0.374449	0.077431	0.478134	0.324125	0.372591	0.101324	0.442748	0.473373	0.209524	0.554348	0.457766	0.157003	0.321755	0.040173	0.157283	0.407407	0.560386	0.563265	0.406542	0.082590	0.438144	0.183716	0.125535	0.337165	0.211285	0.399093	0.591837	0.325323	0.583333	0.397291	0.422330	0.055207	0.308231	0.351297	0.335238	0.158273	0.498423	0.196648	0.185458	0.534722	0.575000	0.270769	0.477876	0.273717	0.042267	0.322936	0.313725	0.446866	0.378495	0.152778	0.026462	0.504505	0.544715	0.251070	0.077125	0.192140	0.402746	0.285251	0.443299	0.453782	0.479290	0.473239	0.389381	0.371490	0.115561	0.008101	0.083333	0.400000	0.454294	0.202067	0.331450	0.217822	0.634409	0.293333	0.517134	0.166352	0.144856	0.430380	0.350806	0.402746	0.385120	0.596273	0.360587	0.075278	0.178318	0.370526	0.454294	0.152513	0.630435	0.515254	0.083571	0.602620	0.270769	0.414815	0.272446	0.483384	0.243094	0.452316	0.478528	0.138039	0.365145	0.557143	0.479751	0.301370	0.033083	0.453782	0.048101	0.045455	0.529210	0.347140	0.271186	0.352459	0.544000	0.400932	0.269525	0.315412	0.253237	0.238160	0.433155	0.486842	0.148774	0.497006	0.281150	0.306620	0.280702	0.573585	0.410377	0.032897	0.400922	0.197753	0.228275	0.339768	0.299830	0.219451	1.000000	0.739496	0.187234	0.323529	0.078959	0.314848	0.216482	0.149915	0.411622	0.302926	0.231275	0.448000	0.247539	0.362140	0.092292	0.571429	0.457143	0.635071	0.481250	0.077295	0.393665	0.468927	0.333333	0.333333	0.158845	0.278481	0.123249	0.230971	0.323529	0.593750	0.182952	0.287582	0.339768	0.328358	0.231275	0.148398	0.616000	0.062279	0.234354	0.229765	0.425121	0.274571	0.063218	0.313167	0.540717	0.056811	0.400000	0.237838	0.496552	0.351738	0.086957	0.035534	0.024489	0.094421	0.296296	0.538462	0.375000	0.287582	0.226804	0.544681	0.631579	0.280702	0.458667	0.469914	0.315978	0.418719	0.150171	0.477876	0.370526	0.565517	0.418269	0.036051	0.352705	0.547855	0.313725	0.403670	0.237197	0.211793	0.123682	0.528428	0.511041	0.154116	0.503268	0.180698	0.200913	0.530035	0.407407	0.194906	0.255443	0.029780	0.484150	0.209774	0.296796	0.051780	0.103286	0.380952	0.016251	0.363636	0.589212	0.537102	0.317690	0.094218	0.235294	0.115108	0.423645	0.005559	0.330206	0.421594	0.534722	0.491124	0.346457	0.464865	0.194260	0.106667	0.539007	0.166038	0.385809	0.216749	0.505415	0.348515	0.082785	0.240109	0.080549	0.174257	0.431078	0.506494	0.359918	0.547009	0.445013	0.460274	0.346457	0.306087	0.520833	0.152381	0.521173	0.592593	0.178138	0.509804	0.466667	0.663507	0.040073	0.177598	0.585153	0.479532	0.508143	0.212304	0.335878	0.159710	0.091667	0.423773	0.574627	0.483965	0.056610	0.577075	0.553191	0.533835	0.370526	0.183143	0.284330	0.297800	0.177419	0.252511	0.445570	0.203468	0.281150	0.390244	0.443864	0.324723	0.148273	0.587500	0.560976	0.445026	0.372591	0.281150	
0.550976	0.453125	0.356627	0.483005	0.598870	0.366748	0.294985	0.016747	0.462520	0.540434	0.560000	0.275482	0.530271	0.524462	0.484245	0.533058	0.386100	0.596859	0.554839	0.449761	0.183486	0.202156	0.452342	0.578947	0.538153	0.067613	0.300000	0.606205	0.597468	0.155119	0.629758	0.613861	0.543897	0.541284	0.210084	0.552339	0.473016	0.194553	0.631884	0.515770	0.405442	0.312175	0.229183	0.132979	0.536688	0.608451	0.219459	0.115075	0.428994	0.114155	0.563559	0.463533	0.140713	0.520913	0.603093	0.388021	0.572104	0.615804	0.586797	0.519196	0.141509	0.571429	0.387097	0.621622	0.327869	0.193548	0.547872	0.492201	0.624365	0.354762	0.538614	0.509165	0.152439	0.441441	0.535645	0.008668	0.590799	0.311850	0.151362	0.427948	0.578824	0.485294	0.629333	0.272975	0.575163	0.313808	0.480144	0.504744	0.597510	0.303030	0.043713	0.582393	0.408163	0.642105	0.327511	0.413408	0.065232	0.612466	0.380952	0.521042	0.495606	0.612466	0.492308	0.021538	0.343643	0.587234	0.381194	0.050565	0.183486	0.533589	0.637681	0.439462	0.618750	0.627219	0.425036	0.294985	0.048371	0.503571	0.214746	0.213220	0.118577	0.173410	0.535565	0.355872	0.020737	0.143062	0.523438	0.313808	0.532833	0.626316	0.141509	0.217077	0.568966	0.492091	0.434655	0.524194	0.092053	0.456311	0.630225	0.334448	0.351415	0.448657	0.459504	0.442040	0.403270	0.296736	0.343249	0.385013	0.596491	0.491089	0.476667	0.189633	0.530303	0.629738	0.217865	0.110294	0.491525	0.613569	0.343249	0.545073	0.111857	0.259291	0.579832	0.248139	0.259740	0.516252	0.567568	0.285987	0.439759	0.467949	0.236220	0.284630	0.448916	0.365408	0.231481	0.097815	0.601467	0.481848	0.457711	0.270758	0.227618	0.307062	0.106572	0.347222	0.204918	0.427526	0.444444	0.374372	0.420144	0.413502	0.597561	0.088235	0.306122	0.481928	0.272975	0.453074	0.360976	0.321888	0.399453	0.416431	0.170940	0.530612	0.409277	0.505618	0.531008	0.128480	0.577778	0.462810	0.495274	0.166759	0.575824	0.560000	0.332594	0.577236	0.559441	0.253593	0.472906	0.067522	0.254022	0.526316	0.565056	0.612378	0.542857	0.136799	0.555556	0.294118	0.204918	0.482877	0.332961	0.532803	0.573643	0.477612	0.521739	0.514851	0.552743	0.092308	0.461295	0.500888	0.480409	0.255537	0.606860	0.313480	0.296736	0.600000	0.622517	0.412921	0.558603	0.419858	0.070989	0.461285	0.462279	0.550117	0.508539	0.247117	0.044689	0.582278	0.571429	0.393185	0.127986	0.306748	0.525050	0.435935	0.555556	0.553699	0.590000	0.589928	0.540856	0.506667	0.189274	0.013769	0.137994	0.536585	0.576832	0.321543	0.468803	0.344828	0.790323	0.444109	0.574413	0.267857	0.234926	0.538293	0.505376	0.525050	0.551060	0.547085	0.482375	0.125000	0.285987	0.513966	0.572104	0.246711	0.569106	0.599440	0.138376	0.639175	0.415730	0.556745	0.420904	0.590331	0.381679	0.601399	0.567010	0.224383	0.511029	0.608187	0.569191	0.455108	0.055741	0.553699	0.080623	0.076258	0.611898	0.495606	0.413502	0.494545	0.583333	0.509165	0.416783	0.474194	0.396301	0.374532	0.577982	0.579235	0.240964	0.606061	0.433140	0.462264	0.426705	0.623853	0.559671	0.055432	0.544355	0.315126	0.360144	0.482759	0.446841	0.347222	0.739496	1.000000	0.299401	0.475248	0.130947	0.466989	0.342857	0.242718	0.526316	0.451011	0.364520	0.572082	0.388098	0.492701	0.152362	0.600000	0.558252	0.615385	0.575916	0.128260	0.515873	0.581731	0.476027	0.481356	0.256410	0.417867	0.201342	0.364078	0.468647	0.622047	0.292969	0.439169	0.482759	0.461538	0.364520	0.240385	0.653846	0.103878	0.369004	0.362319	0.546218	0.418208	0.105411	0.464744	0.628726	0.094937	0.539235	0.374065	0.573864	0.486388	0.143816	0.059821	0.041385	0.155763	0.432927	0.649425	0.517110	0.424332	0.357995	0.579125	0.603175	0.420900	0.572082	0.593674	0.471729	0.564103	0.243112	0.598504	0.495345	0.463768	0.518828	0.060680	0.495544	0.619178	0.446228	0.546185	0.373134	0.335946	0.202020	0.603878	0.596306	0.249169	0.597826	0.289575	0.319829	0.608696	0.538462	0.310881	0.394141	0.050234	0.591687	0.332963	0.433588	0.086680	0.169875	0.500000	0.027543	0.505495	0.627063	0.591304	0.470779	0.155440	0.367901	0.188561	0.525641	0.009457	0.463866	0.554324	0.645714	0.605000	0.470175	0.564815	0.309917	0.175234	0.627907	0.267380	0.518519	0.343249	0.601770	0.493827	0.137112	0.377358	0.133511	0.279851	0.555315	0.567568	0.500907	0.567568	0.582781	0.580796	0.484211	0.452119	0.617143	0.246508	0.596206	0.618705	0.285714	0.586957	0.568720	0.864469	0.067355	0.284900	0.591065	0.584158	0.607046	0.336700	0.481229	0.257732	0.151362	0.552339	0.624242	0.607407	0.094607	0.609524	0.579125	0.597561	0.495345	0.293255	0.434655	0.444104	0.284630	0.392622	0.573304	0.323625	0.424419	0.526316	0.548315	0.453642	0.240192	0.513514	0.610390	0.549550	0.487713	0.430233	
0.486672	0.594635	0.597911	0.570975	0.386364	0.619737	0.641070	0.091534	0.583898	0.539289	0.511470	0.642099	0.514818	0.527617	0.568582	0.521079	0.632860	0.426199	0.510711	0.580888	0.594780	0.609332	0.572294	0.495682	0.533333	0.331193	0.638073	0.451383	0.435734	0.558422	0.280525	0.444846	0.508127	0.483304	0.617840	0.479583	0.594595	0.616756	0.370583	0.517325	0.604036	0.604931	0.632521	0.521298	0.502120	0.384106	0.626390	0.464793	0.606676	0.485886	0.504259	0.598939	0.540579	0.539088	0.427523	0.621769	0.458667	0.404116	0.444644	0.552442	0.511694	0.369378	0.639133	0.406716	0.640693	0.615453	0.419295	0.561376	0.436131	0.635538	0.528583	0.534786	0.563296	0.605263	0.538903	0.048254	0.459193	0.611779	0.562593	0.607631	0.464951	0.571429	0.408542	0.611882	0.503015	0.609168	0.573248	0.532140	0.193001	0.612293	0.225248	0.482096	0.613779	0.417745	0.632880	0.623413	0.321449	0.401494	0.636917	0.531224	0.560189	0.405229	0.574981	0.116465	0.646349	0.181430	0.595030	0.256820	0.581943	0.538021	0.257669	0.608315	0.332681	0.361538	0.600432	0.645724	0.246813	0.561014	0.616484	0.608819	0.503094	0.595395	0.189160	0.635599	0.112334	0.530189	0.542010	0.645356	0.552227	0.417745	0.547838	0.628599	0.377143	0.568057	0.579899	0.540902	0.428175	0.590909	0.317868	0.634146	0.650323	0.590262	0.598317	0.598962	0.622563	0.609457	0.638325	0.635501	0.167742	0.541839	0.549923	0.595447	0.528455	0.369378	0.620491	0.480421	0.563467	0.363112	0.626904	0.517388	0.486998	0.632598	0.187234	0.625850	0.645127	0.528980	0.485166	0.646488	0.609078	0.576169	0.641988	0.637813	0.609792	0.625082	0.621622	0.438843	0.448245	0.562691	0.593103	0.600000	0.640594	0.636093	0.456639	0.655172	0.580794	0.625271	0.606725	0.652870	0.608447	0.574664	0.345631	0.412969	0.644471	0.572097	0.620766	0.601515	0.638633	0.634027	0.630844	0.610795	0.577127	0.510067	0.614634	0.559871	0.541872	0.518275	0.451671	0.583015	0.555646	0.588565	0.490925	0.446461	0.648379	0.202532	0.475685	0.629178	0.573608	0.331195	0.638343	0.526756	0.245108	0.311199	0.503356	0.534024	0.472222	0.648084	0.616805	0.564541	0.648716	0.537759	0.225000	0.562452	0.171674	0.540182	0.503401	0.428644	0.596255	0.534387	0.577192	0.644989	0.418131	0.632911	0.642148	0.380228	0.302789	0.616690	0.446056	0.622601	0.345779	0.591291	0.588679	0.472149	0.550041	0.645094	0.229804	0.435734	0.312871	0.593857	0.514773	0.628571	0.539550	0.589428	0.487847	0.474576	0.444646	0.457551	0.541118	0.546047	0.599038	0.075767	0.534771	0.512563	0.467556	0.601835	0.576062	0.642494	0.206316	0.601173	0.425806	0.647640	0.619505	0.502157	0.566667	0.519567	0.524161	0.157838	0.562450	0.517730	0.647630	0.543987	0.465778	0.621481	0.202532	0.390935	0.525436	0.283988	0.589816	0.494440	0.617021	0.442009	0.635753	0.466844	0.433028	0.624816	0.552167	0.367816	0.427650	0.586053	0.280079	0.474576	0.382998	0.367558	0.384834	0.544453	0.615711	0.555911	0.319527	0.524728	0.588567	0.583964	0.633310	0.610778	0.479789	0.402622	0.628659	0.437158	0.588489	0.581465	0.616822	0.344023	0.508418	0.278705	0.514190	0.636034	0.633225	0.578783	0.612879	0.636015	0.187234	0.299401	1.000000	0.581040	0.528567	0.582011	0.592264	0.637771	0.514868	0.605204	0.628197	0.470588	0.626441	0.569600	0.545863	0.299401	0.457810	0.252308	0.426199	0.518908	0.535655	0.454383	0.583204	0.585139	0.647436	0.610315	0.565693	0.629096	0.581040	0.217573	0.638470	0.600291	0.586583	0.584615	0.634754	0.609231	0.319527	0.464067	0.637624	0.623529	0.499151	0.622064	0.464487	0.583710	0.403361	0.436044	0.520434	0.603723	0.383302	0.557063	0.550933	0.298058	0.214313	0.557839	0.603829	0.375238	0.548860	0.617733	0.640260	0.294294	0.213836	0.596693	0.479368	0.458221	0.557154	0.509402	0.632231	0.446056	0.564972	0.125413	0.525424	0.301807	0.571655	0.401125	0.588679	0.508333	0.646746	0.640752	0.616369	0.396990	0.414431	0.653725	0.403738	0.647871	0.648780	0.372493	0.526756	0.644271	0.616655	0.255319	0.453645	0.641298	0.608696	0.405957	0.594814	0.539967	0.146973	0.544872	0.304478	0.372493	0.579666	0.566869	0.632275	0.595726	0.512821	0.052554	0.579800	0.494363	0.374525	0.441016	0.573899	0.467372	0.611976	0.592378	0.369025	0.644737	0.544856	0.643401	0.363112	0.561072	0.539100	0.591850	0.537809	0.618940	0.500430	0.408582	0.553871	0.292585	0.488312	0.478299	0.562893	0.594473	0.380228	0.639917	0.405229	0.261224	0.654110	0.407477	0.467972	0.252308	0.330489	0.624501	0.283988	0.443038	0.405229	0.641557	0.555901	0.638800	0.561848	0.483058	0.348837	0.449864	0.431707	0.324484	0.294294	0.345631	0.556901	0.641159	0.607375	0.611070	0.635535	0.626968	0.507334	0.650706	0.617266	0.533333	0.486486	0.589587	0.643772	0.155844	0.312871	0.493892	0.558895	0.624460	
0.604954	0.623679	0.610915	0.601156	0.530303	0.622776	0.565382	0.050055	0.619507	0.624846	0.612036	0.566308	0.608917	0.629131	0.651265	0.607595	0.605725	0.575581	0.625162	0.623794	0.453375	0.486034	0.629189	0.614173	0.626866	0.192283	0.575804	0.593103	0.573466	0.405357	0.460504	0.577465	0.602846	0.592992	0.486736	0.614570	0.638889	0.479437	0.540707	0.601183	0.609030	0.598264	0.521362	0.355972	0.597701	0.538578	0.499701	0.313079	0.637475	0.310838	0.624679	0.624052	0.372436	0.637019	0.576369	0.614525	0.587106	0.534918	0.587413	0.651817	0.375103	0.517720	0.640148	0.568047	0.591319	0.471983	0.542522	0.618347	0.568571	0.596859	0.621455	0.639900	0.399296	0.635802	0.620606	0.026119	0.600834	0.596215	0.398601	0.622356	0.604651	0.632941	0.563877	0.556584	0.624837	0.591125	0.625581	0.638655	0.332724	0.597222	0.127214	0.603471	0.634006	0.553936	0.584288	0.626223	0.185933	0.557037	0.605725	0.591304	0.644571	0.560000	0.641975	0.064067	0.608991	0.314233	0.611162	0.146177	0.451314	0.633615	0.426117	0.635897	0.498403	0.524845	0.628399	0.575964	0.140135	0.630485	0.495596	0.503211	0.321580	0.442043	0.326606	0.600522	0.061734	0.377861	0.618582	0.584786	0.636472	0.568513	0.375927	0.503555	0.532110	0.621714	0.626140	0.628429	0.255820	0.638528	0.482982	0.600166	0.604853	0.645367	0.638858	0.646380	0.611538	0.581625	0.601695	0.598148	0.292135	0.618989	0.640177	0.468220	0.635492	0.536210	0.481283	0.301388	0.649554	0.533333	0.600000	0.620690	0.305221	0.561859	0.323529	0.541254	0.553046	0.617612	0.594667	0.565314	0.614433	0.636559	0.530457	0.569118	0.632353	0.612245	0.523096	0.270382	0.601399	0.651316	0.620462	0.557284	0.518473	0.576773	0.292214	0.589744	0.487006	0.614762	0.627572	0.600726	0.611389	0.631268	0.492114	0.246087	0.580093	0.649380	0.555160	0.616883	0.607460	0.589661	0.638380	0.640316	0.437652	0.620603	0.641001	0.630952	0.637470	0.345324	0.590717	0.610318	0.629940	0.424703	0.609724	0.577904	0.605960	0.347826	0.593197	0.554735	0.633880	0.192040	0.546066	0.612500	0.406957	0.492659	0.605528	0.364146	0.587302	0.571644	0.490395	0.644944	0.594505	0.613103	0.382979	0.633663	0.298507	0.611591	0.600000	0.256468	0.636848	0.635213	0.642777	0.548649	0.572263	0.577989	0.564920	0.527439	0.460526	0.620825	0.571429	0.636993	0.201236	0.633078	0.615716	0.585034	0.629052	0.532895	0.129933	0.579173	0.485342	0.613658	0.344151	0.580997	0.631056	0.645685	0.592593	0.604138	0.577904	0.605809	0.631707	0.632972	0.472766	0.041278	0.366935	0.626566	0.587106	0.592413	0.622914	0.607143	0.353791	0.634298	0.566038	0.558205	0.529375	0.608126	0.622685	0.613665	0.627879	0.275992	0.634320	0.337029	0.560886	0.623962	0.592593	0.529566	0.347826	0.533937	0.368634	0.458961	0.632613	0.618370	0.639053	0.566524	0.620879	0.601361	0.561960	0.501522	0.625882	0.530864	0.557329	0.628151	0.160338	0.604138	0.226471	0.215094	0.552352	0.614857	0.627335	0.640187	0.495146	0.629862	0.632713	0.645788	0.634055	0.617886	0.576819	0.553571	0.527402	0.575499	0.653924	0.626327	0.619095	0.505529	0.623737	0.159496	0.620948	0.588235	0.612818	0.611738	0.636649	0.603419	0.323529	0.475248	0.581040	1.000000	0.351174	0.653722	0.594412	0.543450	0.604353	0.632244	0.618246	0.589502	0.617238	0.632319	0.398242	0.462046	0.590529	0.417962	0.561047	0.344802	0.604938	0.573407	0.635955	0.618304	0.546070	0.604000	0.461024	0.608850	0.607456	0.371429	0.578947	0.638776	0.638826	0.632743	0.604074	0.536680	0.495146	0.285535	0.630920	0.634921	0.629156	0.618434	0.289340	0.638710	0.557037	0.263128	0.630137	0.615523	0.534954	0.630105	0.381271	0.171396	0.120715	0.407706	0.623701	0.532110	0.620192	0.628571	0.594406	0.457711	0.365591	0.631156	0.608345	0.580195	0.611892	0.622739	0.528571	0.574257	0.631079	0.222222	0.630102	0.173714	0.625144	0.554396	0.607104	0.619403	0.614414	0.600500	0.483529	0.551724	0.548905	0.541722	0.528190	0.585693	0.596463	0.519201	0.627500	0.588513	0.592242	0.145269	0.576224	0.603148	0.630593	0.242102	0.434363	0.633735	0.081443	0.622066	0.479475	0.525346	0.629067	0.404293	0.611111	0.467053	0.617571	0.028475	0.628191	0.591810	0.527439	0.583569	0.630137	0.560976	0.574568	0.444004	0.538462	0.570028	0.620269	0.610169	0.520930	0.634593	0.365678	0.613987	0.357227	0.570392	0.599739	0.553254	0.623104	0.458472	0.598155	0.594816	0.630137	0.646872	0.521341	0.537098	0.565926	0.428082	0.567847	0.545994	0.568681	0.417962	0.191597	0.575423	0.452261	0.577465	0.560000	0.603175	0.645740	0.553741	0.396853	0.566887	0.515723	0.568214	0.262295	0.489533	0.454395	0.517350	0.616845	0.577878	0.624113	0.619395	0.560294	0.614085	0.618611	0.600162	0.639839	0.630037	0.588549	0.628571	0.538907	0.272727	0.472313	0.602667	0.613174	0.635815	
0.253670	0.372482	0.460829	0.320784	0.173987	0.460662	0.533910	0.215122	0.364400	0.285829	0.263585	0.551948	0.266397	0.288569	0.349268	0.269899	0.445087	0.195533	0.256515	0.364400	0.626034	0.608345	0.359387	0.250102	0.279630	0.552271	0.521565	0.223237	0.205365	0.633885	0.121930	0.212109	0.257933	0.235682	0.612460	0.245082	0.366272	0.621568	0.166952	0.307510	0.424065	0.501355	0.587879	0.639510	0.264992	0.174766	0.599762	0.618095	0.394451	0.640398	0.261470	0.358129	0.648557	0.298768	0.200084	0.440739	0.226181	0.184054	0.215833	0.312845	0.619314	0.165381	0.443962	0.186362	0.497591	0.620729	0.190959	0.332555	0.204612	0.471212	0.284455	0.274778	0.641576	0.387655	0.294024	0.116988	0.218802	0.509313	0.642336	0.400299	0.227649	0.310848	0.190194	0.542395	0.252245	0.506278	0.317485	0.299444	0.081541	0.515263	0.462390	0.240756	0.425532	0.194011	0.498796	0.416697	0.556601	0.185593	0.446532	0.280321	0.327344	0.185593	0.337733	0.268970	0.483240	0.076370	0.449244	0.493185	0.613900	0.295382	0.111160	0.390226	0.147122	0.161443	0.398805	0.531250	0.491883	0.321443	0.603306	0.595644	0.656050	0.638538	0.079821	0.472124	0.260177	0.624266	0.289253	0.512385	0.303487	0.194011	0.647531	0.608953	0.169303	0.327344	0.395958	0.278247	0.625905	0.358758	0.139878	0.491690	0.478337	0.368140	0.350539	0.376801	0.425688	0.518321	0.483770	0.444846	0.070302	0.284455	0.347356	0.617408	0.300119	0.165381	0.602732	0.638930	0.340953	0.162232	0.484468	0.264992	0.647122	0.567980	0.078959	0.572500	0.561983	0.296738	0.241478	0.540789	0.386441	0.362524	0.591230	0.533333	0.375427	0.463727	0.578035	0.613681	0.215833	0.351174	0.349268	0.537593	0.591115	0.516846	0.614232	0.481261	0.594501	0.396410	0.388408	0.454970	0.405063	0.409326	0.153514	0.623632	0.521037	0.335148	0.551456	0.358758	0.466738	0.502908	0.424688	0.409344	0.625734	0.274083	0.423642	0.304158	0.291982	0.646325	0.212855	0.350539	0.300794	0.640633	0.249387	0.209118	0.494297	0.085829	0.230579	0.562697	0.353077	0.562636	0.569987	0.276861	0.105310	0.136641	0.274083	0.640057	0.245801	0.532049	0.619392	0.337087	0.496881	0.283079	0.096043	0.349268	0.072040	0.284455	0.262880	0.637283	0.368140	0.323414	0.339022	0.569984	0.193249	0.508820	0.528981	0.170867	0.132577	0.413615	0.209866	0.409496	0.567476	0.351809	0.361897	0.230579	0.299444	0.582215	0.468980	0.205365	0.137451	0.434277	0.644521	0.513978	0.280321	0.394007	0.245801	0.223237	0.209118	0.221761	0.290619	0.298092	0.615213	0.180075	0.641056	0.275473	0.226181	0.501368	0.342879	0.481650	0.087539	0.385978	0.196293	0.559306	0.580783	0.250817	0.320126	0.280321	0.294024	0.065944	0.307510	0.649510	0.542105	0.306171	0.226181	0.573745	0.085829	0.176320	0.639577	0.123576	0.413615	0.257933	0.411263	0.203859	0.447965	0.230579	0.200084	0.594952	0.310848	0.164595	0.196293	0.376185	0.519463	0.223237	0.588235	0.595105	0.173208	0.327344	0.412287	0.314837	0.140686	0.274778	0.412417	0.360015	0.437409	0.454871	0.235682	0.183284	0.581582	0.206116	0.399403	0.370004	0.401493	0.152718	0.271296	0.534108	0.278247	0.510364	0.466714	0.334500	0.378030	0.477758	0.078959	0.130947	0.528567	0.351174	1.000000	0.360643	0.479414	0.578866	0.263585	0.374336	0.464108	0.236409	0.442836	0.313509	0.628788	0.130947	0.218061	0.108657	0.195533	0.644342	0.283768	0.221022	0.337087	0.340953	0.571338	0.403724	0.586038	0.462522	0.351174	0.092650	0.531343	0.390994	0.334500	0.346080	0.461976	0.568077	0.140686	0.645624	0.460770	0.465413	0.264289	0.409057	0.632624	0.362524	0.185593	0.628616	0.278939	0.450412	0.172429	0.315500	0.652931	0.538396	0.453680	0.639775	0.382320	0.169303	0.298768	0.392495	0.471545	0.128497	0.090950	0.402239	0.236409	0.217319	0.359387	0.258642	0.579845	0.209866	0.306171	0.051865	0.265695	0.543043	0.322100	0.182513	0.361897	0.279630	0.457961	0.490291	0.614499	0.179422	0.193249	0.575900	0.184824	0.538487	0.508023	0.166952	0.276861	0.513532	0.431802	0.499058	0.215833	0.494467	0.381708	0.611886	0.641469	0.297416	0.332376	0.312180	0.133391	0.166952	0.357499	0.646774	0.459122	0.618090	0.258642	0.127013	0.344161	0.246519	0.170867	0.209118	0.327997	0.232769	0.507604	0.628139	0.166167	0.555734	0.289936	0.486562	0.162232	0.326036	0.654223	0.445800	0.642284	0.540646	0.253670	0.186362	0.315500	0.127678	0.247954	0.229115	0.327997	0.370624	0.170867	0.570449	0.185593	0.112825	0.540612	0.184824	0.225446	0.108657	0.571296	0.543364	0.123576	0.212109	0.185593	0.488550	0.338378	0.567987	0.643343	0.245082	0.155106	0.212855	0.624177	0.143105	0.128497	0.153514	0.306171	0.530856	0.395958	0.380484	0.538588	0.434909	0.250817	0.503084	0.401642	0.289936	0.242200	0.349904	0.590123	0.065070	0.137451	0.241478	0.300794	0.400896	
0.598465	0.645161	0.609904	0.636364	0.536296	0.625110	0.566517	0.051659	0.643460	0.647343	0.628141	0.571631	0.630000	0.627404	0.658009	0.618634	0.632058	0.563300	0.613232	0.618143	0.459100	0.503047	0.640426	0.628057	0.622711	0.197982	0.595004	0.610811	0.581006	0.415078	0.449180	0.576552	0.604061	0.605020	0.497427	0.607792	0.641430	0.487386	0.528529	0.618605	0.634470	0.581903	0.530061	0.365541	0.604010	0.538462	0.515403	0.321721	0.643932	0.319430	0.633039	0.648188	0.380758	0.637544	0.566996	0.626263	0.602151	0.543605	0.586301	0.645161	0.384269	0.515060	0.635036	0.570188	0.619741	0.482095	0.553802	0.639198	0.576224	0.609819	0.624697	0.618227	0.409786	0.650456	0.645238	0.026967	0.596730	0.611068	0.405558	0.642857	0.611260	0.626590	0.566092	0.578873	0.610256	0.595145	0.628571	0.641509	0.323843	0.596491	0.131125	0.612565	0.649621	0.564907	0.606306	0.630665	0.191463	0.562319	0.604736	0.619512	0.653933	0.559420	0.644592	0.066105	0.603015	0.305755	0.629964	0.150624	0.458078	0.643705	0.415410	0.652525	0.489860	0.525038	0.628968	0.581465	0.144412	0.637911	0.499418	0.512731	0.330410	0.447587	0.317857	0.606529	0.063700	0.385443	0.626651	0.599843	0.637002	0.567760	0.385907	0.515561	0.538117	0.617978	0.646707	0.629131	0.263128	0.632588	0.481013	0.610837	0.603935	0.637317	0.637149	0.638430	0.631280	0.582583	0.610879	0.610046	0.284153	0.612591	0.644951	0.481345	0.640754	0.527108	0.495878	0.309767	0.638858	0.530303	0.609205	0.634085	0.313686	0.561570	0.314848	0.546405	0.552846	0.625592	0.614379	0.569343	0.631472	0.664550	0.538026	0.583273	0.639090	0.626970	0.525665	0.278040	0.605479	0.662352	0.625541	0.568230	0.529591	0.587057	0.300383	0.612658	0.492997	0.621514	0.652482	0.610564	0.629921	0.624031	0.508475	0.253158	0.584166	0.629712	0.569014	0.628328	0.620508	0.604948	0.619772	0.636806	0.447977	0.626387	0.648956	0.631579	0.630824	0.354669	0.581267	0.624190	0.628235	0.431132	0.608247	0.582524	0.606705	0.338624	0.610667	0.561170	0.636559	0.197733	0.561917	0.625767	0.403390	0.474522	0.609125	0.374702	0.604410	0.581655	0.492997	0.649724	0.595395	0.631068	0.373057	0.651515	0.290381	0.615012	0.618868	0.263792	0.654088	0.642534	0.643172	0.555184	0.565714	0.583725	0.588589	0.527571	0.471910	0.619555	0.578947	0.631579	0.207170	0.637931	0.622881	0.592000	0.627358	0.538111	0.133921	0.581006	0.467409	0.614391	0.353471	0.598922	0.626829	0.648000	0.601816	0.591892	0.582524	0.598916	0.651497	0.633570	0.480588	0.042607	0.376754	0.622386	0.583333	0.591707	0.621444	0.599496	0.344464	0.634791	0.579545	0.556558	0.541927	0.616967	0.637088	0.612195	0.621429	0.268382	0.623256	0.346196	0.569343	0.641026	0.610215	0.560833	0.338624	0.533923	0.378465	0.450980	0.654405	0.621827	0.633625	0.571429	0.621500	0.602667	0.575458	0.509047	0.654335	0.530920	0.556818	0.649431	0.165176	0.591892	0.233053	0.221387	0.534125	0.647191	0.633721	0.633754	0.486572	0.618227	0.637066	0.650372	0.630798	0.638146	0.607662	0.550218	0.536398	0.580195	0.658077	0.641588	0.645545	0.503086	0.639405	0.164312	0.631579	0.592302	0.604853	0.641509	0.639175	0.612658	0.314848	0.466989	0.582011	0.653722	0.360643	1.000000	0.605351	0.542068	0.608040	0.647303	0.627622	0.606860	0.652651	0.628308	0.409607	0.463768	0.592087	0.410774	0.560455	0.354135	0.623030	0.580733	0.656354	0.636663	0.552649	0.626601	0.477084	0.616594	0.627832	0.361739	0.579926	0.649246	0.639290	0.628945	0.611888	0.544296	0.486572	0.293549	0.619048	0.638816	0.619824	0.626953	0.297442	0.658201	0.565217	0.270612	0.638142	0.630454	0.537890	0.621560	0.391359	0.176537	0.124439	0.418336	0.630502	0.541106	0.635183	0.643216	0.619500	0.453074	0.356021	0.639604	0.614776	0.592896	0.636170	0.621039	0.537621	0.590028	0.631702	0.215909	0.623279	0.178917	0.632653	0.548105	0.612288	0.627595	0.624000	0.598023	0.488372	0.551320	0.557143	0.542951	0.534107	0.595431	0.594122	0.531532	0.630675	0.595645	0.610075	0.149690	0.594521	0.615385	0.629098	0.249075	0.440824	0.641420	0.084010	0.643599	0.467949	0.525526	0.653148	0.417592	0.606543	0.476987	0.615970	0.029398	0.637555	0.611399	0.539493	0.590846	0.632997	0.597610	0.588053	0.451549	0.535338	0.569647	0.630695	0.602510	0.521212	0.637387	0.375448	0.634409	0.366822	0.577172	0.608696	0.555716	0.637615	0.457050	0.614987	0.604278	0.630752	0.640919	0.530551	0.538362	0.550725	0.420701	0.579139	0.551524	0.584118	0.414141	0.197277	0.573508	0.450980	0.582069	0.550725	0.613861	0.646086	0.557576	0.405558	0.600000	0.506912	0.567493	0.269759	0.481132	0.466019	0.499230	0.638695	0.584821	0.636727	0.628337	0.576000	0.618519	0.622108	0.600962	0.628345	0.635492	0.608355	0.624865	0.538854	0.265193	0.476948	0.609150	0.614118	0.642220	
0.517375	0.576132	0.610676	0.557319	0.411195	0.630294	0.582915	0.078425	0.589018	0.545287	0.529524	0.610577	0.529412	0.543278	0.575552	0.521246	0.588757	0.445141	0.515385	0.590682	0.531222	0.578922	0.581240	0.516004	0.542404	0.289306	0.628571	0.494970	0.463918	0.530092	0.321759	0.461696	0.514395	0.482690	0.559161	0.527344	0.579253	0.570619	0.417391	0.581688	0.598473	0.643229	0.598726	0.491699	0.520913	0.427957	0.581874	0.446889	0.596323	0.428973	0.510029	0.573826	0.489102	0.566757	0.444444	0.606106	0.492986	0.435244	0.481707	0.570410	0.500186	0.396514	0.601481	0.438095	0.620134	0.559059	0.424816	0.557292	0.458204	0.606360	0.533333	0.510319	0.527723	0.581789	0.561243	0.041210	0.489879	0.641509	0.509190	0.594295	0.498000	0.552279	0.440000	0.633214	0.508704	0.641411	0.542073	0.551724	0.223039	0.647923	0.194945	0.500982	0.609160	0.450262	0.633132	0.593338	0.280247	0.434322	0.572485	0.532588	0.587413	0.438559	0.575862	0.099972	0.620166	0.209877	0.638767	0.222803	0.546606	0.556569	0.296122	0.596463	0.373184	0.400876	0.602219	0.610553	0.213959	0.572687	0.569980	0.594349	0.440580	0.538829	0.218673	0.606488	0.096397	0.507485	0.539098	0.611365	0.561372	0.454450	0.502412	0.568217	0.403034	0.555944	0.622611	0.530345	0.376630	0.576697	0.361174	0.616848	0.586086	0.586093	0.557627	0.554828	0.595875	0.626734	0.623879	0.570793	0.194271	0.514815	0.605957	0.580436	0.556664	0.405229	0.546107	0.421244	0.618026	0.400438	0.623879	0.522814	0.431072	0.627021	0.216482	0.624439	0.596532	0.562842	0.492640	0.594828	0.566586	0.610509	0.590786	0.621240	0.579853	0.618911	0.606093	0.398133	0.487805	0.602879	0.551783	0.616756	0.602219	0.631443	0.424779	0.594858	0.599313	0.569157	0.607575	0.564551	0.596850	0.612753	0.383167	0.364780	0.601929	0.583045	0.630824	0.561609	0.590681	0.626410	0.586524	0.601093	0.549356	0.525822	0.607034	0.539225	0.535289	0.465292	0.469388	0.564407	0.554348	0.519798	0.510680	0.461538	0.595802	0.233861	0.486056	0.624573	0.576014	0.288960	0.604784	0.518241	0.281991	0.349206	0.552113	0.497110	0.505366	0.598119	0.569887	0.593615	0.589116	0.556586	0.259304	0.602716	0.198758	0.527778	0.526215	0.379085	0.574503	0.592267	0.562823	0.607204	0.440252	0.605744	0.602774	0.415135	0.344356	0.590521	0.456967	0.581250	0.302020	0.546531	0.560935	0.488048	0.553539	0.585802	0.198957	0.455670	0.353341	0.638266	0.478246	0.642627	0.530726	0.594896	0.501463	0.478873	0.461538	0.495968	0.561983	0.534545	0.575000	0.064839	0.492543	0.534208	0.480962	0.631300	0.565068	0.611765	0.238153	0.593371	0.434238	0.594690	0.616631	0.494186	0.552515	0.536313	0.570384	0.182957	0.531418	0.467899	0.598522	0.552158	0.478958	0.625349	0.233861	0.412017	0.506015	0.325635	0.630925	0.533589	0.631333	0.448347	0.595151	0.494024	0.452752	0.569038	0.545130	0.403490	0.442589	0.609337	0.243411	0.478873	0.337523	0.321579	0.415948	0.582168	0.608087	0.544000	0.358512	0.517824	0.620155	0.597490	0.588589	0.638081	0.490603	0.420829	0.598901	0.457261	0.639747	0.599505	0.596519	0.381375	0.539114	0.242191	0.562092	0.598559	0.590909	0.562771	0.560458	0.608756	0.216482	0.342857	0.592264	0.594412	0.479414	0.605351	1.000000	0.595251	0.518095	0.566502	0.610873	0.511858	0.621662	0.544969	0.527516	0.338286	0.476190	0.290094	0.443051	0.475635	0.526413	0.498486	0.586713	0.563090	0.585673	0.584712	0.574334	0.587563	0.553768	0.250905	0.630394	0.606886	0.562771	0.543905	0.597997	0.607789	0.363021	0.417557	0.613833	0.634355	0.532826	0.579030	0.422683	0.602168	0.440678	0.387149	0.542910	0.623094	0.403452	0.539964	0.508080	0.259392	0.185327	0.530188	0.586515	0.418202	0.552225	0.582866	0.611465	0.337156	0.246675	0.588608	0.494071	0.478702	0.594640	0.504314	0.591487	0.473361	0.544964	0.145780	0.516619	0.262729	0.556338	0.431915	0.557596	0.575955	0.594634	0.602180	0.563107	0.420940	0.450734	0.586847	0.415695	0.617008	0.604098	0.410870	0.546305	0.611688	0.576169	0.221475	0.471545	0.619241	0.565854	0.358276	0.533106	0.555050	0.126450	0.586976	0.346241	0.400000	0.582704	0.523752	0.597834	0.576177	0.508150	0.044896	0.564103	0.512671	0.419459	0.469744	0.551965	0.484608	0.624757	0.532575	0.411317	0.612846	0.531250	0.596273	0.393873	0.558669	0.492942	0.648175	0.492558	0.630237	0.511583	0.427513	0.552398	0.330654	0.521401	0.475050	0.562445	0.587459	0.419459	0.594866	0.430085	0.300117	0.589538	0.430541	0.471414	0.290094	0.288328	0.614251	0.323326	0.469867	0.436441	0.605730	0.590870	0.600345	0.517012	0.505859	0.386740	0.475510	0.387080	0.364045	0.332569	0.385382	0.548561	0.613267	0.597134	0.560261	0.617557	0.575712	0.490310	0.612517	0.568488	0.534926	0.496078	0.561493	0.587719	0.180678	0.351076	0.498528	0.521739	0.582740	
0.433787	0.549492	0.597961	0.507023	0.316279	0.603193	0.635945	0.115225	0.541267	0.478170	0.447909	0.642963	0.450883	0.476849	0.534113	0.463380	0.595447	0.352049	0.445396	0.543826	0.621548	0.634711	0.532476	0.432471	0.463040	0.397171	0.633264	0.394096	0.368144	0.604181	0.226939	0.379104	0.444761	0.413994	0.638748	0.425993	0.554278	0.629540	0.304450	0.488136	0.578097	0.604112	0.649443	0.572055	0.447275	0.317583	0.643508	0.524414	0.569479	0.543210	0.447443	0.543464	0.586050	0.482900	0.359517	0.595070	0.398823	0.333078	0.383643	0.503034	0.564136	0.301798	0.599649	0.336907	0.629930	0.644409	0.344512	0.512888	0.366917	0.609234	0.476058	0.463910	0.602617	0.563046	0.478351	0.061102	0.389918	0.605901	0.596984	0.577942	0.401176	0.504054	0.343249	0.636855	0.435842	0.616279	0.512752	0.486671	0.154630	0.620976	0.278497	0.422045	0.588869	0.349544	0.617711	0.578692	0.390605	0.335632	0.598949	0.465505	0.512957	0.335632	0.522025	0.146115	0.630182	0.145175	0.585026	0.316203	0.622326	0.485930	0.207921	0.560748	0.270701	0.295133	0.569316	0.631848	0.304287	0.508021	0.637805	0.626547	0.557992	0.629407	0.151489	0.619449	0.141011	0.581602	0.479282	0.622622	0.492852	0.349544	0.592277	0.639344	0.308411	0.518272	0.551639	0.470670	0.495828	0.548263	0.258220	0.619749	0.619955	0.549395	0.542505	0.554643	0.589222	0.620442	0.623204	0.597661	0.134021	0.480222	0.520833	0.632248	0.487705	0.301798	0.631215	0.539934	0.525557	0.296471	0.616575	0.452937	0.546158	0.644052	0.149915	0.640559	0.645624	0.483893	0.421739	0.634761	0.563750	0.541026	0.660925	0.635176	0.561315	0.607854	0.633513	0.503123	0.385130	0.527886	0.539311	0.620352	0.645963	0.630423	0.517195	0.627778	0.615833	0.571958	0.565543	0.605081	0.566524	0.567092	0.281646	0.481089	0.638831	0.518128	0.637838	0.541828	0.615034	0.616702	0.591482	0.582217	0.619844	0.461431	0.698622	0.496599	0.483471	0.573525	0.380313	0.536016	0.495563	0.617185	0.428469	0.374251	0.632209	0.162437	0.405861	0.655970	0.539806	0.401190	0.645253	0.462937	0.197510	0.252615	0.461431	0.579738	0.422799	0.639059	0.643333	0.525000	0.632441	0.473940	0.180905	0.532814	0.137221	0.473282	0.449645	0.497850	0.548120	0.503002	0.526592	0.644550	0.348289	0.627575	0.644068	0.311042	0.245557	0.583738	0.375467	0.585009	0.411081	0.535321	0.542656	0.407326	0.490772	0.644651	0.283959	0.368144	0.254019	0.579164	0.565854	0.618600	0.475261	0.568421	0.425685	0.395572	0.372754	0.391722	0.481379	0.491444	0.629115	0.095582	0.589068	0.463585	0.398823	0.601391	0.528450	0.619048	0.165541	0.560701	0.353298	0.644942	0.633529	0.430725	0.510040	0.466899	0.483849	0.125971	0.500339	0.575540	0.649874	0.496945	0.400294	0.636617	0.162437	0.320186	0.585696	0.229829	0.566748	0.440485	0.581509	0.365688	0.615563	0.407326	0.359517	0.636164	0.501351	0.300469	0.353298	0.549937	0.343463	0.395572	0.452652	0.436550	0.314973	0.508970	0.580449	0.507402	0.259615	0.468115	0.568141	0.542416	0.600118	0.602188	0.415452	0.331797	0.646492	0.369369	0.555419	0.549618	0.569846	0.280285	0.458509	0.342155	0.460894	0.631356	0.613906	0.526385	0.557729	0.620000	0.149915	0.242718	0.637771	0.543450	0.578866	0.542068	0.595251	1.000000	0.452162	0.553515	0.607163	0.413693	0.595670	0.510782	0.595525	0.242718	0.387240	0.203474	0.352049	0.566718	0.476389	0.390533	0.519737	0.529489	0.641975	0.571779	0.586974	0.619318	0.526589	0.174790	0.636735	0.568944	0.529024	0.534550	0.610574	0.630037	0.259615	0.531381	0.615209	0.609977	0.447592	0.582062	0.526705	0.553846	0.335632	0.500000	0.468946	0.596087	0.313665	0.512441	0.600265	0.364645	0.265363	0.600280	0.557789	0.308411	0.499316	0.563975	0.613303	0.238443	0.171717	0.567385	0.413693	0.387528	0.528617	0.445869	0.643318	0.373972	0.498303	0.099738	0.455446	0.369048	0.515698	0.330515	0.542656	0.474198	0.611494	0.622198	0.643536	0.325366	0.348289	0.655140	0.334356	0.638945	0.638207	0.304450	0.460140	0.627038	0.590397	0.314418	0.385130	0.630376	0.560654	0.474414	0.623242	0.484932	0.183632	0.503374	0.246973	0.304450	0.536082	0.612003	0.607102	0.637911	0.445869	0.066507	0.530372	0.429704	0.311042	0.374251	0.521912	0.409357	0.612395	0.632931	0.303125	0.649174	0.478951	0.620994	0.296471	0.518962	0.589629	0.585789	0.586868	0.629482	0.435218	0.336907	0.504371	0.237013	0.430526	0.402054	0.512616	0.558169	0.311042	0.641895	0.335632	0.210873	0.642497	0.334356	0.399116	0.203474	0.400742	0.634490	0.229829	0.379104	0.335632	0.629447	0.522996	0.651429	0.603838	0.427437	0.284360	0.378822	0.496226	0.263789	0.238443	0.281646	0.499661	0.639102	0.565244	0.561359	0.632161	0.595870	0.433597	0.634461	0.575123	0.484472	0.424330	0.542857	0.657208	0.124352	0.254019	0.421739	0.494198	0.571429	
0.610063	0.620859	0.527363	0.626703	0.570888	0.572004	0.500000	0.035933	0.625935	0.624633	0.624615	0.490506	0.651376	0.618076	0.616967	0.640364	0.563025	0.603232	0.621875	0.615960	0.359116	0.390597	0.607053	0.624406	0.627043	0.140937	0.517447	0.632997	0.621053	0.308203	0.504310	0.621762	0.635514	0.625205	0.402994	0.625000	0.621118	0.378567	0.584615	0.591036	0.597802	0.505282	0.432615	0.267380	0.625767	0.600000	0.417639	0.233645	0.611046	0.231894	0.636785	0.626263	0.281751	0.607703	0.628774	0.572641	0.612040	0.594096	0.609589	0.628809	0.283224	0.583012	0.581053	0.609174	0.550459	0.376812	0.602541	0.625000	0.611599	0.555665	0.647059	0.651652	0.303313	0.623068	0.645533	0.018686	0.619048	0.522427	0.301344	0.603248	0.620000	0.617524	0.600000	0.475667	0.652997	0.500442	0.631001	0.632479	0.432692	0.509871	0.092356	0.637540	0.586813	0.609009	0.546288	0.594837	0.136154	0.632353	0.571429	0.620178	0.626344	0.610294	0.644737	0.046086	0.545802	0.395122	0.573805	0.106418	0.358011	0.632184	0.487805	0.620853	0.565657	0.573099	0.589327	0.508389	0.101929	0.631293	0.409669	0.407080	0.240296	0.341207	0.429952	0.561886	0.044393	0.286092	0.637555	0.525199	0.629944	0.594595	0.283224	0.416185	0.596558	0.629032	0.570093	0.625931	0.189284	0.612863	0.584362	0.541045	0.545455	0.618812	0.615385	0.615572	0.596260	0.504216	0.554814	0.585880	0.382134	0.638235	0.593548	0.369949	0.600284	0.586873	0.403351	0.224525	0.609150	0.599222	0.547188	0.641104	0.227511	0.463964	0.421308	0.452312	0.470677	0.633238	0.633279	0.501634	0.610250	0.588235	0.438754	0.496338	0.609013	0.562249	0.429640	0.200494	0.616438	0.599232	0.627249	0.467654	0.428667	0.519097	0.217391	0.556304	0.390482	0.596737	0.623068	0.560247	0.625287	0.566591	0.584493	0.181818	0.517749	0.632275	0.481947	0.630517	0.566834	0.531165	0.591611	0.612940	0.336788	0.622556	0.590308	0.629055	0.648336	0.258964	0.637931	0.620513	0.633523	0.329281	0.612698	0.619130	0.532962	0.441805	0.652318	0.465390	0.642857	0.140754	0.463127	0.624813	0.513514	0.560166	0.610526	0.274493	0.614400	0.512134	0.396583	0.611331	0.534579	0.637168	0.475751	0.606684	0.390123	0.626471	0.613251	0.189781	0.616337	0.596206	0.640420	0.464047	0.606498	0.521201	0.517707	0.586667	0.524109	0.604284	0.618056	0.593182	0.147694	0.634271	0.631579	0.649007	0.641026	0.457883	0.094367	0.610526	0.550725	0.569296	0.258039	0.513443	0.649852	0.611241	0.614400	0.616162	0.636522	0.601351	0.638607	0.625714	0.369318	0.029595	0.276713	0.611694	0.618729	0.521661	0.622396	0.558852	0.430260	0.604540	0.627240	0.481853	0.436639	0.648734	0.611187	0.637982	0.625360	0.361809	0.621849	0.252427	0.495098	0.643258	0.642140	0.458663	0.432304	0.609023	0.277422	0.519313	0.588501	0.604361	0.588901	0.637324	0.574402	0.612583	0.614565	0.421958	0.625869	0.615087	0.620072	0.591961	0.116970	0.616162	0.166838	0.158189	0.583333	0.615591	0.586907	0.623448	0.554415	0.642643	0.586517	0.621384	0.590129	0.569672	0.618658	0.617375	0.449296	0.637478	0.595597	0.614057	0.620370	0.581673	0.650530	0.116342	0.611028	0.523514	0.561508	0.622517	0.621359	0.556304	0.411622	0.526316	0.514868	0.604353	0.263585	0.608040	0.518095	0.452162	1.000000	0.623472	0.565130	0.607843	0.588608	0.627939	0.303172	0.547368	0.620102	0.500000	0.631957	0.258552	0.639175	0.609137	0.613966	0.624837	0.466914	0.602992	0.383183	0.564565	0.624840	0.456876	0.508757	0.617197	0.622517	0.639069	0.565130	0.438510	0.554415	0.212210	0.574899	0.564307	0.632873	0.599089	0.215161	0.620776	0.584559	0.194903	0.645833	0.554759	0.611006	0.625344	0.287483	0.125241	0.087554	0.309376	0.599278	0.600382	0.636234	0.600707	0.562685	0.546610	0.444965	0.597222	0.633987	0.655290	0.609572	0.631415	0.452803	0.625000	0.640449	0.298429	0.615620	0.126978	0.649457	0.611111	0.611529	0.615156	0.569969	0.541199	0.391566	0.623134	0.613718	0.455402	0.589319	0.505367	0.540881	0.569231	0.621824	0.522807	0.570194	0.105743	0.626712	0.557621	0.609639	0.178768	0.334879	0.626609	0.058733	0.615811	0.531381	0.603846	0.616941	0.308789	0.566497	0.368063	0.634526	0.020378	0.638961	0.638978	0.571429	0.605217	0.630872	0.589786	0.507437	0.344462	0.578035	0.488820	0.645349	0.547188	0.575875	0.641509	0.275074	0.554639	0.268373	0.487570	0.635220	0.620183	0.628099	0.543524	0.624204	0.634551	0.636242	0.608374	0.586667	0.455460	0.621324	0.507726	0.501224	0.607735	0.643216	0.486607	0.140419	0.491857	0.527897	0.632124	0.602941	0.553471	0.604468	0.466019	0.301344	0.628205	0.574257	0.627586	0.194262	0.575510	0.533898	0.572565	0.646067	0.514190	0.605140	0.606280	0.494711	0.593148	0.639241	0.539020	0.600232	0.636628	0.645161	0.631579	0.449438	0.362720	0.546584	0.652666	0.622159	0.614137	
0.594527	0.649034	0.596760	0.651885	0.533716	0.621878	0.597059	0.054007	0.635052	0.642353	0.616137	0.579609	0.620438	0.637002	0.642706	0.616687	0.639286	0.565517	0.616337	0.626804	0.481294	0.513410	0.629938	0.618273	0.634958	0.206276	0.598660	0.566929	0.571816	0.423364	0.433544	0.583668	0.619753	0.613607	0.522868	0.593434	0.649538	0.501857	0.514535	0.585034	0.641929	0.578221	0.548426	0.378607	0.614634	0.521490	0.530994	0.332881	0.641806	0.331875	0.625767	0.656250	0.395960	0.621404	0.571819	0.617462	0.556136	0.549296	0.563830	0.635955	0.393017	0.524781	0.652952	0.546985	0.620032	0.499736	0.575800	0.636957	0.578019	0.628910	0.625000	0.642686	0.420597	0.642220	0.624130	0.028209	0.589947	0.591571	0.419785	0.636893	0.588542	0.644870	0.537604	0.556172	0.610973	0.574288	0.644370	0.643678	0.311644	0.585146	0.136830	0.595420	0.640074	0.542185	0.614774	0.651558	0.199514	0.553371	0.642857	0.612827	0.629386	0.561798	0.640086	0.069086	0.620066	0.294118	0.612389	0.157106	0.470172	0.620370	0.407108	0.638340	0.494721	0.513950	0.640777	0.595588	0.150649	0.651163	0.521839	0.515429	0.343195	0.461167	0.305842	0.637437	0.066577	0.396721	0.619883	0.600462	0.632420	0.533887	0.399513	0.533333	0.529667	0.653509	0.605469	0.626937	0.273737	0.655567	0.470948	0.622581	0.633081	0.653689	0.664557	0.654545	0.646240	0.583456	0.640920	0.644584	0.273205	0.629717	0.608696	0.485195	0.606200	0.524781	0.516279	0.321907	0.630225	0.510264	0.626130	0.612195	0.325950	0.562667	0.302926	0.554124	0.568758	0.621247	0.612452	0.594828	0.673287	0.620476	0.551767	0.592699	0.649141	0.628866	0.533252	0.289150	0.574468	0.621707	0.659619	0.545830	0.541842	0.598485	0.312223	0.623032	0.484781	0.658869	0.642220	0.644425	0.641618	0.588235	0.506706	0.263425	0.604686	0.636364	0.571429	0.647242	0.638005	0.597647	0.646182	0.655863	0.457579	0.617047	0.648699	0.640821	0.637951	0.368185	0.598930	0.654008	0.633028	0.448179	0.606516	0.578735	0.623293	0.325976	0.595855	0.562254	0.640756	0.206018	0.577428	0.640382	0.388889	0.476923	0.602641	0.388013	0.577554	0.597212	0.505811	0.636462	0.604200	0.633570	0.359401	0.623679	0.279232	0.634434	0.594859	0.274422	0.655738	0.615894	0.636559	0.566908	0.551247	0.610769	0.592319	0.516595	0.458915	0.648341	0.583333	0.646947	0.215802	0.663158	0.641822	0.595855	0.632184	0.561336	0.139739	0.579946	0.470046	0.613020	0.366208	0.581378	0.641330	0.632094	0.597730	0.603675	0.567968	0.571053	0.623104	0.640553	0.487552	0.044553	0.390942	0.610778	0.597911	0.579937	0.651709	0.631492	0.331641	0.646766	0.570248	0.583732	0.545679	0.612500	0.639290	0.610451	0.614849	0.257951	0.634921	0.359460	0.594828	0.631818	0.600522	0.560616	0.325976	0.537143	0.392672	0.438486	0.616114	0.585185	0.635585	0.581522	0.635961	0.613990	0.571819	0.528571	0.640361	0.516788	0.556474	0.643074	0.172227	0.603675	0.242618	0.230535	0.545977	0.618421	0.628083	0.640538	0.479389	0.616307	0.618147	0.635514	0.660000	0.624126	0.603338	0.547250	0.557935	0.579161	0.612997	0.637385	0.641473	0.507463	0.624849	0.171329	0.600715	0.600772	0.627551	0.643554	0.659274	0.637945	0.302926	0.451011	0.605204	0.632244	0.374336	0.647303	0.566502	0.553515	0.623472	1.000000	0.622642	0.574359	0.632616	0.635241	0.418685	0.463453	0.585430	0.399351	0.573793	0.367636	0.642267	0.571805	0.632147	0.645230	0.572373	0.646095	0.481178	0.634105	0.653319	0.348409	0.579371	0.647001	0.650054	0.658874	0.641509	0.543055	0.464122	0.305169	0.634948	0.626815	0.605617	0.646272	0.309188	0.647363	0.544944	0.281473	0.616667	0.616594	0.538129	0.639821	0.404282	0.184024	0.129874	0.428383	0.650651	0.520984	0.632911	0.635202	0.623201	0.450000	0.342857	0.633721	0.605128	0.588859	0.619543	0.616523	0.558022	0.572581	0.652273	0.207273	0.628502	0.186495	0.639381	0.553672	0.641822	0.611177	0.631212	0.626214	0.502188	0.548295	0.551247	0.562379	0.559775	0.604786	0.624512	0.514535	0.618877	0.613150	0.650823	0.156136	0.569149	0.633441	0.653307	0.259201	0.457089	0.618224	0.087761	0.618673	0.455108	0.520349	0.638165	0.430268	0.634866	0.487073	0.631319	0.030750	0.648188	0.599496	0.516595	0.565276	0.650602	0.583226	0.584287	0.467153	0.524017	0.593857	0.623832	0.619556	0.524927	0.635165	0.388779	0.597540	0.379923	0.571025	0.621891	0.555400	0.644295	0.453834	0.587940	0.602597	0.628697	0.634694	0.513709	0.557692	0.561798	0.412238	0.591529	0.554149	0.598693	0.396104	0.205545	0.583095	0.438486	0.578313	0.544944	0.633712	0.637244	0.569343	0.422366	0.595960	0.502229	0.574866	0.280592	0.477204	0.453125	0.506706	0.629545	0.597365	0.642578	0.646586	0.586972	0.638838	0.630000	0.634646	0.661494	0.635514	0.604061	0.663147	0.559045	0.254867	0.476190	0.614994	0.660550	0.655674	
0.552846	0.629407	0.634146	0.595194	0.442417	0.642804	0.616883	0.073005	0.633043	0.582524	0.569138	0.622829	0.570858	0.578337	0.621670	0.568024	0.646154	0.488398	0.556680	0.617391	0.556997	0.577977	0.619965	0.549540	0.577865	0.271371	0.646093	0.532909	0.498911	0.512007	0.342365	0.513484	0.557576	0.535975	0.578165	0.557613	0.622723	0.569492	0.440092	0.589454	0.645469	0.621294	0.605895	0.469234	0.562000	0.455581	0.592593	0.415974	0.640534	0.418915	0.574874	0.608772	0.474576	0.589133	0.496158	0.624322	0.534884	0.474157	0.506438	0.598131	0.479001	0.438799	0.640986	0.477044	0.645341	0.562470	0.482759	0.614545	0.501636	0.641233	0.599222	0.568047	0.509033	0.639193	0.585413	0.038310	0.519231	0.635690	0.506986	0.633058	0.531646	0.590440	0.485523	0.611591	0.551935	0.612576	0.599814	0.588571	0.238220	0.630535	0.182237	0.548654	0.645469	0.485050	0.639333	0.626312	0.262788	0.473094	0.629231	0.571429	0.604396	0.473094	0.611913	0.093136	0.628940	0.224274	0.632061	0.208488	0.534754	0.591954	0.315394	0.627517	0.400949	0.434379	0.638017	0.627273	0.200149	0.605725	0.584375	0.586528	0.432362	0.533511	0.233596	0.635432	0.089793	0.483206	0.591304	0.640974	0.600379	0.485050	0.487325	0.580577	0.440873	0.613553	0.627907	0.577036	0.355896	0.609991	0.386091	0.639437	0.637491	0.628028	0.618794	0.630769	0.625298	0.625815	0.637079	0.635312	0.207723	0.571984	0.614426	0.563420	0.593720	0.436490	0.561053	0.411348	0.609164	0.431555	0.641374	0.564000	0.416849	0.615476	0.231275	0.600462	0.619785	0.583174	0.548087	0.634860	0.643639	0.605057	0.594534	0.622701	0.638152	0.636905	0.591534	0.374930	0.515021	0.611160	0.602131	0.605763	0.604020	0.641333	0.399641	0.641673	0.561651	0.631841	0.632464	0.623199	0.638752	0.617504	0.415981	0.343105	0.630739	0.614130	0.611591	0.606486	0.622487	0.633677	0.625199	0.639544	0.529412	0.572557	0.628981	0.594134	0.590953	0.455563	0.508621	0.629433	0.581749	0.526270	0.552147	0.507042	0.627368	0.249675	0.531513	0.616647	0.623675	0.271043	0.623239	0.568338	0.300505	0.378313	0.570582	0.477172	0.548818	0.620868	0.567690	0.608853	0.620592	0.573099	0.276569	0.623446	0.212483	0.575875	0.563691	0.356745	0.624567	0.591160	0.614414	0.609311	0.481153	0.632432	0.633638	0.439863	0.368485	0.634818	0.504329	0.625407	0.283428	0.623009	0.621291	0.539916	0.586667	0.610248	0.186014	0.498911	0.380265	0.625194	0.459016	0.628914	0.565558	0.630616	0.552929	0.526539	0.509209	0.519149	0.586307	0.599237	0.569260	0.060329	0.473118	0.565517	0.515856	0.637363	0.611111	0.634602	0.254215	0.634599	0.490066	0.617164	0.601111	0.559184	0.597595	0.565558	0.583493	0.195710	0.593220	0.450907	0.627226	0.605660	0.524313	0.609546	0.249675	0.461364	0.478632	0.346437	0.626721	0.549495	0.628757	0.502183	0.650879	0.529412	0.496158	0.579570	0.603561	0.436994	0.483444	0.626176	0.227942	0.526539	0.317154	0.301997	0.454338	0.604396	0.636953	0.600186	0.388024	0.564103	0.630048	0.617673	0.629687	0.646526	0.542231	0.467942	0.608597	0.507073	0.634187	0.624676	0.632013	0.414118	0.566898	0.226790	0.575074	0.648136	0.638643	0.600181	0.627986	0.644557	0.231275	0.364520	0.628197	0.618246	0.464108	0.627622	0.610873	0.607163	0.565130	0.622642	1.000000	0.533333	0.649691	0.582633	0.504013	0.364520	0.521925	0.309045	0.495028	0.459119	0.572541	0.519702	0.599819	0.601977	0.608387	0.635990	0.553403	0.650334	0.625332	0.267696	0.625727	0.631579	0.629193	0.608385	0.640416	0.608696	0.388024	0.394606	0.643713	0.638046	0.562563	0.631321	0.398338	0.617262	0.475336	0.365463	0.586275	0.640000	0.452571	0.616387	0.493676	0.243048	0.173186	0.510412	0.625954	0.450057	0.592946	0.621554	0.643644	0.358537	0.263226	0.646865	0.541667	0.511777	0.614711	0.554995	0.620376	0.508658	0.598113	0.156164	0.561439	0.246204	0.623616	0.470721	0.612565	0.570029	0.645064	0.641243	0.579681	0.461538	0.481153	0.610307	0.464646	0.626042	0.646133	0.440092	0.564405	0.639785	0.640502	0.207236	0.508584	0.641854	0.623090	0.337851	0.541721	0.590258	0.117915	0.598690	0.370460	0.442396	0.626866	0.510395	0.642161	0.556291	0.563068	0.041743	0.617174	0.556468	0.449026	0.507042	0.600183	0.540314	0.629108	0.537808	0.440600	0.632219	0.592664	0.629921	0.429234	0.611009	0.477315	0.631259	0.474368	0.615674	0.552846	0.474804	0.601490	0.356532	0.534836	0.534737	0.602013	0.624138	0.451317	0.602299	0.468610	0.319600	0.621742	0.469136	0.522751	0.309045	0.270444	0.620558	0.346437	0.511327	0.468610	0.639321	0.604148	0.621221	0.507784	0.547325	0.419695	0.517241	0.364375	0.393795	0.358537	0.413631	0.586792	0.627426	0.637874	0.624150	0.618897	0.639626	0.551020	0.635862	0.637490	0.577220	0.549587	0.612245	0.611738	0.193289	0.380265	0.541882	0.595057	0.640793	
0.615385	0.592021	0.512927	0.594828	0.598778	0.540314	0.457539	0.031799	0.607330	0.639752	0.633987	0.451876	0.629870	0.626543	0.618919	0.595813	0.533917	0.624277	0.624585	0.604712	0.323928	0.354102	0.621693	0.637437	0.604724	0.125492	0.487247	0.669065	0.620301	0.277161	0.563380	0.598891	0.605960	0.600349	0.366773	0.634812	0.604954	0.341870	0.614108	0.630178	0.561927	0.488160	0.396957	0.239866	0.638436	0.609756	0.380319	0.209184	0.578106	0.207595	0.607553	0.591512	0.252975	0.627451	0.632381	0.543646	0.639286	0.607143	0.652015	0.614035	0.254320	0.566667	0.543860	0.635108	0.519011	0.340249	0.576998	0.633053	0.617702	0.532242	0.629283	0.589172	0.272684	0.587796	0.640244	0.016519	0.618182	0.502275	0.270882	0.572816	0.637011	0.572687	0.636719	0.456311	0.634228	0.494053	0.596237	0.611446	0.455026	0.496894	0.082000	0.637931	0.568807	0.622824	0.510921	0.546307	0.121199	0.628458	0.512035	0.635220	0.614731	0.600791	0.614958	0.040808	0.500990	0.446237	0.569264	0.094563	0.323928	0.635258	0.527845	0.585608	0.560175	0.610526	0.584951	0.476603	0.090551	0.608321	0.374185	0.371762	0.215223	0.307445	0.430851	0.514286	0.039304	0.256938	0.613251	0.492223	0.626866	0.638298	0.254320	0.376564	0.589691	0.592068	0.586797	0.609795	0.169022	0.574834	0.575893	0.506770	0.501523	0.574026	0.582210	0.568878	0.555683	0.489547	0.528190	0.524698	0.410959	0.563863	0.616011	0.333915	0.655639	0.591667	0.367239	0.200910	0.618982	0.571429	0.518299	0.641694	0.203618	0.434312	0.437333	0.420505	0.425697	0.621212	0.602410	0.455312	0.559301	0.614980	0.405117	0.473552	0.584930	0.519833	0.394976	0.179151	0.633700	0.627187	0.556757	0.446586	0.393127	0.486535	0.194444	0.503497	0.358526	0.543902	0.585305	0.514469	0.581731	0.584906	0.584946	0.162284	0.472695	0.621170	0.453074	0.572185	0.522466	0.507016	0.541475	0.581257	0.303383	0.625199	0.556322	0.608048	0.615620	0.232201	0.619926	0.582210	0.588589	0.296488	0.635135	0.633147	0.510106	0.438642	0.614841	0.433333	0.605898	0.125328	0.432473	0.592710	0.512315	0.545045	0.631579	0.246352	0.626917	0.458081	0.358526	0.604716	0.494186	0.593750	0.501266	0.629730	0.403270	0.616822	0.641571	0.169472	0.568831	0.620000	0.602210	0.428680	0.616279	0.493601	0.479094	0.607803	0.578588	0.555948	0.598513	0.546318	0.131561	0.577957	0.578947	0.604240	0.605422	0.414508	0.083796	0.624060	0.570787	0.548889	0.231358	0.496861	0.625786	0.580882	0.633731	0.586331	0.644320	0.657040	0.639017	0.583082	0.333333	0.026180	0.248377	0.623211	0.621429	0.514019	0.567123	0.502483	0.472727	0.578223	0.607692	0.435959	0.404526	0.619529	0.621583	0.628931	0.621951	0.388889	0.597633	0.226251	0.451939	0.617211	0.632143	0.422764	0.449086	0.591093	0.249024	0.556075	0.584217	0.649007	0.579882	0.626415	0.548212	0.628975	0.582857	0.383989	0.602056	0.601253	0.603846	0.597701	0.104004	0.586331	0.148782	0.140997	0.612245	0.623229	0.566038	0.593886	0.556793	0.605096	0.582160	0.607662	0.557047	0.552239	0.621291	0.604374	0.412446	0.619137	0.598788	0.618370	0.583535	0.590517	0.629213	0.103442	0.644550	0.484848	0.521649	0.585774	0.569975	0.509491	0.448000	0.572082	0.470588	0.589502	0.236409	0.606860	0.511858	0.413693	0.607843	0.574359	0.533333	1.000000	0.558242	0.575182	0.272555	0.549199	0.604736	0.526829	0.597303	0.231826	0.608424	0.632911	0.596394	0.580468	0.425402	0.558363	0.352797	0.530697	0.586810	0.491049	0.472007	0.609125	0.596932	0.579592	0.531250	0.412996	0.596882	0.189752	0.538947	0.528497	0.652529	0.528571	0.192424	0.612352	0.648221	0.174098	0.637224	0.541001	0.588957	0.587209	0.258210	0.111413	0.077715	0.278236	0.562421	0.622680	0.606335	0.547472	0.529231	0.552995	0.483290	0.564165	0.627178	0.627737	0.616402	0.608264	0.414296	0.609665	0.584570	0.331395	0.591870	0.112970	0.616046	0.605578	0.568421	0.633071	0.524973	0.497087	0.353884	0.618474	0.616279	0.420582	0.586139	0.467178	0.500465	0.601660	0.630745	0.484574	0.540541	0.093960	0.611722	0.510597	0.540404	0.159533	0.301629	0.605144	0.052045	0.626647	0.590909	0.580913	0.608234	0.277697	0.527983	0.332176	0.611570	0.018017	0.595628	0.615646	0.607803	0.625698	0.585573	0.608084	0.494118	0.310438	0.602911	0.454329	0.618462	0.506429	0.579832	0.613636	0.246882	0.547210	0.240772	0.468156	0.612040	0.607495	0.619186	0.540416	0.644068	0.624113	0.596888	0.599483	0.624230	0.415066	0.616601	0.525301	0.461668	0.590099	0.601073	0.521951	0.125027	0.460504	0.528037	0.598891	0.628458	0.507782	0.627939	0.435050	0.270882	0.610922	0.599572	0.627306	0.173519	0.570796	0.534562	0.593548	0.587537	0.470690	0.579462	0.577215	0.455080	0.553571	0.602694	0.500000	0.560000	0.627692	0.625430	0.577598	0.411255	0.395543	0.548315	0.612737	0.576577	0.564848	
0.567452	0.636119	0.623177	0.629845	0.476421	0.639814	0.609396	0.067765	0.645455	0.602041	0.592827	0.619718	0.586134	0.595528	0.641264	0.587252	0.643200	0.512281	0.571429	0.638182	0.537002	0.567195	0.630037	0.583423	0.607621	0.253768	0.646300	0.556054	0.529954	0.489406	0.364829	0.529076	0.576596	0.552255	0.561810	0.566161	0.638259	0.555831	0.459658	0.608696	0.644040	0.623431	0.593715	0.450715	0.581053	0.480676	0.578261	0.398701	0.652742	0.396646	0.584127	0.631193	0.454511	0.618619	0.515679	0.641418	0.562500	0.495238	0.541950	0.615686	0.462013	0.455882	0.649038	0.505338	0.649856	0.552645	0.504122	0.632381	0.523645	0.642803	0.609407	0.593361	0.484228	0.649693	0.614919	0.035515	0.546275	0.634146	0.484725	0.648276	0.550111	0.609636	0.504717	0.624682	0.570815	0.636809	0.615385	0.612000	0.254902	0.627478	0.169847	0.569869	0.658940	0.515826	0.643629	0.645921	0.245662	0.503563	0.632000	0.602881	0.650672	0.494062	0.631380	0.086516	0.637444	0.240113	0.649206	0.194505	0.524668	0.615694	0.336449	0.646235	0.421185	0.456227	0.653448	0.620134	0.186667	0.615682	0.562567	0.568085	0.412254	0.522015	0.250000	0.632219	0.083400	0.465370	0.611168	0.643807	0.618290	0.513482	0.468184	0.577898	0.465286	0.614203	0.642981	0.594427	0.333869	0.617782	0.410714	0.636496	0.632854	0.641953	0.623377	0.630357	0.647887	0.621294	0.651819	0.620690	0.222539	0.599182	0.628145	0.551825	0.615385	0.460784	0.552432	0.388350	0.630292	0.458128	0.632517	0.591579	0.394295	0.612270	0.247539	0.604043	0.603194	0.606426	0.580153	0.608410	0.643799	0.649043	0.588640	0.620825	0.643432	0.642968	0.596947	0.351977	0.546485	0.632067	0.618959	0.605946	0.595198	0.624828	0.378954	0.646223	0.558596	0.631488	0.656716	0.633570	0.638699	0.646959	0.436954	0.321714	0.620785	0.629981	0.619593	0.623281	0.637278	0.634875	0.637874	0.646310	0.523339	0.593977	0.643449	0.619662	0.602629	0.434473	0.546697	0.623377	0.598802	0.501761	0.581897	0.533792	0.640000	0.267038	0.554324	0.612319	0.630314	0.253458	0.616687	0.603930	0.320755	0.402564	0.587747	0.455364	0.567714	0.616209	0.555498	0.633869	0.625731	0.596311	0.295486	0.643123	0.227596	0.603272	0.585005	0.334676	0.634720	0.613900	0.628302	0.602307	0.502347	0.625175	0.626685	0.466586	0.392258	0.636287	0.528604	0.641766	0.265163	0.627778	0.635036	0.560976	0.608000	0.597510	0.173393	0.516129	0.404609	0.631068	0.435215	0.636802	0.590535	0.637153	0.572048	0.551570	0.526919	0.543820	0.626140	0.611222	0.557823	0.055972	0.454099	0.580311	0.553571	0.635846	0.619137	0.631422	0.271845	0.644934	0.516355	0.602637	0.594286	0.580645	0.620757	0.600823	0.604839	0.209770	0.610672	0.428820	0.616294	0.619802	0.549107	0.603908	0.267038	0.477108	0.458160	0.369110	0.648101	0.582979	0.636749	0.519630	0.638602	0.558758	0.518002	0.574586	0.619469	0.461350	0.509346	0.636282	0.212810	0.551570	0.297091	0.282732	0.472155	0.637236	0.648649	0.608016	0.410191	0.595436	0.649832	0.625801	0.640650	0.653061	0.552255	0.498212	0.606519	0.529344	0.651163	0.636610	0.647160	0.437500	0.592284	0.211725	0.594427	0.630175	0.630934	0.621083	0.639929	0.646223	0.247539	0.388098	0.626441	0.617238	0.442836	0.652651	0.621662	0.595670	0.588608	0.632616	0.649691	0.558242	1.000000	0.609207	0.486486	0.388098	0.540113	0.329759	0.509942	0.433855	0.585466	0.542182	0.630085	0.630292	0.603774	0.647815	0.537952	0.638396	0.630213	0.286107	0.621242	0.645161	0.626781	0.619981	0.640432	0.598489	0.410191	0.370723	0.645412	0.659493	0.590095	0.627551	0.375414	0.632634	0.496437	0.342967	0.595876	0.638431	0.470303	0.621094	0.469715	0.227041	0.161357	0.497707	0.627104	0.472594	0.602603	0.639930	0.643783	0.381818	0.281379	0.645439	0.560440	0.549774	0.626374	0.575983	0.599883	0.530892	0.607921	0.167647	0.582545	0.230017	0.618956	0.486874	0.611314	0.593203	0.645262	0.625183	0.556691	0.486811	0.507042	0.601073	0.494649	0.630881	0.642098	0.464548	0.591520	0.631433	0.632353	0.193328	0.546485	0.640466	0.629433	0.316726	0.516302	0.609829	0.109635	0.622179	0.391753	0.464548	0.637282	0.492717	0.642245	0.551357	0.575983	0.038702	0.627341	0.582251	0.471446	0.529210	0.617450	0.563536	0.630118	0.521739	0.465116	0.615674	0.602434	0.648849	0.455665	0.632692	0.455468	0.640379	0.453676	0.621359	0.578158	0.491103	0.621094	0.379714	0.574514	0.557778	0.607862	0.654054	0.469016	0.588166	0.489311	0.340879	0.626395	0.492271	0.547486	0.329759	0.252892	0.621232	0.369110	0.533637	0.498812	0.645161	0.615675	0.602321	0.487169	0.579176	0.438356	0.537585	0.341932	0.413706	0.381818	0.434457	0.611881	0.625668	0.634315	0.635879	0.624754	0.647727	0.587097	0.650000	0.633936	0.592292	0.575163	0.633240	0.593496	0.207194	0.402049	0.567067	0.600798	0.644272	
0.600846	0.639640	0.562152	0.634449	0.571429	0.590994	0.550198	0.043828	0.610286	0.633113	0.619640	0.547494	0.627235	0.624506	0.650999	0.636612	0.626341	0.577778	0.619916	0.621714	0.420605	0.446882	0.615917	0.639205	0.648794	0.169904	0.565705	0.563718	0.594090	0.364803	0.472998	0.585890	0.618182	0.622807	0.465394	0.582496	0.658314	0.440223	0.539629	0.574333	0.608342	0.531017	0.486834	0.317891	0.582069	0.563847	0.475542	0.278809	0.616883	0.276773	0.630556	0.652023	0.334454	0.625323	0.594340	0.606299	0.569300	0.556098	0.575342	0.633962	0.336149	0.571912	0.608016	0.579288	0.579536	0.436040	0.551282	0.615758	0.585670	0.584559	0.624170	0.638701	0.359206	0.634573	0.625815	0.022835	0.602118	0.561983	0.356951	0.618182	0.603269	0.626263	0.552167	0.521158	0.625177	0.561462	0.648379	0.637419	0.368098	0.546042	0.111939	0.604920	0.612411	0.573248	0.568729	0.632780	0.164225	0.573744	0.612683	0.631861	0.619339	0.586710	0.643457	0.056147	0.594112	0.347826	0.591304	0.128782	0.416357	0.616385	0.454198	0.619411	0.524648	0.529010	0.598930	0.554941	0.123411	0.626238	0.470517	0.455589	0.286537	0.402427	0.365503	0.593951	0.054094	0.339446	0.621053	0.566445	0.627401	0.570064	0.336149	0.480982	0.583893	0.614443	0.587729	0.647849	0.226975	0.628176	0.529517	0.585153	0.616788	0.612940	0.635404	0.625698	0.633401	0.530580	0.582888	0.612524	0.323529	0.642762	0.582547	0.430601	0.592784	0.541455	0.464000	0.268194	0.610979	0.555366	0.586453	0.626207	0.271672	0.526690	0.362140	0.514756	0.524590	0.604410	0.601156	0.553585	0.625000	0.607798	0.505929	0.528418	0.633110	0.589336	0.477979	0.240121	0.581431	0.608899	0.639248	0.507375	0.487867	0.555102	0.259876	0.591727	0.446262	0.627282	0.632385	0.620690	0.619300	0.558916	0.545139	0.218202	0.558632	0.627262	0.549369	0.639723	0.604869	0.567797	0.633299	0.626834	0.397404	0.612466	0.629969	0.667519	0.649215	0.308169	0.615620	0.623681	0.630631	0.388862	0.605974	0.617284	0.587826	0.384615	0.602659	0.515723	0.634772	0.169687	0.520644	0.619946	0.441006	0.497297	0.579946	0.326096	0.587393	0.569401	0.452103	0.612981	0.591426	0.633822	0.418972	0.603995	0.334728	0.626826	0.614958	0.227559	0.642452	0.601726	0.651497	0.520394	0.586922	0.560996	0.557585	0.535117	0.490909	0.622917	0.585516	0.640084	0.177917	0.640936	0.619977	0.620384	0.637419	0.514364	0.114351	0.587869	0.525180	0.565776	0.307099	0.546493	0.634538	0.636462	0.604585	0.623688	0.592593	0.592481	0.624672	0.649418	0.427714	0.036123	0.328654	0.610811	0.625931	0.541914	0.625446	0.595707	0.395161	0.626374	0.592710	0.539474	0.487869	0.609929	0.637717	0.613119	0.615385	0.309979	0.645489	0.300604	0.552043	0.626752	0.619970	0.508197	0.384615	0.565289	0.329470	0.467532	0.614583	0.595804	0.623431	0.577223	0.601547	0.599705	0.581761	0.478233	0.633838	0.572881	0.589540	0.630872	0.141385	0.623688	0.200554	0.190340	0.582363	0.604651	0.608968	0.659148	0.514286	0.654939	0.602285	0.642857	0.620896	0.594852	0.605263	0.570033	0.503684	0.602484	0.583333	0.624434	0.614728	0.525217	0.629428	0.140636	0.604839	0.568333	0.604995	0.644928	0.637681	0.593525	0.362140	0.492701	0.569600	0.632319	0.313509	0.628308	0.544969	0.510782	0.627939	0.635241	0.582633	0.575182	0.609207	1.000000	0.359044	0.496350	0.618182	0.449136	0.584127	0.307692	0.640957	0.602410	0.629808	0.642005	0.524683	0.619958	0.422325	0.593284	0.618267	0.406375	0.551887	0.620390	0.642512	0.638298	0.601307	0.493316	0.510714	0.253827	0.622055	0.594796	0.604972	0.626709	0.257272	0.644495	0.570502	0.233568	0.625503	0.575238	0.570000	0.633292	0.341045	0.151245	0.106176	0.366145	0.634956	0.550336	0.622739	0.626898	0.600368	0.488073	0.400000	0.618997	0.621898	0.603945	0.590542	0.628492	0.514170	0.588598	0.631847	0.250549	0.647383	0.153313	0.647713	0.564437	0.617681	0.600536	0.621673	0.581946	0.450087	0.581281	0.580542	0.515152	0.558442	0.557632	0.591906	0.539629	0.603774	0.573784	0.586587	0.127974	0.599696	0.588338	0.631229	0.214613	0.395233	0.639896	0.071454	0.604534	0.500907	0.549747	0.629630	0.365473	0.597353	0.428494	0.645251	0.024898	0.647687	0.620887	0.545151	0.583333	0.662592	0.544118	0.546053	0.406122	0.547297	0.535766	0.630749	0.597148	0.565588	0.647853	0.326765	0.558006	0.319038	0.536364	0.617772	0.592233	0.638298	0.492647	0.610556	0.607407	0.643032	0.644068	0.545151	0.503754	0.593193	0.460076	0.551618	0.561688	0.611940	0.452975	0.169290	0.544197	0.486085	0.613497	0.580227	0.586479	0.616307	0.525496	0.356951	0.579627	0.546713	0.588055	0.232817	0.511545	0.495413	0.527778	0.634395	0.561762	0.609257	0.623751	0.534562	0.619662	0.646809	0.583830	0.628205	0.625493	0.600289	0.652582	0.510354	0.306383	0.507194	0.624277	0.630631	0.638889	
0.292019	0.419229	0.509004	0.366248	0.201681	0.507439	0.552494	0.185773	0.411150	0.328125	0.303172	0.573604	0.306331	0.331193	0.397887	0.310265	0.479967	0.226231	0.295220	0.413763	0.630751	0.621630	0.406469	0.288000	0.321181	0.533246	0.562008	0.257663	0.237403	0.645573	0.141982	0.245055	0.296816	0.271734	0.610268	0.282342	0.414093	0.625350	0.193644	0.352355	0.470882	0.556654	0.611820	0.652229	0.304753	0.202569	0.611989	0.635173	0.437527	0.592972	0.300794	0.406824	0.618785	0.342597	0.231405	0.480919	0.260994	0.213163	0.249278	0.358303	0.647664	0.191849	0.482815	0.215792	0.537926	0.613234	0.221027	0.379341	0.236549	0.505381	0.326587	0.315741	0.641188	0.433405	0.337294	0.100276	0.252642	0.557203	0.638181	0.444822	0.262655	0.356078	0.220157	0.598266	0.290414	0.550095	0.363473	0.343352	0.095288	0.567883	0.418659	0.277462	0.466722	0.224500	0.534623	0.456184	0.509572	0.214917	0.479150	0.321956	0.374441	0.214917	0.385093	0.233235	0.517703	0.089286	0.496743	0.439884	0.639225	0.338813	0.129563	0.434559	0.170940	0.187344	0.445671	0.559940	0.442892	0.367878	0.617743	0.623537	0.617290	0.624301	0.093291	0.507166	0.225459	0.651089	0.331958	0.545524	0.347866	0.224500	0.643442	0.608981	0.196331	0.373548	0.445106	0.319630	0.587256	0.406646	0.162626	0.529228	0.508542	0.413553	0.396658	0.421416	0.467749	0.567910	0.519858	0.477282	0.082235	0.326587	0.396651	0.647185	0.344106	0.191849	0.579120	0.601504	0.389553	0.188247	0.521431	0.304753	0.614112	0.594480	0.092292	0.609451	0.587110	0.340328	0.278277	0.554820	0.431204	0.413432	0.596121	0.569960	0.418143	0.502811	0.616526	0.632601	0.249278	0.400879	0.396127	0.590565	0.609977	0.554800	0.626673	0.513225	0.637727	0.442177	0.432548	0.484381	0.450931	0.463866	0.178267	0.575261	0.544356	0.382222	0.594653	0.406646	0.496585	0.539023	0.460000	0.455579	0.657710	0.314961	0.467943	0.348616	0.335011	0.609890	0.245902	0.399296	0.344859	0.628028	0.287194	0.241663	0.521198	0.100261	0.265968	0.603086	0.401229	0.526178	0.592982	0.318077	0.122807	0.158907	0.314961	0.642154	0.283152	0.554109	0.614746	0.385264	0.517941	0.325046	0.112091	0.398768	0.084255	0.326587	0.302380	0.617605	0.413553	0.370072	0.387411	0.586704	0.223633	0.533130	0.560448	0.198118	0.154236	0.457791	0.242512	0.450716	0.527566	0.398067	0.406632	0.265968	0.343352	0.575789	0.422095	0.237403	0.159838	0.487664	0.646898	0.561390	0.321956	0.442078	0.283152	0.257663	0.241663	0.255992	0.333486	0.341841	0.644130	0.155092	0.634921	0.316520	0.260994	0.553420	0.390805	0.519102	0.102243	0.429858	0.227096	0.573682	0.612356	0.288805	0.366412	0.321956	0.337294	0.077167	0.352355	0.627673	0.557763	0.350861	0.260994	0.607279	0.100261	0.204344	0.652072	0.143878	0.459471	0.296816	0.457720	0.235694	0.488798	0.265968	0.231405	0.604125	0.356078	0.190950	0.227096	0.425054	0.466033	0.257663	0.581447	0.570766	0.200791	0.374441	0.457143	0.360523	0.163554	0.315741	0.458893	0.409786	0.474031	0.502834	0.271734	0.212285	0.606040	0.238257	0.449724	0.419089	0.444444	0.177355	0.311833	0.486654	0.319630	0.541778	0.508393	0.382392	0.422778	0.515594	0.092292	0.152362	0.545863	0.398242	0.628788	0.409607	0.527516	0.595525	0.303172	0.418685	0.504013	0.272555	0.486486	0.359044	1.000000	0.152362	0.251802	0.126674	0.226231	0.637226	0.325817	0.255156	0.383489	0.387782	0.576259	0.446043	0.623615	0.498997	0.396484	0.108164	0.566654	0.441315	0.379724	0.393472	0.502408	0.612959	0.163554	0.619706	0.503626	0.511814	0.303963	0.451939	0.634773	0.410816	0.214917	0.607993	0.320406	0.500202	0.199901	0.361261	0.641278	0.512268	0.403902	0.646453	0.428387	0.196331	0.342597	0.434486	0.508975	0.149542	0.106195	0.442748	0.272555	0.250962	0.408217	0.297613	0.601447	0.242512	0.350861	0.060768	0.305543	0.495085	0.368610	0.211406	0.405759	0.321181	0.493328	0.523810	0.613824	0.207882	0.223633	0.584755	0.214040	0.568577	0.537016	0.193644	0.318077	0.546697	0.471074	0.451773	0.249278	0.526070	0.426850	0.570370	0.629985	0.341085	0.289627	0.357562	0.155172	0.193644	0.405252	0.630731	0.491327	0.642945	0.297613	0.108952	0.392226	0.283962	0.198118	0.241663	0.374274	0.268444	0.555176	0.622893	0.192747	0.581870	0.332722	0.515926	0.188247	0.372987	0.639876	0.501623	0.644535	0.588107	0.292019	0.215792	0.361261	0.148601	0.285580	0.264313	0.375167	0.418907	0.198118	0.587665	0.214917	0.131484	0.560500	0.214040	0.260163	0.126674	0.524253	0.576047	0.143878	0.245055	0.214917	0.521875	0.386696	0.588069	0.629417	0.282342	0.180090	0.245902	0.617769	0.166331	0.149542	0.178267	0.350861	0.556464	0.440851	0.422911	0.566287	0.470346	0.288805	0.530046	0.442087	0.332722	0.279092	0.395073	0.596984	0.076150	0.159838	0.278277	0.344859	0.444633	
0.529284	0.459375	0.361446	0.500894	0.632768	0.366748	0.294985	0.016747	0.475279	0.528600	0.547368	0.275482	0.542797	0.547945	0.474295	0.533058	0.386100	0.596859	0.537634	0.452951	0.183486	0.202156	0.462036	0.552632	0.530120	0.067613	0.300000	0.568019	0.612658	0.155119	0.581315	0.599010	0.561028	0.564220	0.210084	0.534521	0.460317	0.194553	0.591304	0.489796	0.408163	0.312175	0.229183	0.132979	0.557652	0.585915	0.219459	0.115075	0.428994	0.114155	0.576271	0.473258	0.140713	0.498099	0.628866	0.382812	0.548463	0.615804	0.596577	0.508227	0.141509	0.594752	0.384516	0.616216	0.327869	0.193548	0.632979	0.495667	0.598985	0.357143	0.554455	0.553971	0.152439	0.444444	0.516378	0.008668	0.590799	0.311850	0.151362	0.427948	0.578824	0.503676	0.618667	0.272975	0.570806	0.309623	0.494585	0.508539	0.564315	0.303030	0.043713	0.577878	0.408163	0.615789	0.327511	0.407821	0.065232	0.590786	0.380952	0.521042	0.474517	0.628726	0.482051	0.021538	0.343643	0.561702	0.378653	0.050565	0.183486	0.518234	0.615942	0.439462	0.631250	0.621302	0.425036	0.294985	0.048371	0.507143	0.214746	0.213220	0.118577	0.173410	0.602510	0.355872	0.020737	0.143062	0.531250	0.313808	0.529081	0.557895	0.141509	0.217077	0.603448	0.495606	0.417034	0.524194	0.092053	0.456311	0.610932	0.334448	0.353774	0.461295	0.476033	0.454405	0.405995	0.296736	0.343249	0.387597	0.561404	0.538614	0.473333	0.189633	0.515152	0.629738	0.217865	0.110294	0.481356	0.643068	0.343249	0.540881	0.111857	0.259291	0.588235	0.248139	0.259740	0.504780	0.581081	0.285987	0.442771	0.451923	0.236220	0.284630	0.461300	0.365408	0.231481	0.097815	0.586797	0.465347	0.477612	0.270758	0.227618	0.307062	0.106572	0.347222	0.204918	0.436310	0.441441	0.374372	0.431655	0.402250	0.634146	0.088235	0.306122	0.488812	0.272975	0.453074	0.365854	0.321888	0.404925	0.422096	0.170940	0.526531	0.406548	0.520599	0.538760	0.128480	0.582716	0.469421	0.502836	0.166759	0.593407	0.590000	0.332594	0.593496	0.587413	0.253593	0.476190	0.067522	0.254022	0.538462	0.594796	0.644951	0.514286	0.136799	0.560000	0.294118	0.204918	0.489726	0.330726	0.520875	0.596899	0.467662	0.573913	0.542574	0.544304	0.092308	0.461295	0.486679	0.490630	0.255537	0.580475	0.313480	0.296736	0.548571	0.582781	0.415730	0.583541	0.417021	0.070989	0.481054	0.468700	0.596737	0.516129	0.247117	0.044689	0.592405	0.603896	0.387942	0.127986	0.306748	0.537074	0.435935	0.555556	0.591885	0.600000	0.551559	0.529183	0.514286	0.189274	0.013769	0.137994	0.536585	0.572104	0.321543	0.475548	0.342529	0.572581	0.450151	0.605744	0.267857	0.234926	0.573304	0.501792	0.521042	0.516378	0.573991	0.497217	0.125000	0.285987	0.528864	0.581560	0.246711	0.593496	0.621849	0.138376	0.604811	0.412921	0.526767	0.415254	0.605598	0.381679	0.573427	0.597938	0.224383	0.518382	0.631579	0.610966	0.445820	0.055741	0.591885	0.080623	0.076258	0.634561	0.485062	0.410689	0.501818	0.647436	0.501018	0.413986	0.464516	0.393659	0.369538	0.577982	0.622951	0.240964	0.601010	0.424419	0.455975	0.423803	0.617737	0.551440	0.055432	0.532258	0.315126	0.360144	0.496552	0.446841	0.347222	0.571429	0.600000	0.299401	0.462046	0.130947	0.463768	0.338286	0.242718	0.547368	0.463453	0.364520	0.549199	0.388098	0.496350	0.152362	1.000000	0.563107	0.615385	0.623037	0.128260	0.515873	0.557692	0.455479	0.488136	0.256410	0.420749	0.201342	0.364078	0.485149	0.590551	0.292969	0.433234	0.496552	0.478261	0.364520	0.240385	0.634615	0.103878	0.369004	0.362319	0.546218	0.418208	0.105411	0.467949	0.569106	0.094937	0.527163	0.374065	0.642045	0.497278	0.143816	0.059821	0.041385	0.155763	0.435976	0.597701	0.520913	0.424332	0.357995	0.599327	0.619048	0.429608	0.572082	0.598540	0.462036	0.547009	0.243112	0.578554	0.517691	0.473430	0.523013	0.060680	0.499109	0.602740	0.459069	0.506024	0.373134	0.335946	0.202020	0.614958	0.591029	0.249169	0.597826	0.289575	0.319829	0.626087	0.518219	0.310881	0.396804	0.050234	0.581907	0.332963	0.442748	0.086680	0.169875	0.496183	0.027543	0.494505	0.620462	0.655072	0.470779	0.155440	0.367901	0.188561	0.555556	0.009457	0.487395	0.545455	0.594286	0.580000	0.484211	0.569444	0.309917	0.175234	0.610465	0.267380	0.534113	0.343249	0.619469	0.497354	0.137112	0.372327	0.133511	0.279851	0.563991	0.616216	0.504537	0.668919	0.534216	0.604215	0.487719	0.445840	0.577143	0.246508	0.601626	0.611511	0.285714	0.603261	0.606635	0.586081	0.067355	0.284900	0.666667	0.584158	0.585366	0.336700	0.474403	0.257732	0.151362	0.556793	0.624242	0.562963	0.094607	0.653968	0.632997	0.640244	0.521415	0.293255	0.431718	0.450230	0.284630	0.395257	0.577681	0.323625	0.436047	0.530214	0.566292	0.480132	0.240192	0.540541	0.636364	0.581081	0.506616	0.436047	
0.582897	0.577128	0.501062	0.599106	0.579399	0.522581	0.451727	0.029069	0.592693	0.620355	0.630324	0.431307	0.615905	0.619583	0.587413	0.617450	0.530934	0.611336	0.634315	0.573748	0.299943	0.328321	0.571819	0.637324	0.622951	0.115190	0.462230	0.610169	0.635108	0.256109	0.578554	0.620155	0.625216	0.635036	0.340260	0.638146	0.579515	0.316808	0.612691	0.565284	0.545455	0.447344	0.368754	0.221284	0.597623	0.591006	0.354293	0.192718	0.573604	0.191241	0.613014	0.595336	0.233512	0.614420	0.628000	0.525000	0.575701	0.597077	0.606526	0.606980	0.234767	0.589011	0.538895	0.659751	0.488802	0.315283	0.606557	0.597968	0.628458	0.508403	0.625608	0.616915	0.251923	0.586118	0.627575	0.015091	0.640000	0.469274	0.250239	0.568210	0.603352	0.603659	0.599589	0.426094	0.619965	0.460674	0.624625	0.610329	0.464589	0.457350	0.075125	0.623423	0.557261	0.597561	0.488327	0.557971	0.111229	0.619543	0.526434	0.608838	0.619677	0.619543	0.596844	0.037319	0.513706	0.443804	0.520578	0.086683	0.299943	0.593997	0.530928	0.583867	0.601852	0.600000	0.548185	0.449956	0.082990	0.595238	0.347250	0.344964	0.198335	0.284473	0.472934	0.508901	0.035942	0.237211	0.625000	0.466292	0.626357	0.581301	0.234767	0.350736	0.626087	0.584435	0.539723	0.861842	0.155443	0.600000	0.609929	0.495540	0.512500	0.598658	0.588563	0.582345	0.553191	0.455922	0.507099	0.523702	0.405882	0.625608	0.558989	0.309327	0.606250	0.597802	0.351914	0.185028	0.586895	0.611973	0.496957	0.628183	0.187545	0.412924	0.468571	0.396669	0.413575	0.611024	0.611511	0.442722	0.569588	0.595109	0.379161	0.442539	0.580475	0.527331	0.370739	0.164832	0.625720	0.579387	0.595804	0.421311	0.366434	0.466483	0.179023	0.510246	0.332487	0.550943	0.588689	0.517621	0.577447	0.517618	0.595455	0.149203	0.463370	0.588745	0.427746	0.583562	0.517167	0.471264	0.540925	0.567237	0.280664	0.634551	0.558580	0.616099	0.608280	0.214140	0.646035	0.580195	0.617785	0.274202	0.620811	0.652344	0.497041	0.458101	0.628466	0.401544	0.590846	0.115038	0.405259	0.617162	0.540682	0.572792	0.621262	0.227332	0.597865	0.450530	0.332487	0.603448	0.496524	0.608130	0.513514	0.576224	0.426901	0.628849	0.604096	0.155860	0.595973	0.580741	0.612303	0.405910	0.627291	0.463985	0.454141	0.580087	0.560386	0.570388	0.604288	0.553244	0.120793	0.598053	0.576871	0.658041	0.613459	0.393665	0.076777	0.583826	0.595238	0.507429	0.213355	0.464220	0.631751	0.558786	0.626335	0.647834	0.632812	0.593573	0.603834	0.602826	0.308780	0.023927	0.229221	0.612583	0.624299	0.478469	0.581560	0.498982	0.483333	0.576227	0.622222	0.422078	0.375810	0.636204	0.602985	0.615385	0.599049	0.411940	0.620584	0.208599	0.442722	0.610169	0.635514	0.393072	0.497207	0.588486	0.229825	0.555831	0.558252	0.625216	0.565854	0.621782	0.527840	0.609982	0.632000	0.361629	0.618902	0.616740	0.626263	0.572559	0.095377	0.647834	0.136708	0.129511	0.623656	0.581498	0.561361	0.619335	0.599057	0.626866	0.553809	0.590164	0.547756	0.523549	0.598540	0.619247	0.386146	0.629921	0.552500	0.596257	0.561798	0.592255	0.632107	0.094859	0.601974	0.469925	0.522751	0.606936	0.586071	0.504098	0.457143	0.558252	0.457810	0.590529	0.218061	0.592087	0.476190	0.387240	0.620102	0.585430	0.521925	0.604736	0.540113	0.618182	0.251802	0.563107	1.000000	0.535065	0.599190	0.213790	0.633117	0.609848	0.597701	0.589744	0.407176	0.565757	0.327091	0.519231	0.579387	0.502732	0.450704	0.572519	0.601156	0.583099	0.521925	0.383824	0.594340	0.174667	0.529730	0.519149	0.629252	0.571779	0.177147	0.595109	0.602911	0.160147	0.614122	0.501094	0.607759	0.621418	0.238399	0.102204	0.071186	0.257115	0.575521	0.604348	0.630094	0.577608	0.513684	0.581907	0.505495	0.561798	0.633880	0.642447	0.566347	0.617241	0.389302	0.623782	0.607088	0.357367	0.630508	0.103639	0.591382	0.628931	0.587755	0.603279	0.539301	0.493532	0.328115	0.625793	0.635438	0.396657	0.575000	0.452962	0.483810	0.582057	0.603960	0.475395	0.521437	0.086128	0.633397	0.499506	0.584094	0.146655	0.279020	0.616352	0.047619	0.610942	0.578313	0.617068	0.590659	0.256611	0.520607	0.307692	0.627586	0.016460	0.596888	0.628774	0.584416	0.617188	0.609971	0.562500	0.462963	0.287281	0.600877	0.424635	0.633600	0.505071	0.589800	0.606775	0.227826	0.518192	0.222128	0.434122	0.617801	0.630705	0.609351	0.558824	0.608850	0.649351	0.583578	0.592790	0.588745	0.389767	0.636175	0.538462	0.438898	0.600000	0.602996	0.540260	0.114761	0.439485	0.555831	0.631783	0.607069	0.492522	0.595989	0.407524	0.250239	0.591800	0.619910	0.622824	0.159610	0.576112	0.572127	0.604545	0.625578	0.449339	0.559899	0.569935	0.435678	0.530425	0.639719	0.487007	0.565000	0.624000	0.621185	0.600559	0.385011	0.413174	0.580952	0.661871	0.627145	0.567500	
0.497696	0.401305	0.306351	0.436090	0.581040	0.310999	0.248485	0.013753	0.410000	0.487500	0.508929	0.231638	0.491150	0.475207	0.423611	0.490153	0.328000	0.597183	0.529680	0.406667	0.152985	0.168840	0.405405	0.545455	0.492569	0.055782	0.252826	0.556122	0.565217	0.128998	0.610687	0.541114	0.500000	0.528117	0.175589	0.516588	0.407960	0.162376	0.603774	0.449219	0.347458	0.263383	0.191888	0.110363	0.511111	0.573171	0.183582	0.095349	0.375963	0.094579	0.498876	0.416949	0.116865	0.460922	0.581717	0.331984	0.530303	0.605882	0.560209	0.461538	0.117535	0.632911	0.328877	0.571429	0.277027	0.161523	0.555874	0.440000	0.561308	0.302583	0.502092	0.495690	0.126739	0.384977	0.487805	0.007113	0.538860	0.263102	0.125831	0.369697	0.527638	0.460348	0.603448	0.229478	0.527778	0.264801	0.455408	0.480000	0.607477	0.255452	0.035986	0.543269	0.347458	0.589235	0.276715	0.357039	0.053806	0.608187	0.328000	0.483051	0.439114	0.596491	0.433692	0.017695	0.290780	0.576923	0.323684	0.041653	0.152985	0.489879	0.610442	0.383178	0.593857	0.617363	0.372727	0.248485	0.039838	0.450281	0.179562	0.178261	0.098282	0.144451	0.650943	0.301471	0.017036	0.118841	0.482474	0.264801	0.470356	0.549575	0.117535	0.181550	0.610592	0.446494	0.373089	0.481876	0.076114	0.412860	0.619718	0.282759	0.299635	0.405941	0.418685	0.393548	0.345120	0.250000	0.290437	0.329317	0.587065	0.481172	0.411867	0.158199	0.471058	0.607595	0.182222	0.091348	0.429840	0.596154	0.290437	0.493333	0.092655	0.217699	0.597156	0.208122	0.218085	0.467742	0.527578	0.240705	0.386185	0.412060	0.197908	0.239533	0.394184	0.309824	0.193853	0.080921	0.560209	0.411054	0.413194	0.227567	0.190550	0.258947	0.088235	0.293907	0.171190	0.371951	0.384977	0.319896	0.368263	0.356725	0.598007	0.072932	0.258132	0.440433	0.229478	0.409475	0.310214	0.271823	0.349432	0.362297	0.142361	0.479482	0.348442	0.477318	0.486708	0.106586	0.582011	0.422145	0.450199	0.138826	0.509346	0.563003	0.281143	0.575342	0.552239	0.212803	0.419244	0.055707	0.213172	0.496788	0.636364	0.650000	0.488121	0.113573	0.505910	0.247734	0.171190	0.430880	0.283410	0.491597	0.640693	0.427083	0.600985	0.485356	0.492170	0.076326	0.402640	0.451493	0.432143	0.214473	0.579545	0.264516	0.250000	0.569659	0.610909	0.359124	0.561497	0.359882	0.058585	0.420690	0.409396	0.547264	0.476000	0.207245	0.036793	0.570652	0.640569	0.331522	0.106172	0.258675	0.500000	0.377301	0.505910	0.551020	0.568365	0.528205	0.480493	0.461847	0.157895	0.011305	0.114578	0.507527	0.540404	0.271523	0.431095	0.291815	0.606335	0.387402	0.584270	0.225069	0.196800	0.525581	0.448211	0.491525	0.471545	0.581633	0.460938	0.103666	0.240705	0.474510	0.560606	0.206897	0.621005	0.612121	0.114900	0.613636	0.359124	0.495455	0.361233	0.562842	0.324111	0.522388	0.587258	0.187786	0.460348	0.609524	0.573034	0.397415	0.045938	0.551020	0.066594	0.062964	0.754601	0.450185	0.359649	0.443595	0.624561	0.482759	0.357558	0.411467	0.336986	0.317829	0.528117	0.607670	0.201970	0.585366	0.369138	0.400657	0.371601	0.620000	0.501089	0.045682	0.486141	0.265946	0.305211	0.444846	0.395498	0.293907	0.635071	0.615385	0.252308	0.417962	0.108657	0.410774	0.290094	0.203474	0.500000	0.399351	0.309045	0.526829	0.329759	0.449136	0.126674	0.615385	0.535065	1.000000	0.602817	0.106401	0.494759	0.550129	0.427289	0.429840	0.215223	0.368816	0.168148	0.308657	0.421416	0.607930	0.246740	0.380216	0.430380	0.427320	0.309045	0.201474	0.624561	0.085984	0.312977	0.307116	0.494432	0.363905	0.087265	0.408710	0.573099	0.078519	0.485106	0.317419	0.615385	0.450382	0.119475	0.049318	0.034063	0.129542	0.387917	0.616822	0.464930	0.377125	0.303329	0.592593	0.595556	0.371601	0.531707	0.572917	0.412162	0.503401	0.203811	0.572193	0.466667	0.577778	0.496674	0.050031	0.441948	0.597633	0.402685	0.479830	0.316602	0.284065	0.168724	0.598802	0.556818	0.209006	0.563050	0.243806	0.270033	0.597484	0.496788	0.262260	0.339779	0.041379	0.549738	0.281465	0.388535	0.071637	0.141461	0.454728	0.022642	0.458574	0.615942	0.591195	0.414261	0.129270	0.314176	0.157289	0.512472	0.007761	0.422535	0.518868	0.557276	0.573727	0.445672	0.533333	0.261424	0.145994	0.586751	0.224658	0.493827	0.290437	0.596154	0.448148	0.113836	0.320312	0.110811	0.235407	0.516129	0.606414	0.450382	0.617100	0.507042	0.545000	0.438306	0.403279	0.563467	0.206723	0.584795	0.605578	0.240469	0.586510	0.546835	0.617886	0.055568	0.239766	0.651515	0.546419	0.567251	0.284722	0.432916	0.216359	0.125831	0.511848	0.640264	0.566138	0.078244	0.604167	0.637037	0.651163	0.466667	0.246988	0.376147	0.389776	0.239533	0.336066	0.534884	0.273333	0.372163	0.473251	0.550239	0.422877	0.201309	0.615385	0.604982	0.537170	0.466135	0.372163	
0.611418	0.565097	0.456140	0.580343	0.633028	0.493333	0.413103	0.025784	0.569817	0.601019	0.617594	0.392827	0.613191	0.600337	0.575182	0.586572	0.507567	0.642241	0.617916	0.552891	0.270239	0.296296	0.564907	0.620818	0.600000	0.102678	0.426987	0.610778	0.637317	0.230159	0.549865	0.662551	0.630237	0.640927	0.307285	0.587571	0.570225	0.285714	0.599532	0.573269	0.521420	0.423778	0.333573	0.198460	0.608229	0.617849	0.320221	0.172555	0.551451	0.171218	0.617329	0.563662	0.209575	0.582237	0.625532	0.494118	0.613861	0.623608	0.610998	0.581876	0.210718	0.635294	0.513419	0.632743	0.453360	0.284314	0.650655	0.585736	0.638655	0.485900	0.626917	0.624782	0.226341	0.558824	0.599002	0.013374	0.626263	0.429119	0.224806	0.546164	0.646943	0.600639	0.621444	0.386113	0.658041	0.414258	0.588050	0.607553	0.520124	0.419776	0.066811	0.628571	0.528764	0.658009	0.452906	0.531328	0.099124	0.629712	0.505239	0.602410	0.571429	0.651885	0.578711	0.033117	0.462827	0.485804	0.492520	0.077140	0.270239	0.606965	0.581006	0.537949	0.631841	0.604762	0.535761	0.416742	0.073838	0.588785	0.313725	0.311619	0.177642	0.256071	0.517134	0.480000	0.031892	0.212942	0.612795	0.441233	0.595122	0.614719	0.210718	0.316940	0.613953	0.589862	0.521625	0.598616	0.138881	0.568571	0.625954	0.457610	0.466667	0.567832	0.573508	0.567901	0.526961	0.422690	0.470711	0.504673	0.477419	0.599659	0.554252	0.278846	0.600000	0.644706	0.316655	0.165596	0.565476	0.612827	0.470711	0.618962	0.167873	0.372881	0.506250	0.359411	0.375101	0.568595	0.638783	0.404951	0.554960	0.546742	0.343195	0.406690	0.574176	0.482835	0.336720	0.147348	0.594705	0.555233	0.560584	0.384874	0.331429	0.426818	0.160166	0.475687	0.300129	0.554248	0.545455	0.494305	0.537967	0.506936	0.634146	0.133257	0.431262	0.582202	0.391194	0.557143	0.481153	0.445759	0.521525	0.550761	0.252586	0.611888	0.530061	0.623377	0.618729	0.191974	0.652977	0.564774	0.589198	0.246677	0.625698	0.634855	0.453252	0.530488	0.637965	0.366798	0.593343	0.102541	0.367379	0.635417	0.569801	0.622108	0.573427	0.203956	0.578947	0.415608	0.300129	0.555556	0.450358	0.598291	0.558824	0.566423	0.500000	0.626917	0.607914	0.139256	0.567832	0.567442	0.579970	0.367834	0.598698	0.442733	0.419030	0.574074	0.578125	0.536524	0.637681	0.536213	0.107707	0.574746	0.590071	0.653620	0.600985	0.358025	0.068286	0.633124	0.605128	0.487574	0.191261	0.422642	0.612737	0.544021	0.616541	0.626747	0.651452	0.609218	0.614094	0.589786	0.278344	0.021216	0.205674	0.613240	0.633663	0.433498	0.583704	0.462185	0.527273	0.559140	0.640860	0.386023	0.341428	0.638219	0.612500	0.605852	0.582363	0.465574	0.605475	0.186946	0.401415	0.610662	0.637624	0.357473	0.530488	0.656036	0.206222	0.589812	0.513854	0.586521	0.526582	0.635789	0.500000	0.622309	0.634043	0.326991	0.610224	0.646226	0.640860	0.565934	0.084919	0.626747	0.122009	0.115538	0.648276	0.577573	0.514502	0.579114	0.624365	0.603839	0.519448	0.558405	0.510131	0.484711	0.633205	0.647321	0.349661	0.635983	0.524675	0.559889	0.544747	0.650367	0.612676	0.084456	0.588235	0.439072	0.485246	0.583082	0.563611	0.475687	0.481250	0.575916	0.426199	0.561047	0.195533	0.560455	0.443051	0.352049	0.631957	0.573793	0.495028	0.597303	0.509942	0.584127	0.226231	0.623037	0.599190	0.602817	1.000000	0.191656	0.590444	0.622490	0.561562	0.586310	0.369010	0.536082	0.295165	0.487859	0.581395	0.547619	0.412297	0.571429	0.586103	0.567647	0.488398	0.348872	0.609137	0.156229	0.498324	0.481319	0.609319	0.517197	0.158470	0.558074	0.607539	0.143122	0.607945	0.486425	0.668203	0.606635	0.214022	0.091034	0.063293	0.231076	0.533875	0.623256	0.601974	0.529101	0.476087	0.606860	0.526946	0.544747	0.616570	0.632860	0.562054	0.621818	0.352584	0.629400	0.613893	0.394464	0.592857	0.092320	0.612753	0.639821	0.558865	0.575862	0.483070	0.461538	0.296107	0.627540	0.633406	0.360809	0.635556	0.411449	0.447059	0.608899	0.593750	0.439351	0.516206	0.076644	0.635438	0.467955	0.559023	0.130962	0.251082	0.584158	0.042282	0.576433	0.602597	0.646370	0.575931	0.230616	0.502242	0.277346	0.629091	0.014589	0.584934	0.607880	0.587963	0.626556	0.592025	0.595331	0.430476	0.258640	0.629108	0.385382	0.608403	0.458159	0.622328	0.588598	0.204405	0.478905	0.199227	0.395147	0.622468	0.646018	0.600316	0.608466	0.609346	0.652259	0.570552	0.547983	0.611111	0.357198	0.629712	0.566667	0.409894	0.648889	0.662698	0.557746	0.102293	0.401762	0.616622	0.617284	0.625277	0.464543	0.556886	0.370787	0.224806	0.580038	0.611650	0.620123	0.142638	0.624685	0.596306	0.653659	0.604200	0.418100	0.547837	0.549660	0.404930	0.516052	0.630798	0.445986	0.540260	0.598319	0.629981	0.571429	0.348610	0.467105	0.610256	0.627376	0.602291	0.553247	
0.248800	0.365808	0.460788	0.314858	0.170497	0.457823	0.524869	0.219416	0.357839	0.280440	0.258552	0.542199	0.261319	0.283137	0.342922	0.264764	0.436790	0.191656	0.251597	0.357839	0.617311	0.611978	0.352897	0.245291	0.274340	0.556516	0.515959	0.218877	0.201315	0.633778	0.119416	0.207941	0.252993	0.231111	0.603980	0.240354	0.359685	0.627758	0.163591	0.301784	0.418169	0.503333	0.587814	0.645402	0.259936	0.171261	0.593071	0.634094	0.387477	0.634669	0.256472	0.351657	0.629585	0.293177	0.196127	0.436053	0.221771	0.180382	0.211601	0.307038	0.638134	0.162049	0.436389	0.182648	0.495599	0.616328	0.187164	0.326453	0.200575	0.466829	0.279088	0.269565	0.638882	0.381516	0.288507	0.119454	0.214519	0.510497	0.635165	0.393984	0.223214	0.305072	0.186413	0.543658	0.247398	0.493489	0.311608	0.293843	0.079825	0.514361	0.469782	0.236100	0.417448	0.190161	0.492724	0.409437	0.558602	0.181894	0.435369	0.275020	0.321319	0.181894	0.331555	0.274173	0.475275	0.074758	0.442321	0.499749	0.620033	0.289844	0.108855	0.383309	0.144129	0.158183	0.393984	0.520288	0.494115	0.315506	0.599534	0.601857	0.641716	0.620324	0.078139	0.466343	0.265237	0.643617	0.283810	0.503506	0.297823	0.190161	0.647271	0.592809	0.165899	0.321319	0.388971	0.272978	0.625142	0.352277	0.137021	0.485695	0.467613	0.361527	0.344175	0.370067	0.417598	0.521311	0.477171	0.437967	0.068813	0.279088	0.341038	0.619718	0.294507	0.162049	0.592506	0.635848	0.334728	0.158957	0.481977	0.259936	0.640966	0.551940	0.077295	0.568966	0.559173	0.291179	0.236810	0.533679	0.380318	0.355989	0.572983	0.536049	0.369460	0.461538	0.582309	0.630631	0.211601	0.344802	0.342922	0.541468	0.590408	0.517905	0.621755	0.470548	0.598344	0.390889	0.381516	0.445855	0.398683	0.406545	0.150401	0.618496	0.516727	0.329008	0.541109	0.352277	0.455404	0.501515	0.416606	0.405100	0.634159	0.268881	0.417749	0.298484	0.286497	0.646091	0.208674	0.344175	0.295171	0.643564	0.244587	0.205002	0.484869	0.084026	0.226094	0.561142	0.346677	0.564641	0.570807	0.271615	0.103120	0.133845	0.268881	0.640832	0.241061	0.525662	0.596061	0.330919	0.482618	0.277734	0.094036	0.342922	0.070516	0.279088	0.257859	0.638306	0.361527	0.317448	0.332826	0.563336	0.189413	0.508678	0.520656	0.167434	0.129859	0.406398	0.205738	0.403061	0.571748	0.345427	0.355372	0.226094	0.293843	0.565017	0.473035	0.201315	0.134640	0.428979	0.642939	0.511767	0.275020	0.388521	0.241061	0.218877	0.205002	0.217427	0.285155	0.292512	0.621965	0.183741	0.638975	0.270249	0.221771	0.495289	0.336626	0.477827	0.085702	0.378378	0.192403	0.548275	0.580217	0.245994	0.314209	0.275020	0.288507	0.064545	0.301784	0.646542	0.529793	0.300466	0.221771	0.575115	0.084026	0.172788	0.641787	0.121030	0.405671	0.252993	0.404077	0.199836	0.444602	0.226094	0.196127	0.586493	0.305072	0.161277	0.192403	0.369460	0.520954	0.218877	0.598264	0.601708	0.169732	0.321319	0.406545	0.309000	0.137814	0.269565	0.406681	0.353516	0.428469	0.447183	0.231111	0.179626	0.570646	0.202053	0.393839	0.363364	0.395161	0.149620	0.266139	0.534156	0.272978	0.500836	0.463788	0.328370	0.371280	0.472615	0.077295	0.128260	0.518908	0.344802	0.644342	0.354135	0.475635	0.566718	0.258552	0.367636	0.459119	0.231826	0.433855	0.307692	0.637226	0.128260	0.213790	0.106401	0.191656	1.000000	0.278411	0.216701	0.330919	0.334728	0.562169	0.397366	0.601303	0.456863	0.344802	0.090711	0.524323	0.386288	0.328370	0.339780	0.460517	0.572559	0.137814	0.637305	0.453717	0.461109	0.259245	0.401896	0.633777	0.355989	0.181894	0.631275	0.273659	0.448434	0.168967	0.309653	0.637091	0.547774	0.458656	0.635561	0.375510	0.165899	0.293177	0.385551	0.467153	0.125856	0.089044	0.394428	0.231826	0.213061	0.352897	0.253690	0.575619	0.205738	0.300466	0.050757	0.260628	0.543033	0.316154	0.178869	0.355372	0.274340	0.448118	0.486357	0.603859	0.175833	0.189413	0.560592	0.181138	0.529431	0.495129	0.163591	0.271615	0.510652	0.430108	0.500062	0.211601	0.488435	0.374907	0.605455	0.634954	0.291845	0.338566	0.306383	0.130658	0.163591	0.351036	0.637440	0.452088	0.614876	0.253690	0.129676	0.337889	0.241767	0.167434	0.205002	0.321962	0.228248	0.506817	0.620101	0.162820	0.556786	0.284483	0.477171	0.158957	0.320031	0.637805	0.443896	0.646757	0.533590	0.248800	0.182648	0.309653	0.125054	0.243178	0.224655	0.321962	0.363976	0.167434	0.571867	0.181894	0.110488	0.532211	0.181138	0.221048	0.106401	0.570769	0.538163	0.121030	0.207941	0.181894	0.485324	0.332190	0.553856	0.640139	0.240354	0.151963	0.208674	0.630326	0.140187	0.125856	0.150401	0.300466	0.526453	0.390441	0.372957	0.536696	0.429593	0.245994	0.494943	0.394573	0.284483	0.237520	0.343549	0.576642	0.063689	0.134640	0.236810	0.295171	0.394573	
0.586466	0.627962	0.555126	0.634338	0.551971	0.590998	0.532351	0.039077	0.613718	0.621660	0.630339	0.511988	0.632504	0.623776	0.619579	0.656977	0.585117	0.610922	0.618834	0.628159	0.384992	0.414692	0.600243	0.651515	0.638177	0.152553	0.543189	0.603531	0.611018	0.331151	0.503043	0.595395	0.637854	0.628125	0.425245	0.618683	0.628297	0.403207	0.557377	0.600269	0.609159	0.503004	0.460013	0.287805	0.625551	0.561717	0.443030	0.251868	0.622727	0.250000	0.636095	0.640682	0.303082	0.613699	0.608108	0.582305	0.577352	0.584939	0.610114	0.628495	0.304647	0.585009	0.596527	0.606272	0.561215	0.402509	0.596552	0.622279	0.602007	0.565134	0.637518	0.633094	0.325967	0.636782	0.650069	0.020336	0.612642	0.533448	0.323879	0.621773	0.597774	0.636364	0.559585	0.509593	0.639517	0.522414	0.633245	0.637483	0.400000	0.522613	0.100184	0.636785	0.594249	0.575342	0.562500	0.615217	0.147408	0.579407	0.576962	0.608819	0.626132	0.596859	0.631179	0.050096	0.564531	0.373576	0.567104	0.115366	0.382817	0.609655	0.495833	0.618557	0.538168	0.564576	0.597082	0.527437	0.110521	0.638743	0.432230	0.432030	0.258961	0.366081	0.397291	0.590258	0.048258	0.307692	0.636872	0.539655	0.640434	0.571918	0.304647	0.442623	0.605072	0.636481	0.571751	0.642857	0.204447	0.630170	0.547573	0.575840	0.581749	0.626045	0.637824	0.608696	0.614072	0.526749	0.571429	0.593047	0.351852	0.637518	0.599502	0.393057	0.609290	0.570384	0.428843	0.242134	0.619647	0.574586	0.573284	0.637298	0.245322	0.492285	0.393665	0.481246	0.495953	0.629986	0.611111	0.528332	0.617512	0.613527	0.470828	0.519873	0.609412	0.602927	0.449333	0.216448	0.613377	0.602469	0.636927	0.483232	0.457293	0.536833	0.234515	0.565543	0.412470	0.613303	0.632184	0.586000	0.607341	0.568306	0.582707	0.196448	0.543919	0.611465	0.514198	0.635036	0.582031	0.547535	0.601070	0.608791	0.361409	0.613833	0.614728	0.636856	0.625000	0.278850	0.614122	0.632880	0.619372	0.353470	0.597876	0.619205	0.562387	0.408889	0.638231	0.485941	0.637146	0.152356	0.489531	0.638968	0.486258	0.520548	0.605187	0.295369	0.608563	0.527778	0.419664	0.611675	0.553230	0.625177	0.454545	0.619579	0.368664	0.629055	0.622419	0.204980	0.633214	0.607562	0.654867	0.481858	0.603774	0.534022	0.533333	0.577617	0.513834	0.624454	0.601653	0.607261	0.159819	0.631319	0.614268	0.635071	0.640219	0.476728	0.102357	0.597663	0.546875	0.558428	0.277865	0.538071	0.648649	0.620612	0.629969	0.632424	0.609272	0.599034	0.604457	0.628258	0.394634	0.032194	0.297729	0.606322	0.609250	0.536500	0.627353	0.562384	0.415929	0.625866	0.613288	0.503021	0.456448	0.635401	0.619423	0.623044	0.608575	0.341920	0.637954	0.271889	0.525140	0.636977	0.641148	0.483099	0.413333	0.584670	0.298482	0.517172	0.611354	0.602086	0.607456	0.603015	0.587879	0.619273	0.608108	0.442570	0.633690	0.600733	0.616695	0.614118	0.126745	0.632424	0.180382	0.171097	0.585278	0.628719	0.601093	0.639257	0.542636	0.644604	0.589771	0.623786	0.603538	0.585075	0.625000	0.596491	0.474810	0.626667	0.596413	0.623810	0.613662	0.568738	0.652174	0.126068	0.608571	0.539792	0.582449	0.642857	0.633060	0.567416	0.393665	0.515873	0.535655	0.604938	0.283768	0.623030	0.526413	0.476389	0.639175	0.642267	0.572541	0.608424	0.585466	0.640957	0.325817	0.515873	0.633117	0.494759	0.590444	0.278411	1.000000	0.590323	0.614213	0.649874	0.494905	0.610245	0.402597	0.577821	0.632099	0.432314	0.527687	0.626424	0.642857	0.645885	0.582278	0.466942	0.546512	0.228978	0.593904	0.585271	0.626471	0.617420	0.232131	0.647343	0.586387	0.210464	0.630528	0.564612	0.597122	0.638411	0.309170	0.135658	0.094995	0.332394	0.625581	0.561594	0.632877	0.633257	0.583493	0.510978	0.425439	0.593505	0.639626	0.627642	0.600243	0.622024	0.479833	0.621488	0.658570	0.277372	0.642229	0.137529	0.630065	0.590510	0.631197	0.598291	0.597222	0.567001	0.410894	0.591150	0.603774	0.485795	0.583916	0.538710	0.555166	0.557377	0.621777	0.542344	0.592670	0.114637	0.623165	0.570136	0.623981	0.193179	0.359391	0.615385	0.063807	0.626667	0.524655	0.597450	0.624390	0.331771	0.577909	0.394429	0.639881	0.022176	0.630788	0.616794	0.555957	0.599338	0.633075	0.584906	0.529010	0.369520	0.543796	0.515837	0.649930	0.571429	0.585635	0.653696	0.295987	0.558559	0.288862	0.510972	0.640602	0.606272	0.633113	0.528000	0.636225	0.633914	0.630491	0.634958	0.552347	0.475721	0.603839	0.477178	0.523126	0.590909	0.623003	0.477987	0.151997	0.520286	0.513131	0.611842	0.589878	0.569863	0.627848	0.488304	0.323879	0.612557	0.573034	0.600985	0.209778	0.547206	0.530938	0.556391	0.653171	0.531377	0.607910	0.623104	0.515103	0.600208	0.638427	0.560566	0.616592	0.635983	0.625578	0.631188	0.474880	0.338028	0.546875	0.657407	0.633015	0.618834	
0.623917	0.582011	0.477801	0.592593	0.604255	0.522484	0.439541	0.029506	0.589502	0.613162	0.653130	0.433195	0.621849	0.612440	0.606398	0.616667	0.537514	0.634538	0.612737	0.576043	0.303826	0.332500	0.582313	0.625874	0.625407	0.116846	0.471326	0.639252	0.622309	0.259512	0.528395	0.634615	0.620926	0.608696	0.344560	0.615929	0.592493	0.320869	0.594360	0.592366	0.552291	0.464253	0.373333	0.224283	0.623946	0.870488	0.358732	0.195373	0.575758	0.193878	0.615646	0.575716	0.236655	0.626168	0.630952	0.538462	0.627087	0.625259	0.613333	0.600302	0.237925	0.610022	0.527497	0.633745	0.496605	0.319328	0.605691	0.597403	0.639216	0.508368	0.631240	0.609555	0.255278	0.578005	0.636220	0.015319	0.623819	0.478664	0.253575	0.572852	0.632163	0.587879	0.606925	0.427984	0.633043	0.462687	0.594030	0.594090	0.481793	0.466546	0.076229	0.647585	0.556992	0.629032	0.494186	0.550481	0.112831	0.643299	0.517357	0.617886	0.586861	0.622680	0.610556	0.037878	0.505561	0.455840	0.533776	0.087948	0.303826	0.643642	0.535714	0.578344	0.582569	0.607930	0.562889	0.451898	0.084204	0.606509	0.351619	0.349311	0.201058	0.288191	0.467606	0.517205	0.036481	0.240398	0.621019	0.473881	0.604006	0.600806	0.237925	0.355140	0.616379	0.610219	0.562108	0.617647	0.157630	0.577657	0.604215	0.491609	0.502075	0.571429	0.571429	0.568807	0.545882	0.463177	0.507071	0.523596	0.430233	0.586151	0.567039	0.313310	0.608696	0.596950	0.353650	0.187588	0.600567	0.624176	0.498990	0.620573	0.190136	0.414768	0.474576	0.401509	0.410700	0.619718	0.628571	0.439485	0.576923	0.591892	0.383838	0.447863	0.580052	0.520811	0.372521	0.167138	0.613333	0.590028	0.575800	0.416667	0.370990	0.475755	0.181508	0.489796	0.336709	0.550688	0.580563	0.510965	0.569667	0.532044	0.608108	0.151308	0.459854	0.619799	0.436214	0.580381	0.512821	0.484733	0.543093	0.566910	0.284340	0.630363	0.548881	0.600000	0.632911	0.217054	0.637236	0.579750	0.623256	0.277807	0.623468	0.631783	0.479371	0.475138	0.634862	0.409546	0.601379	0.116692	0.410177	0.609836	0.524675	0.586288	0.607261	0.230403	0.611307	0.445423	0.336709	0.597143	0.478734	0.607431	0.513369	0.592490	0.439306	0.640902	0.620339	0.158051	0.582109	0.606775	0.605974	0.406202	0.638384	0.473439	0.463177	0.605150	0.588517	0.562802	0.618956	0.545676	0.122524	0.578147	0.592693	0.634862	0.615863	0.400000	0.077903	0.618395	0.603774	0.527873	0.216260	0.468007	0.624390	0.573585	0.636042	0.613084	0.627907	0.626642	0.631746	0.595944	0.312757	0.024288	0.232314	0.608553	0.619666	0.486177	0.583921	0.494929	0.489011	0.578406	0.617234	0.420712	0.381910	0.656195	0.587537	0.643902	0.617323	0.418879	0.589313	0.211447	0.436052	0.615620	0.627087	0.399399	0.486188	0.621564	0.232925	0.560197	0.555556	0.603774	0.572816	0.620825	0.527716	0.623853	0.623016	0.362010	0.590909	0.602620	0.629259	0.582677	0.096762	0.613084	0.138650	0.131358	0.614072	0.607299	0.544135	0.609610	0.607477	0.599671	0.543923	0.600543	0.542955	0.525627	0.634058	0.609959	0.389420	0.632812	0.577114	0.593085	0.571429	0.600451	0.641196	0.096237	0.630719	0.477528	0.505796	0.594828	0.575163	0.504082	0.468927	0.581731	0.454383	0.573407	0.221022	0.580733	0.498486	0.390533	0.609137	0.571805	0.519702	0.632911	0.542182	0.602410	0.255156	0.557692	0.609848	0.550129	0.622490	0.216701	0.590323	1.000000	0.600000	0.592068	0.412131	0.558025	0.331258	0.514894	0.595568	0.502703	0.452632	0.569620	0.591954	0.588235	0.517572	0.390029	0.607477	0.177097	0.520990	0.512712	0.652027	0.537241	0.179608	0.600000	0.622680	0.162393	0.642741	0.525054	0.615385	0.596702	0.241599	0.103683	0.072234	0.260529	0.569948	0.620690	0.604361	0.546835	0.513627	0.590799	0.505435	0.551553	0.650995	0.637571	0.598639	0.606164	0.394074	0.646035	0.600306	0.352941	0.589226	0.105138	0.608567	0.619543	0.579161	0.628664	0.517391	0.493558	0.332292	0.628931	0.658586	0.398485	0.603306	0.453125	0.487666	0.603037	0.609836	0.477336	0.528258	0.087385	0.640000	0.499508	0.562905	0.148728	0.282678	0.603125	0.048328	0.634441	0.591885	0.603037	0.587432	0.260020	0.518359	0.311658	0.609589	0.016710	0.590717	0.624339	0.592275	0.612403	0.594752	0.609489	0.470480	0.291028	0.613043	0.428110	0.616852	0.503030	0.589011	0.612006	0.230903	0.524698	0.225138	0.437710	0.620451	0.617284	0.605697	0.543689	0.629174	0.633517	0.603499	0.576361	0.618026	0.399100	0.602062	0.527919	0.445969	0.611570	0.620818	0.534704	0.116411	0.441403	0.565111	0.630769	0.630928	0.494538	0.612536	0.412500	0.253575	0.615929	0.609865	0.637236	0.161850	0.589327	0.571429	0.612613	0.621746	0.454785	0.579674	0.561769	0.441026	0.539429	0.631763	0.487057	0.567164	0.629571	0.641711	0.577778	0.389744	0.426036	0.566038	0.610714	0.598450	0.562189	
0.587919	0.621212	0.572711	0.633452	0.539185	0.617060	0.550346	0.047698	0.636663	0.624526	0.629776	0.553532	0.613368	0.633962	0.629087	0.643229	0.614515	0.564565	0.627503	0.614709	0.441897	0.468326	0.626800	0.618919	0.641944	0.183859	0.574766	0.586060	0.594993	0.391344	0.464223	0.569767	0.620506	0.594444	0.478972	0.600273	0.643326	0.460022	0.543720	0.605103	0.622179	0.563855	0.510986	0.341732	0.593955	0.547731	0.501514	0.300242	0.625000	0.298077	0.608466	0.637070	0.358444	0.634568	0.568452	0.615970	0.579915	0.537634	0.577201	0.635379	0.360233	0.519936	0.625118	0.565749	0.600500	0.456925	0.533333	0.624855	0.575221	0.601423	0.626109	0.616774	0.385435	0.650526	0.632628	0.024875	0.602582	0.585875	0.383054	0.638517	0.600846	0.640097	0.567527	0.553868	0.621803	0.575806	0.651551	0.638718	0.346667	0.583987	0.121450	0.591472	0.637880	0.566265	0.593333	0.626000	0.177760	0.557427	0.606975	0.641124	0.644783	0.554364	0.639816	0.061071	0.606742	0.327553	0.608777	0.139617	0.433559	0.636025	0.432143	0.629591	0.500000	0.527331	0.622039	0.574942	0.133827	0.620853	0.481856	0.480189	0.308458	0.428004	0.340344	0.605146	0.058843	0.363713	0.623116	0.591935	0.646267	0.560241	0.361065	0.492197	0.547468	0.623681	0.634197	0.638462	0.244990	0.629712	0.504202	0.597798	0.602473	0.639040	0.627672	0.620838	0.626719	0.559073	0.606218	0.604915	0.304688	0.613435	0.628959	0.461951	0.620690	0.532695	0.480433	0.288948	0.633867	0.536116	0.592401	0.641261	0.292650	0.546842	0.333333	0.534494	0.532314	0.617100	0.598901	0.558140	0.624473	0.632159	0.525097	0.565022	0.638710	0.600905	0.506329	0.259027	0.594517	0.631461	0.626832	0.531609	0.513109	0.582078	0.280090	0.601045	0.466819	0.632885	0.644211	0.605556	0.612870	0.598995	0.503268	0.235613	0.568038	0.638150	0.553868	0.636364	0.594203	0.590461	0.618719	0.620202	0.422756	0.614987	0.629302	0.645477	0.645000	0.331424	0.595065	0.627672	0.642066	0.409986	0.587280	0.578947	0.591906	0.358491	0.617111	0.548057	0.627100	0.183626	0.533788	0.611825	0.408680	0.483926	0.602067	0.350424	0.591281	0.572086	0.477117	0.633641	0.581849	0.630241	0.398524	0.638106	0.311284	0.623574	0.612137	0.245614	0.628135	0.630460	0.645235	0.536351	0.570136	0.560838	0.563707	0.517350	0.488055	0.628514	0.578102	0.626896	0.192461	0.639731	0.624035	0.605891	0.628853	0.520694	0.124053	0.562592	0.479730	0.597899	0.330289	0.575277	0.636015	0.625130	0.596730	0.614509	0.573099	0.593438	0.626566	0.630408	0.455859	0.039326	0.353133	0.597938	0.582744	0.576828	0.613455	0.594454	0.368421	0.632135	0.572714	0.544160	0.521461	0.593792	0.619952	0.618135	0.615193	0.287968	0.629405	0.323398	0.567142	0.655298	0.585573	0.528000	0.362264	0.539782	0.353997	0.466087	0.626506	0.601864	0.635081	0.552437	0.611215	0.600281	0.556548	0.493523	0.623188	0.533546	0.578711	0.632258	0.153194	0.614509	0.216729	0.205785	0.571429	0.621336	0.633166	0.623501	0.479866	0.627097	0.606607	0.641593	0.622478	0.628571	0.591667	0.572308	0.520602	0.588235	0.633745	0.636957	0.628983	0.520458	0.623377	0.152388	0.623077	0.566343	0.587287	0.629630	0.632369	0.599303	0.333333	0.476027	0.583204	0.635955	0.337087	0.656354	0.586713	0.519737	0.613966	0.632147	0.599819	0.596394	0.630085	0.629808	0.383489	0.455479	0.597701	0.427289	0.561562	0.330919	0.614213	0.600000	1.000000	0.649886	0.535076	0.615542	0.453213	0.597473	0.602247	0.382900	0.570336	0.630480	0.643519	0.623583	0.608853	0.519582	0.503356	0.273644	0.614403	0.625899	0.621053	0.616008	0.277316	0.643172	0.572741	0.252033	0.619718	0.602210	0.553459	0.617964	0.366245	0.163804	0.115226	0.391855	0.614894	0.541139	0.627160	0.632568	0.600713	0.457831	0.373134	0.614594	0.604716	0.587050	0.622370	0.617021	0.521739	0.575182	0.623630	0.232179	0.622047	0.166029	0.620118	0.554700	0.613010	0.616368	0.630515	0.577740	0.471453	0.551938	0.579186	0.529570	0.530675	0.572727	0.587561	0.524642	0.637532	0.594075	0.597101	0.138747	0.594517	0.607595	0.626198	0.231776	0.417561	0.646040	0.077666	0.616867	0.480409	0.531002	0.633333	0.392051	0.605119	0.454400	0.617021	0.027120	0.616610	0.606803	0.536278	0.593567	0.632319	0.581006	0.562300	0.428858	0.541401	0.557610	0.644918	0.588946	0.532905	0.634548	0.351133	0.604263	0.342947	0.556047	0.614765	0.559633	0.615569	0.458621	0.616011	0.599156	0.637002	0.634093	0.526814	0.528981	0.575804	0.434164	0.560720	0.549080	0.575071	0.427289	0.183200	0.553478	0.448696	0.587209	0.557427	0.597447	0.627586	0.541436	0.383054	0.567531	0.514658	0.583454	0.251230	0.487479	0.468158	0.506536	0.626066	0.569243	0.640415	0.612593	0.556054	0.623202	0.631579	0.594550	0.617284	0.619824	0.598080	0.632883	0.517939	0.284585	0.489865	0.609890	0.627306	0.641975	
0.607190	0.662366	0.571429	0.640754	0.568323	0.617329	0.572303	0.048341	0.634678	0.649937	0.624837	0.556925	0.637191	0.631710	0.638298	0.630491	0.622306	0.577381	0.606623	0.621592	0.447792	0.478016	0.624862	0.627346	0.639594	0.186165	0.589147	0.592384	0.581022	0.392086	0.452504	0.579251	0.626156	0.614325	0.483120	0.598106	0.656522	0.469432	0.532283	0.603136	0.638049	0.553157	0.515322	0.345640	0.623207	0.551938	0.502112	0.303763	0.650104	0.301576	0.629921	0.679162	0.363336	0.620098	0.592920	0.618147	0.597475	0.572298	0.572246	0.640382	0.364315	0.552923	0.636620	0.557576	0.597510	0.461957	0.591592	0.620531	0.581871	0.601770	0.631447	0.642766	0.389725	0.646444	0.637824	0.025214	0.600284	0.583067	0.387324	0.636643	0.593007	0.630695	0.556391	0.550036	0.635514	0.555377	0.646919	0.631579	0.342750	0.567187	0.123025	0.616644	0.620488	0.582090	0.610282	0.642147	0.179996	0.561457	0.629803	0.623574	0.630966	0.555387	0.637714	0.061889	0.613929	0.323810	0.586815	0.141411	0.437403	0.621455	0.434629	0.633994	0.514754	0.535032	0.636643	0.566182	0.135551	0.628235	0.495554	0.491456	0.312057	0.431683	0.336484	0.609003	0.059633	0.366988	0.630923	0.584270	0.631835	0.552239	0.365145	0.501196	0.551724	0.642608	0.601442	0.646310	0.247957	0.638767	0.502496	0.599832	0.609842	0.632719	0.652514	0.636073	0.630859	0.559570	0.604811	0.625940	0.301158	0.631447	0.611236	0.458333	0.618582	0.549763	0.481104	0.292359	0.629545	0.550079	0.599656	0.625815	0.296097	0.537664	0.333333	0.531021	0.542561	0.605166	0.623978	0.570575	0.649895	0.608315	0.525641	0.559524	0.641026	0.619262	0.503153	0.262139	0.583691	0.625000	0.651736	0.522175	0.511194	0.577743	0.283414	0.608319	0.462942	0.647482	0.658996	0.633517	0.637563	0.601399	0.537217	0.238482	0.587402	0.636051	0.550036	0.651982	0.621622	0.581015	0.640548	0.640562	0.424450	0.607692	0.631476	0.652913	0.652605	0.335238	0.592806	0.654749	0.630037	0.418382	0.609396	0.588406	0.607383	0.358209	0.609179	0.543109	0.654060	0.185929	0.550646	0.632653	0.422182	0.499162	0.600000	0.354410	0.600000	0.581679	0.480046	0.629291	0.590717	0.627995	0.390511	0.627100	0.307692	0.628931	0.599476	0.248588	0.641387	0.607268	0.652223	0.531421	0.576981	0.578990	0.579554	0.525000	0.476351	0.626747	0.599132	0.635176	0.194863	0.659978	0.626506	0.606398	0.658507	0.537234	0.125660	0.578102	0.511706	0.594492	0.334093	0.570978	0.648923	0.623323	0.602703	0.620592	0.591304	0.571429	0.634328	0.638037	0.459733	0.039859	0.357143	0.624041	0.603086	0.583810	0.636467	0.601724	0.364312	0.638655	0.585438	0.553191	0.511806	0.626506	0.646226	0.638783	0.613103	0.284600	0.639324	0.327138	0.569081	0.633615	0.614306	0.528552	0.358209	0.559505	0.358015	0.471601	0.626747	0.589168	0.635271	0.597365	0.620818	0.603616	0.587021	0.502766	0.647482	0.553797	0.594354	0.643162	0.155148	0.620592	0.219397	0.208333	0.556765	0.610012	0.619381	0.633333	0.504983	0.617157	0.616915	0.639560	0.638013	0.606783	0.614325	0.570122	0.534202	0.580175	0.603272	0.639309	0.641471	0.525122	0.628866	0.154332	0.615776	0.574879	0.616207	0.659770	0.651757	0.603120	0.333333	0.481356	0.585139	0.618304	0.340953	0.636663	0.563090	0.529489	0.624837	0.645230	0.601977	0.580468	0.630292	0.642005	0.387782	0.488136	0.589744	0.429840	0.586310	0.334728	0.649874	0.592068	0.649886	1.000000	0.552055	0.634146	0.453933	0.621185	0.649554	0.378676	0.564688	0.636929	0.659770	0.637387	0.612758	0.511053	0.495017	0.276904	0.620127	0.599284	0.603133	0.638469	0.280612	0.647702	0.558422	0.255072	0.622618	0.595238	0.570093	0.637337	0.370370	0.165881	0.116726	0.393502	0.630021	0.532915	0.632353	0.645228	0.617021	0.473595	0.376384	0.612870	0.635488	0.616262	0.633663	0.606860	0.535433	0.590449	0.652963	0.229376	0.632812	0.168131	0.650999	0.558779	0.630887	0.604061	0.621572	0.610313	0.474366	0.552995	0.594918	0.532798	0.559271	0.576169	0.600977	0.544882	0.630102	0.596016	0.614793	0.140530	0.595136	0.619647	0.632804	0.234604	0.423152	0.619165	0.078698	0.631579	0.485666	0.557480	0.651214	0.396396	0.623636	0.458267	0.635884	0.027490	0.655367	0.623482	0.521875	0.568116	0.644186	0.595568	0.570747	0.433566	0.552050	0.563739	0.635118	0.618557	0.553259	0.644107	0.355125	0.582488	0.346866	0.553598	0.641811	0.581818	0.625446	0.481229	0.602961	0.610879	0.644186	0.634304	0.540625	0.526875	0.570561	0.436620	0.571642	0.577508	0.606742	0.429840	0.185497	0.570365	0.464716	0.587896	0.567527	0.602879	0.623288	0.543329	0.387324	0.589986	0.525806	0.575540	0.254262	0.505785	0.483816	0.524272	0.643289	0.578827	0.619979	0.640509	0.561012	0.629171	0.645248	0.604766	0.644172	0.627646	0.628571	0.651007	0.527615	0.281250	0.505017	0.623978	0.652015	0.658487	
0.447784	0.560265	0.604706	0.529041	0.333333	0.604265	0.634870	0.108603	0.553106	0.490922	0.463941	0.648290	0.464047	0.489500	0.543109	0.477105	0.612022	0.370607	0.459925	0.546426	0.617964	0.618522	0.553392	0.458522	0.488304	0.378745	0.632086	0.411171	0.385771	0.584165	0.239862	0.395604	0.466717	0.428790	0.637946	0.436694	0.568000	0.637645	0.320988	0.493967	0.598131	0.610595	0.645250	0.561100	0.458797	0.334694	0.639249	0.501582	0.574386	0.526015	0.463487	0.552791	0.581612	0.498567	0.378378	0.597070	0.411446	0.350849	0.400313	0.510939	0.551171	0.318219	0.609119	0.354839	0.629692	0.638843	0.362761	0.529371	0.386076	0.616374	0.493091	0.479060	0.594080	0.587240	0.499640	0.057496	0.405300	0.623362	0.591865	0.580604	0.415444	0.510608	0.361446	0.622651	0.455982	0.611172	0.533708	0.505369	0.163816	0.619355	0.263804	0.435644	0.590654	0.368000	0.631579	0.602774	0.372280	0.353511	0.608379	0.486486	0.525365	0.353511	0.540206	0.137847	0.633391	0.153846	0.587809	0.299868	0.602794	0.490295	0.219895	0.576998	0.285714	0.311258	0.574181	0.636990	0.288462	0.517483	0.639612	0.617479	0.545882	0.627692	0.160505	0.623468	0.133012	0.558140	0.497829	0.639650	0.506058	0.364800	0.587960	0.654529	0.325123	0.530924	0.564797	0.490483	0.477597	0.557796	0.272650	0.630447	0.630966	0.566866	0.555932	0.572182	0.599751	0.614567	0.626147	0.615572	0.142077	0.493091	0.526531	0.617455	0.494993	0.318219	0.640854	0.527019	0.534247	0.312655	0.608945	0.469191	0.533784	0.641342	0.158845	0.628187	0.660741	0.492462	0.441400	0.646170	0.573664	0.550201	0.653271	0.638254	0.572559	0.618569	0.623269	0.480569	0.398749	0.532520	0.556687	0.605662	0.641682	0.631294	0.494980	0.641292	0.599829	0.583387	0.576823	0.619448	0.584026	0.551550	0.297162	0.465574	0.642162	0.534804	0.632809	0.563172	0.624852	0.629301	0.594628	0.582487	0.604190	0.475000	0.595134	0.514245	0.502165	0.562871	0.400000	0.558644	0.504646	0.614462	0.443774	0.392126	0.634312	0.172043	0.421863	0.650755	0.543611	0.383587	0.653340	0.483871	0.208955	0.266780	0.469118	0.573294	0.436364	0.652910	0.643530	0.536451	0.642493	0.489439	0.191489	0.532247	0.145455	0.490182	0.456845	0.481553	0.562874	0.517795	0.546328	0.657534	0.365092	0.620690	0.649654	0.327869	0.259386	0.594185	0.393391	0.598095	0.396389	0.563304	0.557267	0.423403	0.505369	0.656430	0.269023	0.385771	0.268251	0.569504	0.550093	0.622294	0.486486	0.570691	0.440909	0.414275	0.392126	0.407148	0.484104	0.506093	0.619145	0.090034	0.578187	0.471366	0.419180	0.622296	0.545455	0.621839	0.175313	0.575718	0.371907	0.652261	0.628784	0.455162	0.523810	0.479182	0.496760	0.133577	0.520937	0.558410	0.646170	0.518834	0.419180	0.632790	0.172043	0.337408	0.566162	0.242894	0.590392	0.448766	0.586819	0.384798	0.602657	0.420323	0.376789	0.634345	0.513437	0.316832	0.371907	0.565963	0.326296	0.414275	0.431279	0.418818	0.331971	0.515636	0.586970	0.518310	0.274112	0.480529	0.571609	0.555705	0.607253	0.604428	0.430322	0.349515	0.637352	0.388626	0.558408	0.556441	0.581142	0.295739	0.469027	0.324737	0.474378	0.630077	0.614210	0.533793	0.579329	0.630911	0.158845	0.256410	0.647436	0.546070	0.571338	0.552649	0.585673	0.641975	0.466914	0.572373	0.608387	0.425402	0.603774	0.524683	0.576259	0.256410	0.407176	0.215223	0.369010	0.562169	0.494905	0.412131	0.535076	0.552055	1.000000	0.583120	0.594915	0.629280	0.555556	0.185053	0.643083	0.571244	0.546207	0.550409	0.615475	0.615675	0.274112	0.512507	0.625074	0.616019	0.465082	0.595041	0.509150	0.558233	0.353511	0.486352	0.482809	0.602871	0.330606	0.516538	0.588633	0.346644	0.251262	0.589413	0.580603	0.325123	0.504298	0.588083	0.620609	0.251928	0.181818	0.574727	0.433053	0.405933	0.537273	0.458894	0.654943	0.394965	0.515991	0.105850	0.474777	0.350877	0.526904	0.348178	0.557267	0.472222	0.630824	0.630743	0.639490	0.342811	0.366693	0.648023	0.352181	0.644281	0.644912	0.320988	0.473607	0.640872	0.592227	0.298158	0.401876	0.635799	0.579672	0.458093	0.624431	0.499283	0.173440	0.507062	0.260870	0.320988	0.553163	0.603571	0.614286	0.627387	0.461883	0.062592	0.539249	0.448145	0.327869	0.393701	0.531944	0.422427	0.621328	0.626646	0.319605	0.646586	0.494577	0.630734	0.312655	0.530271	0.578810	0.581381	0.567212	0.626159	0.456799	0.354839	0.522167	0.250429	0.447468	0.420971	0.529167	0.564035	0.327869	0.639195	0.353511	0.222997	0.643750	0.352181	0.416409	0.215223	0.383171	0.635465	0.242894	0.395604	0.353511	0.629188	0.528846	0.651917	0.591164	0.436694	0.300000	0.395294	0.480079	0.278481	0.251928	0.297162	0.510306	0.633914	0.581560	0.573867	0.629938	0.602824	0.453655	0.638843	0.593068	0.493131	0.439544	0.556309	0.652194	0.131868	0.268251	0.441400	0.511794	0.587933	
0.580117	0.644101	0.599673	0.629591	0.497326	0.632013	0.599575	0.059428	0.648384	0.603774	0.593786	0.596089	0.602520	0.598895	0.629890	0.610478	0.645602	0.538660	0.593714	0.626836	0.508625	0.527157	0.627838	0.590588	0.600897	0.225212	0.621234	0.551046	0.544994	0.453608	0.398243	0.553885	0.592334	0.578313	0.538968	0.581257	0.648438	0.529959	0.481732	0.595927	0.653676	0.591882	0.560188	0.407547	0.585534	0.502003	0.554231	0.358547	0.633645	0.360026	0.616628	0.642928	0.423595	0.595652	0.531969	0.629948	0.550796	0.520368	0.540473	0.616366	0.423230	0.499322	0.636441	0.518325	0.641711	0.514403	0.524675	0.636457	0.538071	0.627229	0.607341	0.619209	0.447925	0.643396	0.626506	0.031081	0.557621	0.615044	0.451178	0.640148	0.561661	0.611940	0.512354	0.585399	0.593200	0.594074	0.630802	0.627579	0.286614	0.605491	0.149924	0.571087	0.641275	0.519380	0.629008	0.639640	0.217905	0.519004	0.630231	0.600224	0.618899	0.524246	0.623085	0.075962	0.626677	0.270270	0.618120	0.171961	0.492854	0.609836	0.376119	0.650988	0.459384	0.475410	0.630897	0.605245	0.164948	0.633124	0.542714	0.530816	0.371409	0.488701	0.281201	0.646726	0.073212	0.420715	0.618102	0.619259	0.612729	0.524548	0.428799	0.549550	0.498652	0.620976	0.623256	0.602247	0.297837	0.634387	0.442553	0.625871	0.645733	0.638754	0.634635	0.641691	0.648936	0.599288	0.634069	0.645548	0.250804	0.625139	0.617706	0.513158	0.598698	0.491180	0.531903	0.349390	0.607724	0.488404	0.623028	0.594719	0.353706	0.581560	0.278481	0.576419	0.583602	0.608506	0.579952	0.605683	0.642722	0.609037	0.569712	0.593923	0.646154	0.625514	0.546746	0.314360	0.550436	0.608000	0.643932	0.568575	0.559579	0.627279	0.339046	0.626391	0.520990	0.646240	0.643396	0.633613	0.640955	0.602715	0.481994	0.286769	0.614265	0.629744	0.596115	0.642292	0.640857	0.612368	0.638222	0.640000	0.483015	0.599548	0.642413	0.633621	0.610989	0.397215	0.555695	0.640641	0.624052	0.472412	0.595995	0.561713	0.618827	0.300000	0.580802	0.575777	0.638086	0.224933	0.599365	0.608108	0.358974	0.447932	0.574661	0.417472	0.575829	0.602546	0.525296	0.615542	0.614430	0.606466	0.331288	0.623872	0.256410	0.614016	0.596774	0.298573	0.642648	0.593521	0.638124	0.581633	0.538163	0.602517	0.607829	0.497312	0.419540	0.638336	0.566038	0.633303	0.235498	0.641359	0.635202	0.573512	0.623236	0.580846	0.153089	0.544994	0.438746	0.608470	0.395179	0.606414	0.624860	0.646785	0.582938	0.563346	0.549118	0.547472	0.607930	0.628945	0.516422	0.049049	0.419782	0.586907	0.563035	0.607385	0.640324	0.629747	0.305296	0.642045	0.537967	0.591810	0.552962	0.603995	0.615546	0.609183	0.608981	0.236629	0.625938	0.389406	0.598753	0.618690	0.572827	0.575155	0.300000	0.508655	0.416862	0.405839	0.629295	0.571429	0.633394	0.541296	0.635593	0.585662	0.547315	0.547660	0.618337	0.491848	0.537967	0.636538	0.188366	0.563346	0.264399	0.251386	0.500669	0.633437	0.629864	0.633475	0.450425	0.605650	0.623986	0.621302	0.641182	0.629289	0.575904	0.528947	0.573520	0.556962	0.615527	0.633010	0.642659	0.474341	0.597727	0.187392	0.597753	0.621100	0.635697	0.644764	0.642378	0.635930	0.278481	0.417867	0.610315	0.604000	0.403724	0.626601	0.584712	0.571779	0.602992	0.646095	0.635990	0.558363	0.647815	0.619958	0.446043	0.420749	0.565757	0.368816	0.536082	0.397366	0.610245	0.558025	0.615542	0.634146	0.583120	1.000000	0.505308	0.637110	0.638000	0.320988	0.590973	0.631086	0.634497	0.637097	0.627773	0.562728	0.447592	0.331505	0.647887	0.638298	0.593103	0.634458	0.335802	0.656189	0.516383	0.306134	0.608305	0.640468	0.520107	0.632804	0.433065	0.201146	0.142352	0.454310	0.640000	0.487871	0.617391	0.642322	0.620130	0.419682	0.315789	0.638966	0.577617	0.561491	0.615992	0.596288	0.583538	0.555975	0.633727	0.189684	0.598624	0.203822	0.624084	0.524374	0.635202	0.587444	0.641068	0.623155	0.520490	0.516556	0.530401	0.576971	0.519685	0.616783	0.624625	0.484438	0.599099	0.616630	0.634061	0.170908	0.560399	0.630116	0.646330	0.282231	0.484259	0.620915	0.096403	0.610638	0.421808	0.497970	0.629703	0.455250	0.631229	0.510831	0.603248	0.033877	0.626896	0.582249	0.483871	0.536524	0.634855	0.556901	0.602056	0.492877	0.482385	0.608179	0.624035	0.616719	0.493861	0.630593	0.418280	0.613961	0.410451	0.597544	0.603509	0.534031	0.617989	0.417391	0.580874	0.567600	0.622407	0.638215	0.502688	0.577281	0.524246	0.380952	0.613573	0.517060	0.573529	0.368816	0.224422	0.604008	0.405839	0.553885	0.516383	0.638132	0.620408	0.582798	0.447811	0.574140	0.480663	0.553191	0.305189	0.451340	0.425470	0.470914	0.635875	0.615385	0.638140	0.651385	0.598066	0.659150	0.587544	0.635882	0.637708	0.621830	0.584029	0.621242	0.567255	0.233766	0.438746	0.594272	0.621885	0.654344	
0.373107	0.478689	0.545545	0.441395	0.264249	0.561753	0.574536	0.140285	0.482113	0.404243	0.385586	0.590610	0.391851	0.409171	0.466258	0.389486	0.526690	0.295165	0.374622	0.476610	0.619469	0.632012	0.475401	0.369380	0.399289	0.453883	0.588128	0.334369	0.309148	0.615237	0.187965	0.318695	0.374170	0.348093	0.607334	0.363636	0.472527	0.627379	0.254072	0.438404	0.524675	0.586704	0.611445	0.610563	0.388722	0.265372	0.620258	0.587832	0.504823	0.548455	0.381468	0.465966	0.574955	0.426573	0.301648	0.528090	0.338500	0.278741	0.323952	0.437536	0.609668	0.251794	0.533333	0.282051	0.573872	0.605839	0.288633	0.449349	0.308081	0.556650	0.408260	0.390244	0.618113	0.493534	0.413107	0.074858	0.326887	0.597584	0.613493	0.501865	0.340557	0.429066	0.287540	0.614242	0.368708	0.563840	0.431193	0.421666	0.127184	0.594495	0.332795	0.356399	0.519481	0.292994	0.576448	0.509969	0.440836	0.280949	0.514489	0.407342	0.451393	0.280949	0.451831	0.177260	0.554532	0.119298	0.547294	0.366419	0.622301	0.419638	0.171896	0.501345	0.225166	0.246073	0.511454	0.587222	0.361201	0.441143	0.606107	0.643050	0.572581	0.602055	0.124563	0.541072	0.171169	0.618193	0.417156	0.573159	0.427162	0.292994	0.603021	0.597201	0.257477	0.444571	0.506681	0.395018	0.523264	0.466814	0.214524	0.552947	0.535819	0.480527	0.461281	0.474687	0.511435	0.594275	0.556202	0.521385	0.110014	0.398820	0.470391	0.627706	0.424913	0.251794	0.601480	0.545269	0.462921	0.247220	0.567829	0.383923	0.562500	0.596506	0.123249	0.601084	0.589339	0.424985	0.357405	0.577937	0.489752	0.482911	0.589431	0.594474	0.492375	0.546992	0.620274	0.556260	0.323952	0.476615	0.455103	0.610096	0.616427	0.586064	0.568290	0.549172	0.630746	0.498665	0.495690	0.521652	0.517772	0.524987	0.234519	0.519390	0.567742	0.450593	0.595893	0.467920	0.527363	0.569274	0.507028	0.509494	0.617997	0.398810	0.511700	0.417633	0.416178	0.579858	0.318495	0.465738	0.422339	0.609568	0.369605	0.313208	0.563098	0.133705	0.342187	0.611041	0.471373	0.455885	0.596373	0.399050	0.163125	0.209753	0.398810	0.601242	0.364634	0.584615	0.609646	0.458850	0.537170	0.404017	0.149171	0.472950	0.112676	0.403540	0.384615	0.549099	0.476138	0.449515	0.452448	0.593909	0.291906	0.571961	0.577919	0.259740	0.203753	0.508938	0.315525	0.500264	0.465657	0.457429	0.474352	0.344657	0.417006	0.588186	0.338859	0.309148	0.210948	0.539683	0.591964	0.597786	0.400237	0.505083	0.362195	0.334369	0.314465	0.331052	0.415493	0.417493	0.640000	0.116633	0.591558	0.401902	0.336020	0.590674	0.452047	0.562136	0.136300	0.493521	0.296249	0.588745	0.627483	0.369156	0.438215	0.401421	0.421299	0.103326	0.423366	0.583844	0.574364	0.430805	0.338500	0.620116	0.133705	0.267615	0.615247	0.190412	0.518402	0.376584	0.502634	0.307012	0.532389	0.344657	0.301648	0.601504	0.427912	0.250653	0.296249	0.491285	0.396835	0.334369	0.503767	0.496487	0.263124	0.451393	0.513414	0.431034	0.215712	0.391434	0.520735	0.471823	0.515665	0.539427	0.351784	0.277635	0.611910	0.310214	0.511182	0.489595	0.500266	0.233355	0.394988	0.402908	0.402135	0.565826	0.550667	0.457627	0.476346	0.547225	0.123249	0.201342	0.565693	0.461024	0.586038	0.477084	0.574334	0.586974	0.383183	0.481178	0.553403	0.352797	0.537952	0.422325	0.623615	0.201342	0.327091	0.168148	0.295165	0.601303	0.402597	0.331258	0.453213	0.453933	0.594915	0.505308	1.000000	0.544191	0.467706	0.144044	0.585366	0.503219	0.450847	0.456376	0.539493	0.623462	0.215712	0.558117	0.537194	0.553023	0.385354	0.493397	0.567889	0.479603	0.280949	0.544828	0.399526	0.553213	0.261997	0.438828	0.605617	0.427075	0.317573	0.625802	0.489707	0.257477	0.417249	0.496781	0.549310	0.197714	0.141470	0.505588	0.349109	0.324797	0.485351	0.373945	0.602310	0.315525	0.421540	0.081603	0.382494	0.424845	0.443175	0.276527	0.473249	0.405213	0.531595	0.554969	0.613084	0.272083	0.291906	0.595656	0.279846	0.582210	0.571429	0.254072	0.399050	0.565197	0.525502	0.372242	0.323952	0.564323	0.480217	0.502688	0.607578	0.418903	0.221818	0.437788	0.204956	0.254072	0.475083	0.610256	0.534000	0.619202	0.375151	0.081429	0.456022	0.361974	0.259740	0.314465	0.442045	0.347719	0.594069	0.611992	0.252934	0.599481	0.411039	0.550388	0.247220	0.446215	0.597395	0.554156	0.608670	0.587091	0.373107	0.282051	0.435382	0.196501	0.363968	0.341373	0.448864	0.479475	0.259740	0.608226	0.280949	0.174387	0.589286	0.279846	0.336228	0.168148	0.452870	0.591173	0.190412	0.318695	0.280949	0.560308	0.459459	0.589635	0.600883	0.362416	0.236842	0.319749	0.553084	0.219269	0.197714	0.234519	0.423856	0.588342	0.504543	0.477482	0.603387	0.523345	0.365513	0.569674	0.499468	0.407516	0.358410	0.458194	0.595326	0.101983	0.210948	0.356181	0.421175	0.503727	
0.531980	0.625430	0.614476	0.602031	0.437358	0.640835	0.624270	0.073110	0.618593	0.576140	0.566567	0.628642	0.564307	0.577778	0.605146	0.577381	0.637971	0.483444	0.554095	0.601216	0.552107	0.576693	0.619423	0.559184	0.565558	0.271719	0.639108	0.511135	0.504897	0.506916	0.341943	0.502155	0.554995	0.533333	0.590164	0.536485	0.622184	0.576960	0.432681	0.562559	0.630659	0.606061	0.595745	0.464748	0.559441	0.450512	0.595452	0.413286	0.643333	0.419416	0.568273	0.625767	0.479669	0.571429	0.489035	0.620743	0.500528	0.462402	0.508039	0.590103	0.474281	0.438293	0.635874	0.469799	0.651842	0.575699	0.482222	0.603088	0.496732	0.627566	0.586978	0.577340	0.507223	0.638655	0.579099	0.038366	0.522946	0.628533	0.508380	0.632535	0.531085	0.601124	0.476085	0.602588	0.555443	0.597297	0.615955	0.584206	0.237908	0.619551	0.182483	0.539814	0.633836	0.475664	0.630556	0.641935	0.263127	0.470325	0.651806	0.561095	0.600183	0.470325	0.616772	0.093268	0.645669	0.223979	0.613272	0.208766	0.545623	0.574163	0.315000	0.633697	0.400474	0.426914	0.614368	0.625568	0.200416	0.605166	0.584071	0.576903	0.432220	0.542147	0.233290	0.652524	0.089921	0.475391	0.588803	0.654054	0.586566	0.471239	0.487897	0.586569	0.442661	0.602013	0.602490	0.584314	0.356331	0.616462	0.383234	0.643209	0.641399	0.615385	0.628875	0.631939	0.643879	0.624104	0.642346	0.640986	0.207447	0.581147	0.594306	0.556505	0.572243	0.433679	0.569174	0.413687	0.597846	0.431054	0.638054	0.569431	0.418590	0.605592	0.230971	0.608194	0.622990	0.576886	0.539256	0.634456	0.641414	0.594077	0.612040	0.623574	0.629060	0.636431	0.575824	0.375383	0.510182	0.594690	0.617569	0.591912	0.608035	0.627582	0.399521	0.642651	0.546278	0.626346	0.631933	0.639394	0.631665	0.591093	0.413146	0.343527	0.640957	0.595475	0.611214	0.619965	0.647321	0.634615	0.637450	0.632520	0.535323	0.564103	0.639618	0.593573	0.592308	0.456803	0.508073	0.623561	0.586895	0.528627	0.549540	0.508658	0.647966	0.249351	0.528856	0.615114	0.617829	0.271391	0.627566	0.569745	0.300126	0.377858	0.564103	0.471844	0.550308	0.641192	0.580483	0.599278	0.641297	0.572541	0.276215	0.599823	0.212202	0.588921	0.559118	0.357181	0.636128	0.579577	0.617462	0.612485	0.482835	0.632005	0.625407	0.448513	0.368039	0.644013	0.510270	0.636290	0.283789	0.633068	0.619006	0.535152	0.582303	0.620253	0.186265	0.504897	0.377404	0.599845	0.453278	0.609854	0.584555	0.633416	0.542094	0.525981	0.495671	0.516472	0.578035	0.591039	0.556662	0.060416	0.481838	0.559055	0.515312	0.613590	0.603402	0.644189	0.253886	0.634064	0.489526	0.624088	0.591893	0.550459	0.606285	0.557185	0.575264	0.195448	0.600188	0.454172	0.628099	0.595664	0.525871	0.604598	0.249351	0.454030	0.476226	0.346012	0.619741	0.546922	0.625000	0.499455	0.641221	0.530955	0.493421	0.594304	0.604869	0.436490	0.485116	0.617094	0.228242	0.525981	0.317550	0.302378	0.449259	0.598353	0.628340	0.612663	0.387560	0.575369	0.600484	0.615385	0.654176	0.647547	0.535417	0.460674	0.602600	0.506522	0.605611	0.613793	0.629843	0.411281	0.564356	0.227089	0.556863	0.636856	0.644068	0.615942	0.627451	0.644092	0.230971	0.364078	0.629096	0.608850	0.462522	0.616594	0.587563	0.619318	0.564565	0.634105	0.650334	0.530697	0.638396	0.593284	0.498997	0.364078	0.519231	0.308657	0.487859	0.456863	0.577821	0.514894	0.597473	0.621185	0.629280	0.637110	0.544191	1.000000	0.617699	0.267352	0.621447	0.636060	0.615942	0.620321	0.647365	0.599323	0.387560	0.395076	0.643231	0.646450	0.566000	0.635697	0.398220	0.618467	0.465845	0.365907	0.575906	0.636501	0.447489	0.602791	0.490421	0.243365	0.173421	0.506122	0.610169	0.440367	0.592381	0.626043	0.640235	0.358100	0.262887	0.646331	0.543184	0.519786	0.601925	0.568548	0.613197	0.497297	0.603205	0.155951	0.570858	0.246525	0.602765	0.465692	0.631212	0.559687	0.643072	0.653493	0.574415	0.454237	0.478405	0.615741	0.468610	0.637179	0.641587	0.437284	0.567780	0.639355	0.638431	0.207512	0.518757	0.651228	0.642918	0.338269	0.537118	0.582061	0.118080	0.581308	0.370012	0.441887	0.628070	0.515892	0.641679	0.561702	0.558468	0.041804	0.611260	0.539487	0.439359	0.500000	0.612431	0.514644	0.605898	0.555456	0.437788	0.636695	0.580521	0.635193	0.438007	0.608616	0.480826	0.605004	0.471310	0.611529	0.550254	0.476510	0.602791	0.356098	0.530194	0.527865	0.605119	0.618432	0.441648	0.621482	0.472564	0.319202	0.631512	0.466368	0.522199	0.308657	0.270791	0.617628	0.346012	0.510776	0.470325	0.657244	0.598198	0.618483	0.505188	0.538541	0.416862	0.514532	0.364817	0.390942	0.358100	0.415493	0.599434	0.632191	0.634025	0.633815	0.619772	0.645362	0.550459	0.650586	0.638614	0.586307	0.553148	0.620567	0.621545	0.193029	0.379808	0.553719	0.607787	0.648515	
0.589309	0.655391	0.588028	0.640462	0.618182	0.610320	0.578987	0.050055	0.634512	0.619926	0.612036	0.574910	0.611465	0.631579	0.638064	0.607595	0.622345	0.569767	0.594034	0.628081	0.460587	0.487151	0.633514	0.622047	0.624378	0.192283	0.598775	0.582069	0.579173	0.401786	0.447059	0.591549	0.615783	0.598383	0.502884	0.580132	0.630342	0.480519	0.528418	0.605917	0.645533	0.558800	0.523839	0.355972	0.615581	0.544629	0.516438	0.313079	0.629328	0.310838	0.604113	0.645720	0.372436	0.605769	0.585014	0.601490	0.578875	0.561664	0.570629	0.621336	0.373454	0.533128	0.625347	0.559172	0.601147	0.468750	0.571848	0.625142	0.571429	0.617801	0.638718	0.637390	0.400176	0.666667	0.625455	0.026119	0.575800	0.583596	0.396853	0.632427	0.593707	0.632941	0.549192	0.548043	0.598693	0.548336	0.644186	0.617047	0.332724	0.567901	0.127214	0.619493	0.630163	0.583090	0.610475	0.641879	0.185933	0.545185	0.618652	0.611180	0.614857	0.551111	0.617284	0.064067	0.610687	0.314233	0.592864	0.146177	0.451314	0.611850	0.422680	0.650256	0.498403	0.521739	0.632427	0.575964	0.140135	0.632794	0.499119	0.502043	0.321580	0.434185	0.326606	0.604003	0.061734	0.376196	0.628362	0.592710	0.619785	0.536443	0.375103	0.509479	0.538226	0.649143	0.593718	0.615960	0.255820	0.638528	0.492707	0.596841	0.603120	0.651757	0.645445	0.654774	0.625000	0.577069	0.603390	0.629630	0.292135	0.631319	0.620309	0.469280	0.618705	0.545455	0.489602	0.301388	0.618304	0.527132	0.600000	0.595147	0.305221	0.535885	0.323529	0.530693	0.550308	0.615199	0.605333	0.584502	0.641237	0.608602	0.525381	0.566176	0.632353	0.619343	0.511860	0.270382	0.576224	0.625000	0.631463	0.538897	0.522167	0.575214	0.292214	0.611966	0.474576	0.630940	0.631687	0.627949	0.639361	0.586037	0.523659	0.246087	0.584759	0.633596	0.555160	0.634199	0.612789	0.589661	0.621022	0.640316	0.435711	0.620603	0.639076	0.623810	0.637470	0.345324	0.587904	0.645445	0.622754	0.429454	0.612352	0.566572	0.604305	0.347826	0.598639	0.549362	0.644809	0.192040	0.552791	0.632500	0.410435	0.479608	0.605528	0.364946	0.597884	0.579186	0.485876	0.617978	0.582848	0.613103	0.382979	0.629263	0.298507	0.631319	0.610256	0.256468	0.643237	0.621404	0.638298	0.545946	0.563504	0.595408	0.575550	0.518293	0.473684	0.628684	0.585573	0.629080	0.201236	0.641840	0.654467	0.617687	0.631453	0.546053	0.129933	0.573466	0.478827	0.602432	0.344151	0.579439	0.618634	0.637563	0.605820	0.595862	0.583569	0.564315	0.609756	0.623345	0.470650	0.041278	0.367742	0.631579	0.595336	0.584342	0.625139	0.608844	0.353791	0.644628	0.580552	0.556802	0.521794	0.629096	0.638889	0.616149	0.625455	0.275992	0.613018	0.337029	0.556458	0.623962	0.600823	0.540079	0.347826	0.549020	0.368634	0.455611	0.609037	0.589909	0.623274	0.595136	0.635531	0.582313	0.582133	0.512477	0.642353	0.533951	0.577649	0.628151	0.160338	0.595862	0.226471	0.215094	0.555387	0.630857	0.631268	0.619159	0.491909	0.617315	0.620960	0.641469	0.620884	0.607046	0.611860	0.556548	0.533849	0.595442	0.631791	0.628450	0.645226	0.518167	0.618687	0.159496	0.605985	0.577107	0.621598	0.659142	0.640838	0.613675	0.323529	0.468647	0.581040	0.607456	0.351174	0.627832	0.553768	0.526589	0.624840	0.653319	0.625332	0.586810	0.630213	0.618267	0.396484	0.485149	0.579387	0.421416	0.581395	0.344802	0.632099	0.595568	0.602247	0.649554	0.555556	0.638000	0.467706	0.617699	1.000000	0.371429	0.563910	0.636735	0.632054	0.639381	0.611160	0.521236	0.482201	0.285535	0.630920	0.604938	0.611253	0.616452	0.289340	0.632258	0.542222	0.263128	0.612702	0.620939	0.550152	0.616103	0.381271	0.171396	0.120715	0.405914	0.623701	0.535168	0.622596	0.626531	0.611888	0.474295	0.362007	0.633166	0.592194	0.602510	0.629189	0.617571	0.542857	0.591231	0.640569	0.222222	0.602041	0.173714	0.643599	0.557377	0.635091	0.616915	0.625225	0.607173	0.481295	0.542729	0.575182	0.544371	0.554896	0.581222	0.612540	0.534562	0.610000	0.596381	0.633869	0.145269	0.576224	0.623032	0.653486	0.242102	0.436293	0.609639	0.081443	0.626761	0.469622	0.534562	0.646421	0.406082	0.618280	0.465999	0.599483	0.028475	0.639290	0.607662	0.527439	0.569405	0.623288	0.596206	0.580848	0.443013	0.526154	0.570028	0.644689	0.611864	0.524031	0.650630	0.365678	0.590372	0.357227	0.550073	0.620600	0.568047	0.639440	0.471761	0.579710	0.600273	0.630137	0.617179	0.527439	0.533158	0.562963	0.424658	0.582596	0.557864	0.615385	0.417962	0.191597	0.569536	0.452261	0.594366	0.557037	0.613200	0.621076	0.542857	0.398601	0.601325	0.512579	0.582278	0.262295	0.492754	0.464345	0.523659	0.645314	0.577878	0.656535	0.636079	0.580882	0.644131	0.615990	0.608273	0.631791	0.627595	0.623169	0.624176	0.533762	0.272727	0.485342	0.616000	0.639521	0.635815	
0.462651	0.350168	0.265306	0.397661	0.545455	0.269430	0.214212	0.011641	0.358003	0.442516	0.466200	0.199425	0.471132	0.434409	0.373429	0.470320	0.284542	0.529762	0.472554	0.354561	0.130900	0.144645	0.363002	0.468293	0.446903	0.047370	0.218029	0.509383	0.538682	0.110169	0.576132	0.519553	0.465558	0.492308	0.150507	0.481390	0.356164	0.139037	0.561873	0.417850	0.301887	0.227322	0.164687	0.094118	0.450116	0.563107	0.157456	0.081218	0.330159	0.080558	0.464789	0.364273	0.099712	0.420833	0.526316	0.288089	0.482759	0.548287	0.517906	0.411178	0.100289	0.558923	0.285322	0.555556	0.239356	0.138298	0.545455	0.391714	0.540230	0.261965	0.440087	0.449438	0.108221	0.335484	0.435518	0.006018	0.517711	0.227074	0.107438	0.324493	0.506596	0.417671	0.559271	0.197531	0.493947	0.228571	0.401575	0.424116	0.697436	0.220339	0.030512	0.493703	0.301887	0.544910	0.239080	0.310448	0.045684	0.551084	0.284542	0.441501	0.397706	0.551084	0.385900	0.014982	0.251511	0.624339	0.280702	0.035332	0.130900	0.437895	0.634783	0.333868	0.583942	0.602740	0.324493	0.214212	0.033788	0.404669	0.153960	0.152829	0.083736	0.123515	0.590674	0.260979	0.014423	0.101414	0.442060	0.228571	0.422998	0.556886	0.100289	0.155689	0.556291	0.393881	0.327559	0.440000	0.064737	0.363636	0.633962	0.244418	0.259352	0.354344	0.372093	0.346090	0.302326	0.215544	0.251208	0.285714	0.593407	0.422658	0.371841	0.135417	0.419087	0.579125	0.156273	0.077786	0.382353	0.587031	0.251208	0.464037	0.078907	0.187219	0.635417	0.178848	0.187556	0.423480	0.497487	0.207378	0.336570	0.359862	0.169935	0.206349	0.346667	0.268387	0.166400	0.068851	0.506887	0.371429	0.362657	0.195857	0.163522	0.223416	0.075117	0.254279	0.146685	0.326531	0.335484	0.277333	0.320493	0.312782	0.595745	0.062016	0.222698	0.385047	0.197531	0.363636	0.268734	0.234763	0.303650	0.315152	0.121709	0.441441	0.302766	0.426230	0.442553	0.090869	0.540390	0.368515	0.414079	0.118654	0.464548	0.536723	0.242991	0.660000	0.496084	0.182938	0.369449	0.047305	0.183260	0.441964	0.600897	0.590038	0.427928	0.096879	0.460396	0.213552	0.146685	0.379182	0.244994	0.442013	0.641509	0.373429	0.619565	0.435730	0.462617	0.064919	0.354344	0.398453	0.384473	0.184397	0.528529	0.228321	0.215544	0.513158	0.585938	0.312312	0.507042	0.315630	0.049761	0.370766	0.360485	0.496084	0.424116	0.178082	0.031198	0.538682	0.603053	0.290098	0.090513	0.223176	0.445916	0.328594	0.470297	0.504021	0.525424	0.528302	0.435897	0.425887	0.135153	0.009567	0.097744	0.448430	0.525199	0.234498	0.380256	0.252427	0.653465	0.337662	0.534125	0.193669	0.168968	0.476886	0.398438	0.445916	0.431290	0.632768	0.413793	0.088360	0.207378	0.411405	0.519894	0.177778	0.640000	0.559486	0.098021	0.620408	0.312312	0.446556	0.314199	0.512968	0.281081	0.501305	0.532164	0.161115	0.413655	0.594595	0.540059	0.346667	0.038981	0.504021	0.056599	0.053498	0.586319	0.397706	0.312782	0.408730	0.586466	0.453933	0.310912	0.362369	0.292546	0.275497	0.512821	0.556250	0.173478	0.548571	0.323988	0.352542	0.323484	0.597865	0.468182	0.038763	0.440000	0.229581	0.264295	0.389513	0.344942	0.254279	0.593750	0.622047	0.217573	0.371429	0.092650	0.361739	0.250905	0.174790	0.456876	0.348409	0.267696	0.491049	0.286107	0.406375	0.108164	0.590551	0.502732	0.607930	0.547619	0.090711	0.432314	0.502703	0.382900	0.378676	0.185053	0.320988	0.144044	0.267352	0.371429	1.000000	0.212679	0.331210	0.385768	0.373188	0.267696	0.173045	0.601504	0.073188	0.271186	0.265985	0.460465	0.316591	0.074286	0.359862	0.538700	0.066795	0.456763	0.275132	0.568627	0.403960	0.101961	0.041860	0.028877	0.110638	0.334426	0.602649	0.408333	0.328025	0.262626	0.581673	0.640777	0.323484	0.511509	0.531507	0.363002	0.459716	0.175084	0.540845	0.419552	0.583851	0.449074	0.042466	0.400000	0.564263	0.357019	0.451327	0.274406	0.245573	0.144545	0.577778	0.540541	0.179620	0.546584	0.210101	0.233184	0.548495	0.455357	0.226333	0.295035	0.035100	0.523416	0.243275	0.341544	0.060908	0.120930	0.418410	0.019178	0.408000	0.614786	0.561873	0.364912	0.110403	0.272251	0.134628	0.473934	0.006566	0.378871	0.479012	0.552632	0.525424	0.389313	0.481865	0.225597	0.124850	0.570470	0.193309	0.436831	0.251208	0.614334	0.399232	0.097106	0.277704	0.094502	0.202729	0.467470	0.549383	0.407921	0.576000	0.491400	0.514436	0.396947	0.351946	0.552632	0.177626	0.557276	0.603448	0.207171	0.540373	0.500000	0.634361	0.047187	0.206554	0.604082	0.525140	0.557276	0.246154	0.377778	0.186047	0.107438	0.456576	0.605634	0.540390	0.066560	0.609665	0.621514	0.574468	0.423625	0.212897	0.327559	0.342669	0.206349	0.291725	0.491484	0.236095	0.323988	0.428266	0.496241	0.372760	0.172901	0.625000	0.610687	0.502513	0.418219	0.323988	
0.482700	0.586510	0.606178	0.544037	0.378479	0.634241	0.629523	0.093787	0.574389	0.528026	0.505421	0.643133	0.505403	0.527935	0.575735	0.519868	0.614257	0.414105	0.496215	0.575870	0.575668	0.603261	0.564408	0.493220	0.525368	0.338694	0.625290	0.458443	0.430742	0.573363	0.274432	0.437943	0.497061	0.474138	0.613383	0.492754	0.595273	0.608120	0.364827	0.533650	0.605894	0.629080	0.625676	0.540268	0.504580	0.378128	0.627451	0.488742	0.594286	0.486277	0.498328	0.587621	0.546218	0.537600	0.426259	0.609920	0.451613	0.397800	0.441306	0.547600	0.538678	0.361762	0.629753	0.402194	0.640635	0.611258	0.401818	0.551883	0.427549	0.608696	0.527258	0.510288	0.566122	0.601439	0.537409	0.049469	0.455585	0.637011	0.555063	0.612332	0.461271	0.555205	0.405823	0.645091	0.497041	0.638095	0.558685	0.540368	0.188601	0.649942	0.230394	0.473008	0.610007	0.414855	0.630488	0.615278	0.328386	0.400732	0.620919	0.520033	0.572312	0.397072	0.569901	0.119293	0.641202	0.177268	0.619457	0.262581	0.575668	0.536546	0.252000	0.597272	0.325670	0.354049	0.592488	0.626077	0.252382	0.557632	0.609147	0.599718	0.502766	0.594132	0.184839	0.629228	0.115068	0.541652	0.529126	0.636905	0.550517	0.411232	0.554149	0.627730	0.369403	0.555298	0.602135	0.527869	0.431333	0.570790	0.311111	0.631709	0.624682	0.588062	0.579383	0.580598	0.610425	0.621326	0.624531	0.604806	0.163866	0.527258	0.569486	0.607979	0.528754	0.361762	0.601618	0.478513	0.584475	0.355597	0.629537	0.502914	0.490311	0.645401	0.182952	0.641490	0.637573	0.530874	0.481164	0.636210	0.580692	0.586053	0.643932	0.636670	0.594161	0.638188	0.637624	0.453706	0.444837	0.577444	0.575735	0.629913	0.628795	0.638448	0.475841	0.632242	0.616088	0.588486	0.604317	0.621053	0.596195	0.588153	0.338403	0.419011	0.638498	0.560920	0.649479	0.602086	0.625648	0.641304	0.602062	0.601399	0.592981	0.509061	0.617708	0.543720	0.535484	0.517162	0.442870	0.571859	0.533121	0.581054	0.483461	0.435943	0.637146	0.197938	0.463140	0.644992	0.568642	0.338301	0.637270	0.510673	0.239678	0.304559	0.517298	0.545081	0.478705	0.639908	0.616088	0.574924	0.642372	0.533007	0.219959	0.566692	0.167715	0.527258	0.499165	0.438853	0.580693	0.554779	0.570557	0.646997	0.413418	0.610351	0.644380	0.372439	0.296296	0.605850	0.435556	0.611617	0.353131	0.577010	0.564217	0.470078	0.538769	0.621259	0.235041	0.427167	0.306202	0.610625	0.525424	0.635723	0.521668	0.583036	0.482112	0.463692	0.437722	0.455741	0.534733	0.541233	0.616717	0.077647	0.537612	0.506579	0.460331	0.626433	0.561883	0.637390	0.201646	0.604618	0.413731	0.644252	0.629685	0.489416	0.553822	0.521668	0.537409	0.154171	0.551069	0.521127	0.639594	0.551943	0.456844	0.644330	0.197938	0.381129	0.549101	0.277833	0.610028	0.500420	0.608939	0.426141	0.617219	0.464874	0.419065	0.611354	0.544164	0.360225	0.419151	0.597080	0.286276	0.463692	0.391451	0.375268	0.376973	0.556845	0.609059	0.546311	0.312741	0.518519	0.618485	0.587798	0.615800	0.622951	0.465517	0.396330	0.636872	0.435714	0.607649	0.592647	0.600142	0.336822	0.510744	0.284876	0.518033	0.628878	0.619139	0.564417	0.581209	0.630982	0.182952	0.292969	0.638470	0.578947	0.531343	0.579926	0.630394	0.636735	0.508757	0.579371	0.625727	0.472007	0.621242	0.551887	0.566654	0.292969	0.450704	0.246740	0.412297	0.524323	0.527687	0.452632	0.570336	0.564688	0.643083	0.590973	0.585366	0.621447	0.563910	0.212679	1.000000	0.593705	0.569018	0.567322	0.621849	0.619675	0.312741	0.471761	0.629798	0.630155	0.506667	0.601261	0.477871	0.590504	0.397072	0.443357	0.524161	0.605505	0.375465	0.549020	0.552313	0.304583	0.219240	0.564528	0.594203	0.369403	0.532800	0.610873	0.629962	0.287953	0.209016	0.584572	0.475452	0.440529	0.571854	0.498322	0.627171	0.432000	0.537669	0.122449	0.510815	0.308398	0.550973	0.393021	0.571641	0.525368	0.630890	0.614719	0.615663	0.388940	0.411605	0.627593	0.395604	0.647727	0.635379	0.364827	0.513957	0.645352	0.583051	0.261051	0.446602	0.635077	0.600435	0.412903	0.580723	0.546474	0.150482	0.549606	0.297955	0.364827	0.571642	0.571967	0.612777	0.619438	0.500000	0.053874	0.559515	0.480000	0.372439	0.434164	0.559505	0.467128	0.614657	0.582923	0.363296	0.645720	0.533549	0.623279	0.355597	0.560806	0.543269	0.626728	0.540559	0.644766	0.487764	0.400366	0.539608	0.286275	0.494477	0.456994	0.565688	0.592212	0.372439	0.631633	0.398902	0.255489	0.629087	0.393773	0.453752	0.246740	0.337582	0.631401	0.277833	0.441489	0.397072	0.624149	0.570992	0.639831	0.569845	0.473998	0.341556	0.437555	0.441592	0.317613	0.287953	0.338403	0.547185	0.642244	0.599288	0.579521	0.637795	0.602832	0.491109	0.638401	0.597734	0.525465	0.479042	0.584337	0.625443	0.152220	0.306202	0.482877	0.536313	0.597734	
0.613174	0.652860	0.614618	0.636656	0.513736	0.642617	0.585191	0.057305	0.641359	0.626561	0.612485	0.589200	0.611958	0.623729	0.644831	0.601399	0.627281	0.547619	0.605483	0.649351	0.491787	0.525296	0.642497	0.602410	0.600917	0.217834	0.617176	0.595208	0.564369	0.444541	0.416290	0.565553	0.599287	0.585185	0.524972	0.605103	0.657371	0.512526	0.511822	0.615553	0.651037	0.599251	0.558526	0.398479	0.615746	0.521262	0.539920	0.351560	0.657143	0.349101	0.602837	0.641776	0.409417	0.626667	0.561680	0.644483	0.582183	0.539811	0.579821	0.634093	0.416199	0.513250	0.649260	0.559140	0.643910	0.505198	0.544000	0.635121	0.557292	0.640857	0.637088	0.617341	0.439795	0.651923	0.647256	0.029956	0.571792	0.606287	0.436333	0.648445	0.583229	0.616558	0.544726	0.597420	0.612245	0.601504	0.627155	0.625971	0.295935	0.611437	0.144811	0.611995	0.649234	0.562334	0.627907	0.642202	0.210738	0.549125	0.622068	0.597938	0.655355	0.527591	0.636079	0.073271	0.622294	0.279146	0.639104	0.166165	0.487805	0.632402	0.387692	0.646213	0.463977	0.508427	0.654100	0.611071	0.159367	0.640257	0.537549	0.540146	0.360882	0.479087	0.290375	0.632703	0.070615	0.416835	0.625282	0.616541	0.641676	0.549072	0.417803	0.537585	0.509695	0.621421	0.636967	0.604598	0.288467	0.639113	0.464234	0.615264	0.636661	0.655412	0.631256	0.634672	0.626354	0.615162	0.625000	0.634146	0.259136	0.605233	0.640657	0.509202	0.656319	0.507671	0.505997	0.338720	0.643154	0.504909	0.618590	0.620447	0.342932	0.583932	0.287582	0.579912	0.579464	0.637681	0.594132	0.595924	0.633911	0.647295	0.555961	0.600840	0.637255	0.635983	0.554491	0.304563	0.572158	0.636735	0.632549	0.578947	0.556738	0.611399	0.328630	0.621971	0.516866	0.622517	0.636538	0.617094	0.647334	0.634101	0.487179	0.277689	0.599705	0.636649	0.594705	0.629032	0.624791	0.620214	0.624434	0.650000	0.481916	0.622685	0.654020	0.638767	0.617978	0.386120	0.577664	0.625128	0.622370	0.462954	0.605549	0.565891	0.619122	0.309677	0.585305	0.584457	0.655137	0.217563	0.585209	0.615207	0.370140	0.452276	0.625000	0.405921	0.611650	0.601148	0.517954	0.622129	0.606777	0.622577	0.341772	0.661208	0.264901	0.618885	0.596698	0.289183	0.647468	0.642476	0.634755	0.572351	0.560425	0.610068	0.597834	0.516575	0.443787	0.640884	0.565161	0.652456	0.227826	0.638124	0.639920	0.597758	0.621532	0.566751	0.147876	0.559168	0.451613	0.642040	0.385578	0.613905	0.607102	0.657170	0.592233	0.564943	0.571059	0.586599	0.637387	0.616240	0.510465	0.047288	0.408163	0.625866	0.587202	0.616679	0.634953	0.628617	0.315113	0.648649	0.554822	0.578313	0.560872	0.604091	0.628755	0.620848	0.627100	0.244556	0.617744	0.377794	0.588897	0.634468	0.582183	0.576101	0.309677	0.525308	0.410700	0.424060	0.642726	0.608799	0.646950	0.555411	0.644828	0.587796	0.545932	0.537697	0.620915	0.511173	0.544254	0.649020	0.182071	0.564943	0.255922	0.243268	0.519945	0.642630	0.637788	0.634199	0.460641	0.598844	0.659320	0.657948	0.636605	0.643404	0.595062	0.527027	0.570723	0.566234	0.657250	0.649505	0.635936	0.473609	0.630233	0.181127	0.622989	0.606335	0.629660	0.654088	0.639296	0.631664	0.287582	0.439169	0.600291	0.638776	0.390994	0.649246	0.606886	0.568944	0.617197	0.647001	0.631579	0.609125	0.645161	0.620390	0.441315	0.433234	0.572519	0.380216	0.571429	0.386288	0.626424	0.569620	0.630480	0.636929	0.571244	0.631086	0.503219	0.636060	0.636735	0.331210	0.593705	1.000000	0.635220	0.629630	0.618212	0.569667	0.463557	0.321275	0.638585	0.638935	0.618824	0.629526	0.325466	0.655311	0.543742	0.296548	0.631458	0.644558	0.517906	0.629189	0.419512	0.194470	0.137479	0.447826	0.634951	0.512465	0.631111	0.641221	0.623762	0.435171	0.325879	0.647225	0.594328	0.570701	0.644512	0.605701	0.569652	0.557419	0.630077	0.196213	0.593897	0.197067	0.639572	0.533153	0.631896	0.619266	0.624788	0.628256	0.509952	0.519728	0.560425	0.570342	0.525606	0.614184	0.629573	0.517385	0.631336	0.609410	0.631111	0.165143	0.569604	0.630588	0.633625	0.273272	0.472897	0.634744	0.093023	0.636957	0.446086	0.503477	0.650505	0.447049	0.628378	0.507888	0.603325	0.032652	0.625387	0.593939	0.511050	0.568475	0.637712	0.573201	0.606557	0.483221	0.509749	0.596257	0.622322	0.616987	0.488079	0.635494	0.406714	0.634731	0.399847	0.593361	0.608383	0.532258	0.642162	0.432836	0.604595	0.599251	0.625000	0.652819	0.519337	0.559397	0.543742	0.389571	0.594101	0.530997	0.585427	0.380216	0.217067	0.597057	0.415038	0.570694	0.543742	0.626087	0.656250	0.583875	0.437182	0.595383	0.502841	0.572529	0.295628	0.464441	0.432191	0.481481	0.632272	0.601288	0.640758	0.634859	0.595238	0.621359	0.604091	0.631822	0.638418	0.647125	0.605617	0.631902	0.570548	0.241611	0.445748	0.589242	0.611296	0.636535	
0.588394	0.643478	0.583784	0.643623	0.548896	0.617486	0.569005	0.047268	0.617420	0.635324	0.646358	0.560993	0.627141	0.639697	0.629672	0.633508	0.624409	0.589124	0.612081	0.606395	0.436554	0.470522	0.627364	0.627717	0.637532	0.182319	0.581250	0.586552	0.589630	0.387534	0.460457	0.587719	0.618474	0.625698	0.483607	0.595336	0.639560	0.465423	0.528000	0.573871	0.618719	0.554392	0.512272	0.339117	0.605020	0.551181	0.500304	0.297887	0.644351	0.295736	0.625000	0.662207	0.356551	0.612903	0.583832	0.604962	0.577525	0.568779	0.563135	0.636034	0.357500	0.542536	0.636967	0.560000	0.602510	0.455738	0.567073	0.616103	0.590504	0.594643	0.652229	0.640726	0.382562	0.653277	0.633292	0.024648	0.611833	0.574879	0.380195	0.626680	0.601418	0.643204	0.564885	0.545323	0.635995	0.558252	0.669065	0.634449	0.349328	0.566929	0.120398	0.619640	0.634483	0.578788	0.605351	0.632530	0.176266	0.573190	0.624409	0.631579	0.636042	0.567026	0.656647	0.060525	0.608846	0.330097	0.594189	0.138419	0.432376	0.619226	0.438849	0.642782	0.516667	0.530744	0.620476	0.561295	0.132675	0.645238	0.487776	0.480142	0.306050	0.425871	0.342967	0.612645	0.058317	0.360959	0.643939	0.593851	0.642066	0.551515	0.358333	0.498195	0.570064	0.645465	0.609781	0.644330	0.243006	0.643653	0.507614	0.589635	0.611702	0.648412	0.648588	0.645092	0.635108	0.560806	0.599653	0.620493	0.307087	0.652229	0.611364	0.456498	0.623762	0.539326	0.482800	0.286667	0.622989	0.552504	0.590988	0.623514	0.290344	0.541406	0.339768	0.521155	0.550523	0.607721	0.621547	0.576373	0.635593	0.626106	0.529032	0.548726	0.656587	0.615804	0.500000	0.256947	0.583454	0.627540	0.636467	0.531700	0.504380	0.587112	0.277868	0.608392	0.463303	0.639668	0.657505	0.620818	0.644103	0.589304	0.539474	0.233696	0.580952	0.645761	0.552574	0.648107	0.609091	0.574257	0.635015	0.632860	0.419656	0.628571	0.643633	0.651106	0.663317	0.328872	0.604380	0.666667	0.640297	0.411736	0.612245	0.579412	0.609137	0.361217	0.606488	0.534518	0.632171	0.182088	0.540726	0.622739	0.422587	0.504259	0.589610	0.347756	0.589041	0.580000	0.474771	0.634259	0.599149	0.641124	0.397770	0.631937	0.313725	0.652229	0.615385	0.243626	0.657174	0.609727	0.652826	0.532325	0.573596	0.569119	0.573199	0.530159	0.481100	0.618952	0.584435	0.633503	0.190857	0.651635	0.640089	0.612130	0.641884	0.532798	0.122980	0.580741	0.500000	0.584851	0.327744	0.570747	0.639281	0.629823	0.616438	0.629471	0.576471	0.591105	0.622166	0.645963	0.452547	0.038970	0.350448	0.611399	0.597440	0.568838	0.623139	0.603478	0.371212	0.645435	0.576169	0.552857	0.509955	0.613297	0.637232	0.618742	0.620776	0.290258	0.647131	0.320896	0.568849	0.636475	0.608819	0.530749	0.361217	0.555730	0.351307	0.465849	0.618952	0.605087	0.625506	0.579495	0.613508	0.600846	0.589820	0.494743	0.645631	0.549839	0.582202	0.630670	0.151890	0.629471	0.214946	0.204082	0.578199	0.619552	0.627649	0.645783	0.513514	0.638132	0.609045	0.646667	0.634523	0.608696	0.617318	0.578947	0.518033	0.597633	0.617769	0.639738	0.635707	0.530478	0.621410	0.151089	0.600515	0.594156	0.612758	0.639535	0.645856	0.610140	0.339768	0.482759	0.586583	0.638826	0.334500	0.639290	0.562771	0.529024	0.622517	0.650054	0.629193	0.596932	0.626781	0.642512	0.379724	0.496552	0.601156	0.430380	0.586103	0.328370	0.642857	0.591954	0.643519	0.659770	0.546207	0.634497	0.450847	0.615942	0.632054	0.385768	0.569018	0.635220	1.000000	0.656036	0.607434	0.513089	0.506757	0.271465	0.627630	0.610108	0.626984	0.638861	0.275112	0.643805	0.545455	0.250000	0.635779	0.597043	0.566456	0.630566	0.363483	0.162417	0.114225	0.388939	0.643162	0.547771	0.635236	0.658281	0.606440	0.481802	0.383459	0.635707	0.619247	0.604920	0.616240	0.631016	0.532365	0.604993	0.646267	0.234086	0.651715	0.164625	0.639715	0.561240	0.631229	0.604113	0.634686	0.606991	0.469122	0.558502	0.579666	0.541779	0.546296	0.574468	0.596059	0.544000	0.622739	0.583133	0.611057	0.137556	0.600871	0.607959	0.648128	0.229885	0.417400	0.631841	0.076978	0.622276	0.487136	0.537600	0.640625	0.389140	0.618349	0.452165	0.644385	0.026873	0.621714	0.601915	0.526984	0.585294	0.640000	0.601124	0.557692	0.429719	0.560897	0.556348	0.633039	0.599653	0.536349	0.646989	0.348460	0.578605	0.340324	0.548817	0.620783	0.572308	0.625752	0.486111	0.605730	0.611033	0.632941	0.632497	0.536508	0.526386	0.582435	0.444444	0.563910	0.567901	0.601140	0.430380	0.181665	0.552138	0.476357	0.602339	0.554700	0.606319	0.621247	0.545706	0.380195	0.589849	0.514754	0.583942	0.249203	0.497479	0.481802	0.529605	0.658507	0.575595	0.628512	0.640943	0.554723	0.629451	0.629579	0.598177	0.646694	0.627995	0.637241	0.656109	0.524526	0.286853	0.500000	0.629834	0.650185	0.654959	
0.584980	0.643923	0.588652	0.623104	0.530675	0.616487	0.571863	0.049198	0.624865	0.618634	0.631307	0.560923	0.610039	0.615575	0.634850	0.634271	0.621395	0.570588	0.610747	0.644324	0.455251	0.482604	0.643402	0.623342	0.623116	0.189229	0.583975	0.577406	0.582973	0.399642	0.449744	0.595442	0.603922	0.615804	0.493627	0.597055	0.637931	0.475000	0.538103	0.578256	0.636980	0.563940	0.514001	0.350822	0.603871	0.539051	0.506907	0.308434	0.634497	0.306220	0.612987	0.646995	0.367901	0.604369	0.580175	0.619137	0.576976	0.535338	0.579915	0.641420	0.368900	0.546022	0.624418	0.559880	0.606760	0.472944	0.578635	0.619429	0.566474	0.611599	0.627646	0.636248	0.394528	0.628631	0.634027	0.025667	0.585091	0.565079	0.392105	0.623350	0.597510	0.667458	0.570579	0.552613	0.620872	0.551834	0.633803	0.620606	0.337662	0.568323	0.125122	0.604588	0.623427	0.554572	0.591433	0.635108	0.182969	0.569715	0.632558	0.604768	0.606690	0.548726	0.636467	0.062979	0.609735	0.318949	0.606452	0.143797	0.445939	0.632479	0.428571	0.632885	0.501618	0.531447	0.625381	0.571863	0.137846	0.643357	0.497935	0.491496	0.316832	0.437870	0.331471	0.617003	0.060684	0.371608	0.639506	0.593301	0.630566	0.542773	0.370554	0.502381	0.544892	0.634371	0.604699	0.624685	0.251898	0.648472	0.502463	0.609205	0.628272	0.640172	0.655592	0.651852	0.625969	0.576012	0.598976	0.628731	0.296578	0.640100	0.603563	0.458511	0.595642	0.533541	0.497910	0.296885	0.623874	0.536892	0.605802	0.621935	0.300671	0.540206	0.328358	0.542800	0.549209	0.604141	0.619946	0.573125	0.638254	0.605206	0.528061	0.563609	0.637712	0.607685	0.505646	0.266270	0.582744	0.610619	0.652608	0.524893	0.518564	0.577255	0.287825	0.607573	0.467650	0.646279	0.643154	0.627057	0.628399	0.584737	0.523962	0.242293	0.599374	0.625711	0.559771	0.635371	0.624329	0.590244	0.627794	0.627490	0.430589	0.621827	0.624636	0.641827	0.631450	0.340296	0.594595	0.646733	0.633615	0.423462	0.597610	0.584527	0.608333	0.352941	0.605227	0.544227	0.630650	0.188990	0.549020	0.606061	0.419753	0.492562	0.614213	0.359695	0.593583	0.576631	0.481271	0.625850	0.603521	0.626717	0.388489	0.617092	0.303030	0.630137	0.595855	0.252537	0.650913	0.596980	0.650847	0.533967	0.579025	0.584861	0.580596	0.533951	0.466667	0.655446	0.589413	0.636092	0.198055	0.656354	0.631922	0.599725	0.637576	0.544974	0.127799	0.580087	0.485149	0.588124	0.339137	0.570533	0.639900	0.638690	0.604278	0.602510	0.598854	0.573427	0.610837	0.622114	0.463091	0.040569	0.362460	0.597468	0.593620	0.580016	0.641975	0.619863	0.355311	0.643750	0.581498	0.557123	0.518095	0.622517	0.647196	0.612296	0.609547	0.280230	0.649940	0.332098	0.571641	0.632335	0.590846	0.536328	0.352941	0.561832	0.363341	0.451613	0.607921	0.593464	0.634195	0.590449	0.632841	0.588721	0.577259	0.505199	0.646081	0.543750	0.566814	0.627119	0.157746	0.602510	0.222941	0.211720	0.556068	0.632065	0.616452	0.634434	0.504918	0.628644	0.610069	0.625272	0.648341	0.620564	0.602180	0.563253	0.528840	0.585014	0.604462	0.620985	0.632219	0.521600	0.632653	0.156918	0.591940	0.587200	0.615385	0.653759	0.654699	0.614458	0.328358	0.461538	0.584615	0.632743	0.346080	0.628945	0.543905	0.534550	0.639069	0.658874	0.608385	0.579592	0.619981	0.638298	0.393472	0.478261	0.583099	0.427320	0.567647	0.339780	0.645885	0.588235	0.623583	0.637387	0.550409	0.637097	0.456376	0.620321	0.639381	0.373188	0.567322	0.629630	0.656036	1.000000	0.624442	0.523933	0.495082	0.281230	0.626463	0.611012	0.622739	0.637363	0.284987	0.633406	0.554723	0.259109	0.628931	0.609091	0.550769	0.638398	0.375839	0.168643	0.118723	0.399281	0.645702	0.532508	0.638350	0.635802	0.612676	0.470588	0.367273	0.634245	0.604082	0.603667	0.610687	0.624021	0.543081	0.580830	0.646707	0.225743	0.618557	0.170927	0.640279	0.570136	0.647123	0.608040	0.626134	0.617968	0.481211	0.552352	0.558346	0.541944	0.552553	0.580210	0.601942	0.513219	0.616162	0.600158	0.621544	0.142903	0.585573	0.612177	0.646380	0.238361	0.431202	0.625304	0.080071	0.609005	0.479201	0.531882	0.645514	0.401257	0.615523	0.463737	0.626632	0.027983	0.647256	0.616822	0.515432	0.584527	0.642857	0.580822	0.578199	0.440796	0.523364	0.570423	0.636252	0.602389	0.527473	0.640462	0.360418	0.585544	0.352063	0.556204	0.629776	0.568862	0.631331	0.471380	0.591212	0.604138	0.642857	0.633155	0.530864	0.533333	0.569715	0.427083	0.574184	0.543544	0.602778	0.416813	0.188552	0.558105	0.455008	0.601140	0.581709	0.608915	0.633484	0.555404	0.392982	0.589023	0.519108	0.600284	0.258288	0.489396	0.467227	0.523962	0.641916	0.581378	0.633299	0.651945	0.562130	0.635762	0.619868	0.607347	0.908722	0.641184	0.611036	0.649667	0.537815	0.276923	0.478548	0.622642	0.631197	0.628803	
0.548780	0.612210	0.613452	0.597043	0.446978	0.627890	0.646753	0.073005	0.622609	0.572816	0.561122	0.617866	0.550898	0.580271	0.600355	0.577954	0.649231	0.483978	0.554656	0.606957	0.548656	0.585949	0.616462	0.565884	0.570029	0.271371	0.635588	0.509554	0.496732	0.506309	0.342365	0.515642	0.567677	0.548488	0.589441	0.520576	0.620989	0.571429	0.433180	0.557439	0.634340	0.601078	0.605895	0.464915	0.544000	0.444191	0.594709	0.417891	0.627189	0.422088	0.566834	0.615789	0.478343	0.579600	0.493963	0.625871	0.503171	0.469663	0.497854	0.596262	0.467650	0.434180	0.644068	0.470325	0.645341	0.569223	0.484983	0.610909	0.495093	0.638298	0.577821	0.579882	0.503412	0.630782	0.577735	0.038310	0.514957	0.619529	0.505389	0.629752	0.521097	0.597938	0.476615	0.602959	0.556008	0.611224	0.605385	0.588571	0.238220	0.608063	0.182237	0.540373	0.627981	0.471761	0.643502	0.644068	0.262788	0.470852	0.655385	0.579256	0.595238	0.473094	0.606498	0.093136	0.627507	0.224274	0.624427	0.208488	0.543095	0.572797	0.315394	0.615772	0.403321	0.432056	0.623140	0.632468	0.200149	0.605725	0.588542	0.586528	0.435637	0.537062	0.233596	0.635432	0.089793	0.479389	0.577778	0.636917	0.585227	0.473976	0.488838	0.587927	0.447761	0.609890	0.593023	0.580962	0.355896	0.613497	0.386091	0.646479	0.641867	0.622837	0.624113	0.634188	0.641209	0.624511	0.641374	0.649190	0.207723	0.579767	0.587711	0.561520	0.572788	0.436490	0.577895	0.411348	0.601977	0.433875	0.635648	0.570000	0.418721	0.600000	0.231275	0.599307	0.616210	0.579350	0.552223	0.637405	0.635215	0.608544	0.605689	0.620165	0.626176	0.641369	0.588235	0.374930	0.512876	0.598760	0.616341	0.584917	0.593156	0.632000	0.399041	0.654650	0.547559	0.636816	0.635828	0.647460	0.628900	0.580227	0.415981	0.343105	0.656021	0.603261	0.610358	0.609991	0.635890	0.636426	0.633174	0.637917	0.534680	0.582428	0.635350	0.584674	0.583253	0.456963	0.506466	0.627660	0.589354	0.529716	0.546012	0.500542	0.654035	0.249675	0.523109	0.616647	0.613074	0.271043	0.625587	0.578171	0.300505	0.375904	0.546890	0.471281	0.524152	0.627349	0.577755	0.603433	0.626234	0.582846	0.276569	0.600355	0.212483	0.593385	0.547643	0.356745	0.622837	0.572744	0.609009	0.603418	0.483370	0.644595	0.628422	0.439863	0.366061	0.631579	0.508658	0.631922	0.283428	0.623009	0.626527	0.527311	0.588571	0.614853	0.186014	0.490196	0.380265	0.603421	0.454133	0.615590	0.589041	0.628952	0.546763	0.526539	0.500542	0.508511	0.582449	0.589695	0.561670	0.060329	0.482017	0.563547	0.534884	0.600275	0.605735	0.654702	0.254215	0.639662	0.479029	0.623250	0.598889	0.538776	0.603145	0.559687	0.570058	0.195710	0.606403	0.450907	0.615776	0.579245	0.528541	0.601495	0.249675	0.450000	0.477889	0.346437	0.623482	0.539394	0.628757	0.502183	0.649351	0.537815	0.496158	0.590323	0.601687	0.434682	0.476821	0.629598	0.227942	0.526539	0.317154	0.301997	0.456621	0.584249	0.628849	0.602050	0.385629	0.573964	0.615509	0.612423	0.640625	0.632931	0.542231	0.467942	0.616516	0.504897	0.607762	0.607420	0.632013	0.411765	0.553023	0.226790	0.553484	0.629153	0.644543	0.616500	0.633106	0.641673	0.231275	0.364520	0.634754	0.604074	0.461976	0.611888	0.597997	0.610574	0.565130	0.641509	0.640416	0.531250	0.640432	0.601307	0.502408	0.364520	0.521925	0.309045	0.488398	0.460517	0.582278	0.517572	0.608853	0.612758	0.615475	0.627773	0.539493	0.647365	0.611160	0.267696	0.621849	0.618212	0.607434	0.624442	1.000000	0.595144	0.385629	0.394019	0.645210	0.639526	0.558559	0.634584	0.397150	0.629468	0.459641	0.365463	0.570588	0.640000	0.452571	0.601490	0.494442	0.243048	0.173186	0.512046	0.631043	0.445465	0.589133	0.631579	0.637766	0.358537	0.263226	0.636964	0.531250	0.507495	0.602452	0.567104	0.608993	0.504329	0.605660	0.156164	0.565435	0.246204	0.594096	0.475225	0.635253	0.554358	0.631500	0.651130	0.574701	0.459276	0.474501	0.612623	0.475870	0.633740	0.635181	0.437788	0.570305	0.634409	0.646782	0.207236	0.508584	0.647472	0.629881	0.337851	0.539100	0.592168	0.117915	0.576239	0.368039	0.437788	0.618086	0.510395	0.645161	0.563860	0.563068	0.041743	0.610018	0.544148	0.439863	0.496208	0.609332	0.531937	0.614353	0.546756	0.440600	0.628571	0.581081	0.639943	0.426914	0.594495	0.481741	0.608498	0.472202	0.609404	0.544715	0.483763	0.607076	0.356532	0.524590	0.538947	0.596523	0.615517	0.444444	0.605747	0.473094	0.319600	0.631914	0.475870	0.531217	0.309045	0.270444	0.618020	0.346437	0.502697	0.468610	0.666195	0.598738	0.621221	0.507784	0.541152	0.417351	0.508621	0.364375	0.393795	0.356098	0.415981	0.596226	0.630013	0.632890	0.629252	0.621433	0.656786	0.553061	0.640000	0.635838	0.579151	0.543388	0.624667	0.612867	0.193289	0.380265	0.541882	0.598859	0.637490	
0.435770	0.542821	0.605174	0.500332	0.313364	0.609287	0.607634	0.116425	0.549841	0.471478	0.444132	0.632302	0.449895	0.478410	0.533849	0.452514	0.575072	0.348872	0.438783	0.544762	0.621758	0.637336	0.551372	0.430199	0.460581	0.404085	0.631417	0.393563	0.364855	0.610687	0.224737	0.375740	0.440989	0.407514	0.627946	0.423765	0.547529	0.638554	0.301624	0.501681	0.583482	0.631744	0.641560	0.588015	0.451930	0.314658	0.633261	0.550774	0.556650	0.524609	0.446479	0.523962	0.561688	0.487110	0.356287	0.586247	0.396791	0.330038	0.381724	0.507023	0.593872	0.298993	0.585026	0.333839	0.628019	0.614091	0.341390	0.518033	0.363636	0.612975	0.466621	0.454482	0.600823	0.556382	0.478528	0.061757	0.385011	0.643979	0.605461	0.560245	0.400583	0.487936	0.340136	0.641915	0.434968	0.628151	0.491345	0.486780	0.153070	0.636739	0.281142	0.418404	0.582294	0.346386	0.622318	0.561298	0.391563	0.332574	0.576232	0.458880	0.516809	0.332574	0.520548	0.147610	0.601867	0.143702	0.604035	0.318558	0.624855	0.487406	0.205882	0.566481	0.268139	0.292379	0.567584	0.627990	0.307133	0.507958	0.626866	0.657325	0.540541	0.602689	0.149958	0.601898	0.142459	0.598358	0.476712	0.614496	0.494261	0.346386	0.588005	0.624034	0.305556	0.511536	0.568447	0.465374	0.486332	0.538953	0.255759	0.615718	0.590200	0.545225	0.520283	0.547962	0.570749	0.879020	0.612514	0.579559	0.132653	0.463868	0.534884	0.634783	0.490515	0.298993	0.588387	0.528899	0.527958	0.293706	0.616905	0.447719	0.535537	0.638480	0.148398	0.649050	0.627675	0.481305	0.419540	0.613921	0.550868	0.545802	0.613165	0.641359	0.547051	0.596947	0.652406	0.514570	0.381724	0.539254	0.517086	0.652724	0.644307	0.618182	0.533085	0.596026	0.640133	0.560392	0.552664	0.566514	0.562386	0.585895	0.278997	0.477461	0.619295	0.519294	0.638984	0.532567	0.597285	0.621277	0.569387	0.571947	0.634110	0.461752	0.572278	0.488529	0.475410	0.559854	0.375462	0.521571	0.488829	0.601383	0.431932	0.370920	0.601081	0.160804	0.402324	0.644768	0.530507	0.401410	0.635040	0.459085	0.195563	0.250199	0.467316	0.583254	0.426323	0.610772	0.616086	0.515666	0.580575	0.461751	0.179104	0.537718	0.135823	0.472127	0.448664	0.501667	0.542694	0.518862	0.521173	0.631480	0.345139	0.622572	0.616641	0.308166	0.243200	0.573494	0.372128	0.566243	0.413220	0.523473	0.538511	0.402324	0.482712	0.619796	0.286647	0.364855	0.251592	0.607832	0.574727	0.636552	0.464409	0.574063	0.427754	0.389173	0.370920	0.391209	0.481532	0.477936	0.645874	0.096587	0.574632	0.463889	0.396791	0.632642	0.529526	0.599560	0.163880	0.551553	0.350113	0.617021	0.657079	0.431317	0.504648	0.464409	0.478528	0.124680	0.485541	0.560335	0.613921	0.491582	0.395332	0.637708	0.160804	0.317241	0.593710	0.227603	0.578313	0.443816	0.571256	0.362416	0.590542	0.400871	0.356287	0.621444	0.491957	0.297674	0.350113	0.548306	0.346288	0.389173	0.458771	0.444490	0.312068	0.516809	0.578662	0.492657	0.257143	0.454482	0.595310	0.538265	0.581818	0.607204	0.408960	0.328767	0.640219	0.366071	0.584352	0.553030	0.560782	0.277647	0.457462	0.345283	0.468144	0.617895	0.598540	0.510471	0.547276	0.611479	0.148398	0.240385	0.609231	0.536680	0.568077	0.544296	0.607789	0.630037	0.438510	0.543055	0.608696	0.412996	0.598489	0.493316	0.612959	0.240385	0.383824	0.201474	0.348872	0.572559	0.466942	0.390029	0.519582	0.511053	0.615675	0.562728	0.623462	0.599323	0.521236	0.173045	0.619675	0.569667	0.513089	0.523933	0.595144	1.000000	0.257143	0.523983	0.597388	0.619369	0.453652	0.551181	0.531365	0.545802	0.332574	0.503408	0.469204	0.609143	0.310769	0.503002	0.585366	0.368271	0.267903	0.617258	0.544888	0.305556	0.484396	0.541307	0.594625	0.236145	0.170000	0.566891	0.410108	0.384106	0.544990	0.442090	0.631531	0.372128	0.491582	0.098701	0.443198	0.372030	0.502319	0.327494	0.535964	0.473029	0.585616	0.610538	0.616523	0.322383	0.345139	0.628253	0.331307	0.622984	0.628844	0.301624	0.461859	0.616832	0.586227	0.317341	0.381724	0.613304	0.536494	0.467680	0.615328	0.480978	0.185473	0.500669	0.244604	0.301624	0.537084	0.601807	0.608646	0.632532	0.436441	0.067218	0.526248	0.427448	0.308166	0.370920	0.507246	0.405797	0.634656	0.614286	0.300310	0.635749	0.475017	0.598244	0.293706	0.504290	0.580357	0.605852	0.589045	0.641584	0.434351	0.333839	0.500334	0.234727	0.426838	0.400000	0.507246	0.543849	0.308166	0.636490	0.332574	0.208809	0.635636	0.331307	0.395620	0.201474	0.401703	0.624688	0.227603	0.375740	0.332574	0.614464	0.528031	0.642992	0.597270	0.420902	0.281690	0.376940	0.505462	0.261283	0.236145	0.278997	0.491582	0.619990	0.563536	0.542161	0.631369	0.583480	0.431317	0.622933	0.558680	0.473648	0.419239	0.516753	0.630860	0.123077	0.251592	0.416667	0.475288	0.562347	
0.553911	0.478528	0.375297	0.500876	0.612022	0.390361	0.314869	0.018074	0.485133	0.551060	0.570842	0.294278	0.566191	0.543021	0.497561	0.532258	0.405577	0.609137	0.582809	0.478873	0.196721	0.216578	0.481775	0.585470	0.568627	0.072825	0.320158	0.621810	0.599509	0.166495	0.631229	0.600962	0.559499	0.553571	0.225000	0.590022	0.485981	0.208494	0.649860	0.540835	0.431058	0.332991	0.245269	0.142857	0.552147	0.637602	0.234953	0.123711	0.456395	0.122727	0.566116	0.480127	0.151119	0.527881	0.620000	0.405128	0.602299	0.627968	0.608076	0.536673	0.151970	0.608451	0.406607	0.628272	0.349515	0.207426	0.572165	0.519525	0.605911	0.380282	0.560928	0.536779	0.163636	0.463127	0.564972	0.009358	0.607059	0.332649	0.162487	0.443491	0.590389	0.514388	0.645995	0.291629	0.585987	0.334711	0.501767	0.545455	0.600791	0.323353	0.047127	0.584615	0.433735	0.632653	0.349138	0.436813	0.070267	0.650919	0.403042	0.540117	0.516351	0.608924	0.505863	0.023241	0.366102	0.591093	0.405507	0.054500	0.196721	0.555347	0.611111	0.461087	0.584337	0.674286	0.452074	0.314869	0.052140	0.517483	0.229950	0.228330	0.127459	0.185993	0.541833	0.378947	0.022377	0.153627	0.541985	0.334711	0.550459	0.602041	0.151970	0.232425	0.600000	0.512909	0.453102	0.531496	0.099052	0.485714	0.637771	0.356436	0.376744	0.471318	0.470016	0.461305	0.426273	0.316716	0.365688	0.404580	0.575000	0.514507	0.490196	0.203262	0.544444	0.619718	0.233261	0.118594	0.508306	0.626781	0.365688	0.568507	0.120267	0.277160	0.592000	0.265356	0.277635	0.557009	0.583333	0.305372	0.452663	0.477987	0.252730	0.303940	0.477204	0.388956	0.247706	0.105229	0.617577	0.498382	0.478049	0.289286	0.243609	0.327604	0.114609	0.367580	0.219512	0.440288	0.469027	0.396040	0.452617	0.439834	0.617647	0.094959	0.326613	0.495784	0.291629	0.473016	0.384615	0.343220	0.422611	0.442897	0.183362	0.545817	0.426846	0.520147	0.549242	0.138049	0.618705	0.476499	0.524954	0.178907	0.586724	0.616505	0.354486	0.565891	0.585034	0.271130	0.495974	0.072727	0.271584	0.545455	0.576512	0.639498	0.565737	0.146939	0.580087	0.313953	0.219512	0.503356	0.355017	0.539806	0.629630	0.500813	0.553719	0.549323	0.576132	0.099326	0.468217	0.514783	0.510851	0.273187	0.618926	0.334365	0.316716	0.624309	0.649682	0.441989	0.581114	0.435146	0.076451	0.487884	0.478740	0.598639	0.538033	0.264274	0.048178	0.614251	0.631250	0.410323	0.137521	0.327273	0.547945	0.460203	0.571429	0.584687	0.621359	0.606061	0.543726	0.517691	0.202880	0.014862	0.148216	0.563492	0.574713	0.342857	0.492562	0.367347	0.607692	0.462908	0.592405	0.286219	0.251358	0.579957	0.519298	0.563601	0.549906	0.536170	0.500907	0.134328	0.305372	0.535519	0.593103	0.263844	0.589147	0.623306	0.148624	0.646865	0.439227	0.584551	0.441667	0.582716	0.403509	0.589569	0.600000	0.240178	0.521583	0.661017	0.587342	0.468085	0.060067	0.584687	0.086793	0.082108	0.619178	0.512909	0.434302	0.494662	0.623457	0.536779	0.431912	0.490506	0.416125	0.396064	0.584821	0.613757	0.257757	0.612745	0.460000	0.484568	0.445078	0.607670	0.574297	0.059735	0.562992	0.336100	0.383432	0.516892	0.459909	0.367580	0.616000	0.653846	0.319527	0.495146	0.140686	0.486572	0.363021	0.259615	0.554415	0.464122	0.388024	0.596882	0.410191	0.510714	0.163554	0.634615	0.594340	0.624561	0.609137	0.137814	0.546512	0.607477	0.503356	0.495017	0.274112	0.447592	0.215712	0.387560	0.482201	0.601504	0.312741	0.463557	0.506757	0.495082	0.385629	0.257143	1.000000	0.111724	0.392727	0.385714	0.581967	0.433566	0.113366	0.484277	0.640420	0.102144	0.557957	0.395577	0.604396	0.511545	0.154433	0.064452	0.044622	0.167183	0.461078	0.638889	0.531599	0.437318	0.378824	0.608414	0.598485	0.447932	0.592428	0.609929	0.488114	0.566667	0.260032	0.615012	0.524590	0.493151	0.538776	0.065375	0.513089	0.625995	0.466142	0.556863	0.392157	0.358011	0.216433	0.627346	0.629156	0.266447	0.578947	0.309160	0.341053	0.627451	0.557312	0.331627	0.411533	0.054144	0.612827	0.354874	0.464768	0.093291	0.182227	0.518657	0.029714	0.534050	0.679365	0.638655	0.484076	0.166838	0.394161	0.202121	0.545833	0.010210	0.490939	0.565875	0.629834	0.626214	0.508591	0.572072	0.330612	0.187935	0.623596	0.285714	0.537143	0.363431	0.603989	0.518135	0.147273	0.401487	0.143426	0.298893	0.566596	0.602094	0.525755	0.590909	0.580645	0.592255	0.515464	0.480740	0.640884	0.263629	0.624672	0.600000	0.305085	0.589474	0.576037	0.645614	0.072548	0.304225	0.587459	0.586538	0.624672	0.358804	0.494983	0.275510	0.162487	0.577007	0.678363	0.623501	0.101791	0.617737	0.634304	0.641176	0.535519	0.313043	0.450216	0.457143	0.303940	0.417639	0.562900	0.345048	0.448571	0.556190	0.590810	0.487013	0.256939	0.547009	0.581250	0.578947	0.502773	0.448571	
0.204001	0.303594	0.397308	0.259930	0.138681	0.391662	0.467129	0.267096	0.296734	0.230695	0.212210	0.491705	0.214542	0.232978	0.283924	0.217448	0.372660	0.156229	0.206354	0.296734	0.591049	0.572692	0.292485	0.201051	0.225535	0.589324	0.461538	0.178916	0.164264	0.621849	0.096628	0.169786	0.207529	0.189153	0.568227	0.196905	0.298322	0.584019	0.132970	0.248801	0.352091	0.445759	0.542982	0.626755	0.213377	0.139314	0.554741	0.630221	0.322304	0.636120	0.210458	0.291420	0.635169	0.241490	0.159946	0.368296	0.181335	0.146870	0.172840	0.253270	0.615123	0.131696	0.371692	0.148749	0.432772	0.587724	0.152497	0.269826	0.163649	0.400817	0.229551	0.221500	0.622476	0.317148	0.237528	0.147208	0.175275	0.448451	0.618381	0.327939	0.182542	0.251596	0.151873	0.490372	0.202822	0.445260	0.257161	0.242055	0.064334	0.457239	0.522696	0.193336	0.352091	0.154987	0.430936	0.342615	0.596633	0.148123	0.372660	0.226109	0.265442	0.148123	0.274188	0.331537	0.416643	0.060220	0.377481	0.552517	0.581577	0.238662	0.087989	0.318698	0.116919	0.128503	0.327939	0.470458	0.545620	0.260483	0.561104	0.553692	0.645174	0.604910	0.062964	0.403964	0.321079	0.620704	0.233548	0.448081	0.245434	0.154987	0.628717	0.558186	0.134877	0.265442	0.324870	0.224384	0.648196	0.291953	0.111073	0.425825	0.405704	0.299907	0.284998	0.307264	0.351595	0.464573	0.416522	0.371208	0.055398	0.229551	0.282309	0.582254	0.242619	0.131696	0.557881	0.639789	0.276904	0.129142	0.415945	0.213377	0.652751	0.508411	0.062279	0.524098	0.510286	0.239794	0.193931	0.478966	0.316113	0.295143	0.537584	0.480505	0.306741	0.393664	0.538620	0.634129	0.172840	0.285535	0.283924	0.490260	0.544291	0.456662	0.631871	0.413094	0.559724	0.325894	0.317148	0.381797	0.332013	0.340103	0.122085	0.643955	0.456278	0.272010	0.493626	0.291953	0.393192	0.439773	0.350105	0.337583	0.605572	0.220923	0.351099	0.245996	0.235825	0.638229	0.170398	0.284998	0.243183	0.612719	0.200460	0.167336	0.428653	0.067749	0.184952	0.514452	0.287144	0.601337	0.513664	0.223232	0.083304	0.108463	0.220923	0.634595	0.197498	0.471729	0.574038	0.273644	0.426069	0.228405	0.075896	0.283924	0.056778	0.229551	0.211626	0.652278	0.299907	0.262139	0.275276	0.515683	0.154365	0.446262	0.465685	0.136147	0.105190	0.340606	0.167949	0.337079	0.607279	0.286072	0.294612	0.184952	0.242055	0.527091	0.529190	0.164264	0.109116	0.365861	0.634631	0.454291	0.226109	0.323845	0.197498	0.178916	0.167336	0.177704	0.234687	0.240925	0.579919	0.224647	0.636707	0.222078	0.181335	0.437376	0.278529	0.415269	0.069111	0.315077	0.156850	0.504854	0.530918	0.201642	0.259377	0.226109	0.237528	0.051939	0.248801	0.646752	0.480066	0.247680	0.181335	0.522082	0.067749	0.140577	0.629941	0.097951	0.340606	0.207529	0.338592	0.163033	0.377001	0.184952	0.159946	0.550318	0.251596	0.131058	0.156850	0.306741	0.569887	0.178916	0.617214	0.628028	0.138048	0.265442	0.340103	0.254939	0.111724	0.221500	0.342113	0.293017	0.362930	0.384184	0.189153	0.146242	0.527002	0.164879	0.328449	0.301489	0.328959	0.121441	0.218608	0.589250	0.224384	0.445198	0.399298	0.271465	0.308310	0.412514	0.062279	0.103878	0.464067	0.285535	0.645624	0.293549	0.417557	0.531381	0.212210	0.305169	0.394606	0.189752	0.370723	0.253827	0.619706	0.103878	0.174667	0.085984	0.156229	0.637305	0.228978	0.177097	0.273644	0.276904	0.512507	0.331505	0.558117	0.395076	0.285535	0.073188	0.471761	0.321275	0.271465	0.281230	0.394019	0.523983	0.111724	1.000000	0.389885	0.396956	0.212794	0.336068	0.641884	0.295143	0.148123	0.646834	0.224959	0.384661	0.137415	0.255495	0.632435	0.585032	0.514588	0.615419	0.311961	0.134877	0.241490	0.321275	0.401051	0.101906	0.071831	0.328959	0.189752	0.174058	0.292485	0.208115	0.526426	0.167949	0.247680	0.040787	0.213960	0.586830	0.261035	0.145615	0.294612	0.225535	0.385613	0.424016	0.574515	0.143099	0.154365	0.520570	0.147497	0.478477	0.441293	0.132970	0.223232	0.450887	0.359988	0.553505	0.172840	0.428203	0.311440	0.637791	0.610014	0.240360	0.403709	0.252712	0.105846	0.132970	0.290886	0.617530	0.388464	0.590093	0.208115	0.159604	0.279610	0.198091	0.136147	0.167336	0.265991	0.186755	0.448819	0.600465	0.132333	0.499191	0.234118	0.417678	0.129142	0.264342	0.636935	0.380727	0.637022	0.486339	0.204001	0.148749	0.255495	0.101248	0.199277	0.183748	0.265991	0.302016	0.136147	0.521945	0.148123	0.089323	0.479384	0.147497	0.180731	0.085984	0.612326	0.479539	0.097951	0.169786	0.148123	0.423685	0.274732	0.510661	0.629322	0.196905	0.123372	0.170398	0.637263	0.113676	0.101906	0.122085	0.247680	0.469676	0.324870	0.310398	0.479407	0.363908	0.201642	0.436984	0.328449	0.234118	0.194527	0.284461	0.531144	0.051246	0.109116	0.193931	0.243183	0.328449	
0.544148	0.636600	0.634401	0.615672	0.459054	0.649136	0.627451	0.071960	0.617544	0.580392	0.570850	0.642946	0.570565	0.591797	0.618280	0.579739	0.646512	0.496089	0.566462	0.624561	0.549348	0.570856	0.625442	0.567595	0.595450	0.267879	0.634501	0.521459	0.506608	0.504291	0.346633	0.514722	0.563265	0.539515	0.578053	0.544699	0.631671	0.578102	0.445221	0.568441	0.649038	0.614654	0.604830	0.463705	0.567677	0.456221	0.593617	0.411538	0.635828	0.413244	0.572589	0.637168	0.474102	0.598653	0.503885	0.633880	0.527778	0.472727	0.522777	0.611321	0.473984	0.446262	0.653727	0.482446	0.647059	0.562288	0.481440	0.614679	0.498346	0.641537	0.581532	0.585657	0.503023	0.646310	0.604651	0.037752	0.522678	0.631864	0.499399	0.638333	0.528785	0.611164	0.484234	0.621588	0.555556	0.623553	0.616682	0.600000	0.241379	0.638723	0.179772	0.554393	0.637821	0.488242	0.631211	0.649308	0.259390	0.478458	0.643411	0.584980	0.608133	0.476190	0.617486	0.091816	0.643579	0.227273	0.638462	0.205709	0.530726	0.591876	0.319392	0.646362	0.403361	0.432432	0.643333	0.632680	0.197468	0.609506	0.586387	0.579167	0.429182	0.531431	0.236702	0.647493	0.088518	0.480460	0.593171	0.639891	0.611855	0.479283	0.484618	0.594195	0.450639	0.602588	0.608040	0.584737	0.351538	0.631300	0.390777	0.655319	0.653931	0.636998	0.631485	0.636207	0.638332	0.628609	0.657534	0.644911	0.210526	0.593320	0.605571	0.557518	0.585975	0.448598	0.567196	0.407052	0.621940	0.441315	0.644557	0.569697	0.413146	0.627545	0.234354	0.615563	0.625899	0.590734	0.543365	0.628681	0.630416	0.615655	0.615816	0.629228	0.640207	0.649175	0.598121	0.370391	0.522777	0.604111	0.637993	0.597162	0.608411	0.633557	0.396034	0.653595	0.563480	0.645485	0.632740	0.652406	0.644040	0.607843	0.423306	0.338870	0.641661	0.606947	0.635236	0.633068	0.642161	0.633910	0.643087	0.646432	0.532628	0.574277	0.661316	0.611270	0.596696	0.452949	0.520697	0.620751	0.587332	0.532872	0.559917	0.512596	0.641696	0.252964	0.535032	0.610849	0.631016	0.267554	0.621015	0.587885	0.304348	0.382927	0.582253	0.467849	0.546210	0.641879	0.567527	0.628988	0.640625	0.574803	0.280156	0.612903	0.215343	0.585462	0.565350	0.352378	0.636998	0.594796	0.630909	0.615293	0.491031	0.625850	0.633858	0.456547	0.373006	0.648163	0.516411	0.642036	0.279806	0.632143	0.621479	0.541401	0.607692	0.606833	0.183504	0.504405	0.384896	0.623824	0.451523	0.639839	0.602767	0.634228	0.548287	0.540773	0.514786	0.524731	0.586173	0.597303	0.559581	0.059459	0.477856	0.573134	0.538462	0.634855	0.620253	0.646421	0.257556	0.638298	0.500000	0.640539	0.598883	0.571134	0.610644	0.571146	0.596899	0.198370	0.610266	0.449708	0.633803	0.601905	0.534188	0.610758	0.252964	0.466667	0.474450	0.350746	0.633469	0.575510	0.651925	0.507726	0.643572	0.530786	0.506104	0.580541	0.618732	0.444444	0.497768	0.628128	0.224936	0.540773	0.313179	0.298179	0.459584	0.609982	0.635621	0.602070	0.390303	0.591633	0.643322	0.637246	0.655118	0.646880	0.539515	0.473265	0.615472	0.517052	0.631141	0.619669	0.637271	0.419048	0.576577	0.223797	0.568880	0.633447	0.647845	0.625801	0.638554	0.636166	0.234354	0.369004	0.637624	0.630920	0.460770	0.619048	0.613833	0.615209	0.574899	0.634948	0.643713	0.538947	0.645412	0.622055	0.503626	0.369004	0.529730	0.312977	0.498324	0.453717	0.593904	0.520990	0.614403	0.620127	0.625074	0.647887	0.537194	0.643231	0.630920	0.271186	0.629798	0.638585	0.627630	0.626463	0.645210	0.597388	0.392727	0.389885	1.000000	0.644295	0.564206	0.646382	0.394760	0.640281	0.482993	0.361013	0.590099	0.631179	0.460116	0.607143	0.488649	0.239870	0.170832	0.505945	0.636441	0.445993	0.610202	0.638585	0.646928	0.362963	0.266667	0.632280	0.538947	0.528139	0.611307	0.570846	0.615913	0.522976	0.607619	0.158333	0.573158	0.242991	0.608939	0.476082	0.630282	0.575668	0.646925	0.650071	0.569570	0.471396	0.491031	0.615026	0.476731	0.640413	0.642316	0.445221	0.581927	0.634641	0.626582	0.204472	0.520607	0.653465	0.642123	0.333669	0.536200	0.586307	0.116265	0.591124	0.375000	0.445221	0.627104	0.507573	0.637944	0.560837	0.572885	0.041135	0.622744	0.551867	0.447277	0.503834	0.618652	0.522751	0.615800	0.541124	0.438740	0.631193	0.590643	0.643115	0.436620	0.625926	0.477601	0.614679	0.471739	0.623344	0.560575	0.480181	0.609023	0.360939	0.550725	0.540426	0.611265	0.633043	0.444959	0.609249	0.489796	0.323641	0.632118	0.474461	0.530481	0.312977	0.266962	0.629630	0.350746	0.516903	0.482993	0.641026	0.613285	0.616577	0.503407	0.548857	0.419929	0.511983	0.359935	0.396135	0.362963	0.423306	0.607619	0.640625	0.634841	0.641509	0.622846	0.633648	0.569072	0.652778	0.649459	0.596491	0.553236	0.630260	0.608400	0.195918	0.384896	0.557994	0.598848	0.644463	
0.541962	0.618151	0.637703	0.609016	0.453515	0.644874	0.611003	0.073528	0.623377	0.587440	0.568295	0.622140	0.562066	0.592878	0.615385	0.561265	0.629885	0.481319	0.565962	0.621645	0.540915	0.581511	0.619006	0.558943	0.571150	0.273112	0.640052	0.517423	0.498375	0.513404	0.340269	0.500000	0.558794	0.533195	0.568507	0.550665	0.626943	0.574879	0.439863	0.584817	0.639747	0.640698	0.606424	0.474856	0.567164	0.455266	0.597361	0.422329	0.631229	0.417617	0.570000	0.634061	0.478947	0.588235	0.493450	0.635802	0.525762	0.473743	0.520811	0.612093	0.478852	0.436280	0.647736	0.474388	0.651421	0.562079	0.475664	0.611765	0.492408	0.631579	0.582769	0.569185	0.513622	0.624791	0.597899	0.038590	0.520723	0.641611	0.499602	0.635391	0.524659	0.604478	0.476190	0.634296	0.565350	0.638814	0.598891	0.593365	0.236671	0.637681	0.183466	0.547889	0.650831	0.484581	0.637119	0.630225	0.264482	0.474916	0.626820	0.580331	0.612580	0.472687	0.623540	0.093795	0.633833	0.222805	0.647909	0.209875	0.543689	0.594852	0.313433	0.634921	0.398585	0.429561	0.646914	0.635599	0.201486	0.604779	0.576623	0.589147	0.432309	0.542073	0.232073	0.644785	0.090430	0.489905	0.584615	0.636119	0.599434	0.480176	0.488671	0.586387	0.440639	0.599818	0.628619	0.570312	0.358067	0.628272	0.383790	0.635789	0.639535	0.625323	0.600177	0.626383	0.638669	0.645874	0.631954	0.623656	0.206349	0.571152	0.624113	0.576303	0.581439	0.438576	0.558530	0.412562	0.618962	0.431373	0.641940	0.575124	0.418069	0.631454	0.229765	0.624064	0.619133	0.597526	0.547325	0.621433	0.630872	0.635417	0.609566	0.639697	0.626917	0.655300	0.605263	0.377191	0.522946	0.617284	0.613616	0.625917	0.604550	0.640532	0.403231	0.636494	0.575301	0.639141	0.628141	0.620846	0.637776	0.621469	0.413551	0.345214	0.633952	0.598738	0.631838	0.609075	0.620178	0.635616	0.624305	0.638574	0.543145	0.571709	0.639175	0.593220	0.588123	0.456165	0.510182	0.621359	0.586566	0.522561	0.555443	0.504310	0.633566	0.248062	0.543365	0.621859	0.635004	0.272782	0.621416	0.581213	0.298620	0.376048	0.585462	0.476295	0.560327	0.634367	0.569277	0.616906	0.621223	0.574200	0.274809	0.622458	0.211082	0.578896	0.564870	0.358920	0.625323	0.614115	0.615247	0.622797	0.487321	0.619529	0.617284	0.451025	0.366265	0.648387	0.503767	0.629359	0.285233	0.609692	0.615117	0.530825	0.593365	0.609644	0.187267	0.500542	0.377990	0.641363	0.462396	0.628154	0.588121	0.651201	0.541922	0.525871	0.502155	0.526984	0.591171	0.594492	0.563180	0.060764	0.482605	0.584314	0.517350	0.639288	0.619090	0.638054	0.252577	0.635294	0.489572	0.622573	0.611634	0.556345	0.605893	0.570594	0.595989	0.194407	0.594189	0.451503	0.625238	0.600939	0.529968	0.622706	0.248062	0.447458	0.483680	0.344322	0.638710	0.558794	0.634304	0.495114	0.642314	0.539185	0.489083	0.582306	0.600746	0.432184	0.482986	0.630324	0.229442	0.525871	0.319134	0.303900	0.454030	0.628988	0.639225	0.608534	0.383333	0.565260	0.638777	0.616725	0.633463	0.659142	0.529046	0.465324	0.609137	0.502165	0.636513	0.627148	0.629417	0.411696	0.575937	0.228283	0.574219	0.645946	0.640705	0.610108	0.632116	0.646552	0.229765	0.362319	0.623529	0.634921	0.465413	0.638816	0.634355	0.609977	0.564307	0.626815	0.638046	0.528497	0.659493	0.594796	0.511814	0.362319	0.519149	0.307116	0.481319	0.461109	0.585271	0.512712	0.625899	0.599284	0.616019	0.638298	0.553023	0.646450	0.604938	0.265985	0.630155	0.638935	0.610108	0.611012	0.639526	0.619369	0.385714	0.396956	0.644295	1.000000	0.577689	0.625508	0.401897	0.631944	0.481605	0.367679	0.583415	0.648120	0.450000	0.600556	0.495792	0.244633	0.174360	0.515892	0.626689	0.442922	0.590133	0.618968	0.639824	0.356364	0.261538	0.634347	0.532642	0.511182	0.613775	0.564257	0.608400	0.505920	0.599061	0.155102	0.566600	0.247807	0.595041	0.470325	0.618593	0.576998	0.635135	0.630542	0.580229	0.465692	0.480706	0.607390	0.466518	0.638107	0.637108	0.437572	0.589041	0.632284	0.627052	0.208615	0.518677	0.642407	0.623838	0.339433	0.533566	0.581749	0.118739	0.607076	0.365824	0.437572	0.624126	0.511798	0.629297	0.571024	0.548193	0.042047	0.612645	0.551583	0.446469	0.506466	0.610200	0.525000	0.622995	0.541964	0.433486	0.627879	0.584054	0.636234	0.422145	0.600913	0.481591	0.647014	0.474955	0.636250	0.564206	0.469933	0.591288	0.354369	0.546381	0.531937	0.604736	0.626609	0.448747	0.607450	0.470457	0.317618	0.623574	0.466518	0.524211	0.307116	0.272180	0.618596	0.344322	0.506438	0.472687	0.645525	0.622980	0.609929	0.512351	0.546571	0.419580	0.510182	0.366586	0.391459	0.356364	0.406542	0.593427	0.633140	0.633581	0.614733	0.627054	0.629371	0.542132	0.647423	0.626645	0.585975	0.548818	0.618375	0.605515	0.192000	0.375598	0.551440	0.582781	0.638158	
0.631083	0.617647	0.544732	0.623129	0.581132	0.577465	0.481140	0.036042	0.627646	0.638360	0.648233	0.488538	0.644275	0.631732	0.634146	0.633333	0.570829	0.609319	0.639626	0.612702	0.360022	0.391566	0.633962	0.632911	0.635015	0.141340	0.525510	0.642017	0.616462	0.309005	0.537634	0.631034	0.637636	0.611111	0.403990	0.640000	0.615385	0.379511	0.618042	0.637762	0.588364	0.513632	0.430976	0.268092	0.637060	0.625235	0.419961	0.234280	0.607981	0.232525	0.638889	0.610340	0.282496	0.638177	0.641844	0.582627	0.644407	0.607735	0.642735	0.630705	0.283972	0.570328	0.574132	0.622711	0.553621	0.376593	0.583333	0.640106	0.652632	0.561024	0.646109	0.623688	0.304104	0.603325	0.647482	0.018743	0.645161	0.539543	0.302132	0.595597	0.675541	0.611111	0.624319	0.490980	0.645669	0.521201	0.619178	0.651494	0.431655	0.524871	0.092627	0.626817	0.612514	0.611511	0.543956	0.585202	0.136545	0.623853	0.558237	0.625185	0.636242	0.601835	0.633377	0.046225	0.545281	0.413625	0.573209	0.106728	0.360022	0.642755	0.517699	0.617751	0.572581	0.591440	0.602549	0.506287	0.102226	0.627717	0.409409	0.411876	0.240946	0.342078	0.409639	0.557409	0.044526	0.286846	0.639535	0.517668	0.654443	0.622302	0.283972	0.414634	0.583969	0.609396	0.609102	0.636905	0.189811	0.612091	0.587269	0.540541	0.552734	0.610630	0.599232	0.595383	0.591209	0.508846	0.550476	0.555789	0.386139	0.610866	0.628866	0.370876	0.647727	0.585742	0.406954	0.225138	0.637076	0.601942	0.556190	0.658499	0.228132	0.475619	0.415459	0.457762	0.467318	0.635193	0.629032	0.488163	0.600000	0.630000	0.434302	0.504065	0.613139	0.569709	0.436141	0.201048	0.632479	0.631714	0.613607	0.476636	0.432396	0.525585	0.217987	0.532692	0.393902	0.586729	0.612827	0.547325	0.613088	0.590755	0.579365	0.182327	0.510381	0.620872	0.489412	0.602015	0.560241	0.530686	0.577729	0.594104	0.337649	0.639640	0.587459	0.642254	0.641618	0.259658	0.636833	0.619718	0.635461	0.330127	0.640254	0.631944	0.532468	0.440758	0.628099	0.467991	0.621656	0.141156	0.467207	0.632836	0.489888	0.554865	0.642643	0.275222	0.626198	0.498328	0.393902	0.628947	0.517274	0.627393	0.474654	0.626444	0.379310	0.643172	0.646154	0.190309	0.603214	0.638701	0.636959	0.463704	0.634234	0.520741	0.508846	0.593156	0.564854	0.590090	0.620451	0.585698	0.148114	0.610473	0.620776	0.647934	0.631579	0.454676	0.094644	0.619965	0.574380	0.575080	0.258730	0.530329	0.640000	0.617544	0.642173	0.631933	0.631944	0.650927	0.652174	0.616262	0.370244	0.029685	0.277447	0.649701	0.617696	0.535618	0.618986	0.541109	0.457547	0.606205	0.601073	0.472222	0.443221	0.641390	0.623978	0.642963	0.644604	0.365915	0.634965	0.253106	0.489796	0.633941	0.637730	0.462644	0.445498	0.589118	0.278157	0.543897	0.610360	0.656299	0.608597	0.622144	0.577963	0.641322	0.606383	0.420357	0.630556	0.594595	0.597496	0.610706	0.117308	0.631933	0.167308	0.158637	0.593573	0.644295	0.599775	0.633609	0.573770	0.620690	0.597082	0.635678	0.580922	0.577277	0.614379	0.616236	0.447572	0.636364	0.615741	0.608374	0.603468	0.584493	0.667674	0.116679	0.645833	0.519504	0.562934	0.619048	0.618182	0.555769	0.425121	0.546218	0.499151	0.629156	0.264289	0.619824	0.532826	0.447592	0.632873	0.605617	0.562563	0.652529	0.590095	0.604972	0.303963	0.546218	0.629252	0.494432	0.609319	0.259245	0.626471	0.652027	0.621053	0.603133	0.465082	0.593103	0.385354	0.566000	0.611253	0.460465	0.506667	0.618824	0.626984	0.622739	0.558559	0.453652	0.581967	0.212794	0.564206	0.577689	1.000000	0.573379	0.215751	0.635000	0.623853	0.195444	0.659733	0.574642	0.594697	0.618982	0.288240	0.125602	0.087811	0.310181	0.591346	0.614504	0.626781	0.581176	0.556213	0.558140	0.462617	0.591908	0.629690	0.643952	0.631447	0.642857	0.453901	0.610052	0.619916	0.297650	0.614679	0.127344	0.635007	0.609982	0.610763	0.643917	0.567347	0.536950	0.388922	0.599628	0.612613	0.450725	0.584559	0.504950	0.536804	0.587332	0.647761	0.522349	0.567422	0.106051	0.642735	0.545961	0.601685	0.179269	0.335736	0.640000	0.058909	0.628809	0.567850	0.595010	0.613636	0.309592	0.561866	0.368987	0.642857	0.020440	0.622568	0.628389	0.615970	0.649306	0.619303	0.592105	0.529720	0.345339	0.592308	0.486903	0.629898	0.533333	0.570874	0.624495	0.275804	0.576725	0.269088	0.493590	0.637363	0.604396	0.627235	0.521186	0.642289	0.623549	0.621984	0.634686	0.638783	0.453697	0.605505	0.515419	0.495922	0.591912	0.628763	0.512249	0.140821	0.496338	0.522484	0.634483	0.623853	0.552952	0.643045	0.465672	0.302132	0.620800	0.600791	0.623064	0.194801	0.570265	0.549683	0.579365	0.631136	0.502085	0.606768	0.593486	0.497561	0.581818	0.616114	0.538531	0.597222	0.635704	0.640902	0.600000	0.449123	0.361809	0.541322	0.619355	0.607092	0.601852	
0.546296	0.632790	0.596918	0.609148	0.488771	0.628993	0.602817	0.060381	0.609709	0.595604	0.583144	0.604558	0.580499	0.595186	0.602386	0.611048	0.620339	0.522293	0.585253	0.617476	0.499509	0.535241	0.620352	0.598370	0.603774	0.228512	0.608696	0.537713	0.538847	0.460419	0.393064	0.535316	0.586207	0.576877	0.550519	0.553991	0.638916	0.528535	0.478610	0.558386	0.623902	0.574780	0.567757	0.412185	0.565909	0.477573	0.560452	0.363455	0.641335	0.364896	0.585143	0.639216	0.429191	0.587729	0.530973	0.635354	0.510896	0.501299	0.532020	0.612632	0.424891	0.487936	0.646859	0.517464	0.634294	0.528418	0.523748	0.614286	0.529486	0.621078	0.596916	0.604027	0.453817	0.639850	0.616052	0.031587	0.556373	0.589011	0.455346	0.629358	0.543478	0.614572	0.511568	0.580559	0.584687	0.585725	0.643678	0.600000	0.282609	0.592965	0.152216	0.557920	0.623902	0.510856	0.608036	0.639857	0.221112	0.497409	0.644068	0.572062	0.619342	0.523316	0.619433	0.077170	0.639498	0.266458	0.608403	0.174558	0.486752	0.588745	0.368189	0.623134	0.442600	0.475034	0.614679	0.604225	0.167449	0.612669	0.547778	0.517127	0.377088	0.494140	0.277259	0.637239	0.074378	0.421600	0.609836	0.612215	0.606838	0.485313	0.434403	0.559104	0.503329	0.609053	0.590406	0.620690	0.302021	0.640548	0.439776	0.632308	0.641087	0.637066	0.642857	0.641905	0.643799	0.579915	0.623336	0.635514	0.247227	0.623348	0.590229	0.513854	0.586466	0.479893	0.540449	0.354147	0.600201	0.482480	0.606108	0.590909	0.358509	0.588462	0.274571	0.580645	0.599487	0.593952	0.569067	0.617080	0.637301	0.607595	0.590556	0.594372	0.642517	0.624183	0.533255	0.318732	0.544335	0.596630	0.646123	0.563865	0.568274	0.611594	0.343692	0.631413	0.515265	0.640884	0.637979	0.647206	0.621129	0.567325	0.462380	0.290823	0.613160	0.603659	0.595206	0.642507	0.642682	0.611236	0.633157	0.636610	0.492122	0.591265	0.637324	0.633938	0.607182	0.403214	0.544554	0.621032	0.607296	0.484105	0.566434	0.542964	0.628352	0.295840	0.567308	0.581337	0.626482	0.228229	0.601010	0.581940	0.354167	0.428169	0.571109	0.420647	0.541618	0.608573	0.542046	0.611955	0.637904	0.598234	0.326778	0.604374	0.252765	0.607930	0.556442	0.302765	0.638996	0.577640	0.634343	0.580850	0.526854	0.594118	0.619519	0.475432	0.411348	0.636771	0.544776	0.646209	0.238928	0.651485	0.602339	0.574519	0.617204	0.586271	0.155424	0.523810	0.433193	0.591767	0.401893	0.605358	0.607539	0.626617	0.569754	0.591241	0.535492	0.529268	0.595420	0.607759	0.519115	0.049840	0.427629	0.572067	0.556901	0.583832	0.630522	0.636292	0.301075	0.629108	0.531807	0.597505	0.551190	0.581395	0.622268	0.578714	0.590022	0.233227	0.626327	0.394577	0.606061	0.606383	0.576271	0.588017	0.295840	0.494737	0.423960	0.400576	0.611659	0.570115	0.640864	0.530151	0.639193	0.550481	0.528445	0.570115	0.620908	0.491275	0.521628	0.627264	0.191184	0.591241	0.268186	0.255015	0.497354	0.590535	0.622980	0.623295	0.444755	0.604027	0.613596	0.631476	0.655172	0.616279	0.574493	0.512354	0.572816	0.540676	0.610449	0.621752	0.635531	0.460274	0.578178	0.190198	0.565072	0.615498	0.635922	0.628688	0.659696	0.640884	0.274571	0.418208	0.622064	0.618434	0.409057	0.626953	0.579030	0.582062	0.599089	0.646272	0.631321	0.528571	0.627551	0.626709	0.451939	0.418208	0.571779	0.363905	0.517197	0.401896	0.617420	0.537241	0.616008	0.638469	0.595041	0.634458	0.493397	0.635697	0.616452	0.316591	0.601261	0.629526	0.638861	0.637363	0.634584	0.551181	0.433566	0.336068	0.646382	0.625508	0.573379	1.000000	0.340412	0.634859	0.497409	0.310413	0.593333	0.599170	0.505960	0.616352	0.437927	0.204134	0.144537	0.458566	0.638338	0.476698	0.632939	0.644383	0.625302	0.411429	0.311450	0.628205	0.569048	0.560197	0.602740	0.592423	0.576665	0.547264	0.612766	0.186885	0.610670	0.206845	0.620332	0.505208	0.627680	0.572697	0.654515	0.640432	0.525424	0.510471	0.514066	0.583696	0.503243	0.625434	0.618941	0.470588	0.586399	0.631579	0.610052	0.173490	0.549261	0.628834	0.640832	0.286232	0.491471	0.604099	0.097919	0.592202	0.416431	0.486631	0.626104	0.458637	0.619951	0.520562	0.587830	0.034428	0.627255	0.564403	0.480744	0.537983	0.641316	0.531737	0.593727	0.498345	0.481928	0.605902	0.602620	0.634299	0.477089	0.618557	0.422231	0.597663	0.415094	0.599322	0.590278	0.522639	0.605870	0.412017	0.560748	0.556627	0.620761	0.640385	0.456839	0.588889	0.515544	0.372981	0.608396	0.508431	0.543030	0.363905	0.227713	0.614011	0.403458	0.550186	0.520725	0.627512	0.604651	0.588385	0.454507	0.553991	0.458390	0.534653	0.309457	0.442897	0.405714	0.465116	0.625532	0.624123	0.627306	0.645833	0.582018	0.652324	0.593023	0.628571	0.641613	0.611354	0.566038	0.645482	0.579903	0.230400	0.433193	0.592680	0.626609	0.628781	
0.206851	0.307596	0.402251	0.263446	0.140690	0.397146	0.461409	0.263539	0.300662	0.233868	0.215161	0.491334	0.217521	0.236179	0.287710	0.220462	0.377370	0.158470	0.209233	0.300662	0.588376	0.561290	0.296367	0.203864	0.228647	0.600601	0.463621	0.181450	0.166610	0.625893	0.098060	0.172203	0.210422	0.191818	0.553598	0.199666	0.302267	0.571918	0.134901	0.252188	0.356599	0.457941	0.543191	0.652645	0.216341	0.141331	0.557117	0.651271	0.326505	0.609973	0.213386	0.295289	0.618640	0.244792	0.162236	0.372963	0.183900	0.148987	0.175296	0.256709	0.635234	0.133610	0.375790	0.150892	0.435712	0.571289	0.154689	0.273455	0.165986	0.405789	0.232711	0.224564	0.625609	0.321295	0.240783	0.145114	0.177763	0.456670	0.613516	0.332199	0.185123	0.255016	0.154057	0.503704	0.205657	0.456882	0.260645	0.245363	0.065303	0.467195	0.514401	0.196052	0.356599	0.157211	0.436742	0.347026	0.572428	0.150257	0.377370	0.229228	0.269021	0.150257	0.277866	0.327284	0.418836	0.061129	0.382238	0.529072	0.601292	0.241930	0.089298	0.322862	0.118632	0.130374	0.332199	0.470951	0.528807	0.264005	0.557444	0.555527	0.626872	0.606174	0.063914	0.407200	0.316934	0.637950	0.236756	0.450600	0.248782	0.157211	0.630947	0.553462	0.136835	0.269021	0.329098	0.227482	0.621189	0.295828	0.112706	0.428696	0.407778	0.303869	0.288797	0.311306	0.356098	0.468934	0.420468	0.374699	0.056236	0.232711	0.286078	0.597868	0.245934	0.133610	0.533775	0.611850	0.280612	0.131023	0.418713	0.216341	0.640015	0.517958	0.063218	0.528362	0.509052	0.243076	0.196656	0.473435	0.320249	0.299054	0.539832	0.481667	0.310777	0.397980	0.545549	0.666310	0.175296	0.289340	0.287710	0.508484	0.544513	0.459268	0.654729	0.415836	0.584539	0.330133	0.321295	0.385996	0.336316	0.344489	0.123869	0.621258	0.452638	0.275664	0.502606	0.295828	0.395722	0.443358	0.354593	0.341943	0.617996	0.223979	0.355596	0.249351	0.239059	0.615448	0.172823	0.288797	0.246504	0.597468	0.203266	0.169722	0.429814	0.068768	0.187563	0.521856	0.290967	0.589212	0.511403	0.226316	0.084547	0.110060	0.223979	0.644440	0.200267	0.469434	0.569077	0.277316	0.430108	0.231551	0.077033	0.287710	0.057637	0.232711	0.214570	0.662181	0.303869	0.265680	0.278966	0.515054	0.156581	0.442478	0.472870	0.138122	0.106742	0.344997	0.170343	0.341433	0.586237	0.289883	0.298517	0.187563	0.245363	0.516489	0.513878	0.166610	0.110722	0.370505	0.640900	0.463110	0.229228	0.328062	0.200267	0.181450	0.169722	0.180223	0.237908	0.244220	0.594045	0.221583	0.633898	0.225148	0.183900	0.445530	0.282255	0.419789	0.070150	0.319202	0.159099	0.495363	0.539367	0.204462	0.262887	0.229228	0.240783	0.052727	0.252188	0.632430	0.478442	0.251054	0.183900	0.533227	0.068768	0.142611	0.646585	0.099401	0.344997	0.210422	0.342963	0.165362	0.381152	0.187563	0.162236	0.536698	0.255016	0.132964	0.159099	0.310777	0.538345	0.181450	0.648795	0.630556	0.140048	0.269021	0.344489	0.258398	0.113366	0.224564	0.346519	0.296905	0.367545	0.389005	0.191818	0.148352	0.533369	0.167233	0.332715	0.305468	0.333230	0.123216	0.221636	0.573260	0.227482	0.449971	0.403670	0.275112	0.312363	0.415249	0.063218	0.105411	0.464487	0.289340	0.632624	0.297442	0.422683	0.526705	0.215161	0.309188	0.398338	0.192424	0.375414	0.257272	0.634773	0.105411	0.177147	0.087265	0.158470	0.633777	0.232131	0.179608	0.277316	0.280612	0.509150	0.335802	0.567889	0.398220	0.289340	0.074286	0.477871	0.325466	0.275112	0.284987	0.397150	0.531365	0.113366	0.641884	0.394760	0.401897	0.215751	0.340412	1.000000	0.299054	0.150257	0.639678	0.228064	0.387694	0.139406	0.258960	0.626511	0.592779	0.505564	0.619410	0.316052	0.136835	0.244792	0.325466	0.404255	0.103412	0.072909	0.333230	0.192424	0.176530	0.296367	0.211015	0.523810	0.170343	0.251054	0.041409	0.216931	0.560748	0.264564	0.147716	0.298517	0.228647	0.390448	0.425124	0.566113	0.145167	0.156581	0.513067	0.149623	0.478504	0.440873	0.134901	0.226316	0.453432	0.364574	0.536276	0.175296	0.428779	0.315526	0.612286	0.591373	0.243648	0.397232	0.256145	0.107406	0.134901	0.294750	0.617962	0.390346	0.602369	0.211015	0.157348	0.283349	0.200868	0.138122	0.169722	0.269576	0.189389	0.456460	0.581494	0.134256	0.497274	0.237332	0.418713	0.131023	0.267909	0.632446	0.386112	0.639266	0.494748	0.206851	0.150892	0.258960	0.102745	0.202067	0.186344	0.269576	0.306001	0.138122	0.518735	0.150257	0.090652	0.477197	0.149623	0.183288	0.087265	0.587429	0.485135	0.099401	0.172203	0.150257	0.427117	0.278416	0.514825	0.607332	0.199666	0.125174	0.172823	0.662235	0.115344	0.103412	0.123869	0.251054	0.472401	0.329098	0.314473	0.477778	0.368533	0.204462	0.439390	0.332715	0.237332	0.197258	0.288254	0.523320	0.052023	0.110722	0.196656	0.246504	0.332715	
0.596178	0.663900	0.596187	0.634202	0.539823	0.642732	0.575690	0.051979	0.654048	0.654633	0.635795	0.574664	0.612702	0.634731	0.634304	0.641089	0.630336	0.577904	0.626109	0.645636	0.460439	0.493363	0.632025	0.625641	0.630170	0.199118	0.596677	0.600269	0.595271	0.418069	0.446982	0.590659	0.629583	0.605263	0.501142	0.620957	0.660377	0.491961	0.541106	0.623407	0.630784	0.580545	0.533987	0.367442	0.609238	0.536082	0.520402	0.323439	0.648000	0.321138	0.623116	0.663124	0.384365	0.623529	0.584270	0.630037	0.591700	0.561505	0.589359	0.645235	0.386252	0.533733	0.631483	0.561960	0.639225	0.479189	0.551429	0.648169	0.582173	0.609966	0.632087	0.635583	0.410995	0.648485	0.654804	0.027136	0.588874	0.597201	0.407632	0.642928	0.608812	0.633641	0.577969	0.579058	0.615581	0.590625	0.646925	0.660400	0.322124	0.608828	0.131905	0.604954	0.640227	0.576705	0.612903	0.655769	0.192566	0.559885	0.615804	0.626974	0.649496	0.562771	0.651265	0.066512	0.629908	0.304114	0.637264	0.151510	0.460439	0.639053	0.416667	0.636455	0.490683	0.528701	0.642928	0.589113	0.145265	0.653846	0.518303	0.508377	0.332165	0.449854	0.316163	0.620394	0.064093	0.385791	0.626794	0.603125	0.646441	0.571023	0.387889	0.514654	0.544643	0.633819	0.646766	0.641463	0.264583	0.636943	0.488189	0.620803	0.619454	0.654127	0.643703	0.628218	0.638941	0.582772	0.616027	0.624772	0.282609	0.620024	0.640693	0.480588	0.638498	0.527736	0.498530	0.311432	0.647702	0.527903	0.629382	0.629213	0.315369	0.571236	0.313167	0.555773	0.559838	0.637544	0.609375	0.569556	0.641700	0.647679	0.538269	0.579100	0.651546	0.637555	0.528395	0.279564	0.603001	0.643011	0.638619	0.562849	0.531060	0.590315	0.302007	0.611111	0.494407	0.643496	0.652525	0.621429	0.631992	0.628019	0.515337	0.254565	0.590491	0.647514	0.579058	0.630573	0.636364	0.605096	0.635071	0.652427	0.449254	0.628993	0.650899	0.643357	0.635714	0.356525	0.595336	0.652314	0.642438	0.435233	0.616175	0.596685	0.608483	0.336842	0.592297	0.558726	0.645230	0.198867	0.568771	0.630807	0.397976	0.472266	0.633907	0.375050	0.604651	0.583333	0.495526	0.636564	0.608696	0.638452	0.371134	0.658037	0.288809	0.632087	0.631579	0.265249	0.647858	0.647125	0.647640	0.548732	0.583215	0.594848	0.588764	0.545994	0.463259	0.646718	0.582069	0.647230	0.208352	0.638024	0.646251	0.602922	0.646298	0.542263	0.134716	0.575800	0.484177	0.612695	0.355322	0.600614	0.646416	0.650050	0.625323	0.600269	0.582873	0.596491	0.656325	0.628975	0.477737	0.042873	0.378703	0.637255	0.607764	0.593477	0.632497	0.604690	0.342657	0.661258	0.577086	0.562327	0.540912	0.612036	0.639456	0.636695	0.638197	0.266910	0.630359	0.348018	0.579752	0.641115	0.623829	0.558442	0.336842	0.549192	0.379615	0.445528	0.646718	0.637168	0.655039	0.577406	0.634234	0.597610	0.581461	0.521373	0.640553	0.534535	0.571429	0.661856	0.166141	0.600269	0.234363	0.222640	0.549483	0.633819	0.647343	0.633867	0.487421	0.635583	0.648701	0.673729	0.645698	0.648889	0.615789	0.562319	0.546845	0.594444	0.636364	0.645833	0.653504	0.509985	0.646914	0.165272	0.617073	0.598746	0.620570	0.650442	0.653649	0.622896	0.313167	0.464744	0.583710	0.638710	0.362524	0.658201	0.602168	0.553846	0.620776	0.647363	0.617262	0.612352	0.632634	0.644495	0.410816	0.467949	0.595109	0.408710	0.558074	0.355989	0.647343	0.600000	0.643172	0.647702	0.558233	0.656189	0.479603	0.618467	0.632258	0.359862	0.590504	0.655311	0.643805	0.633406	0.629468	0.545802	0.484277	0.295143	0.640281	0.631944	0.635000	0.634859	0.299054	1.000000	0.577201	0.272101	0.638246	0.623446	0.550296	0.637714	0.392531	0.177561	0.125182	0.417778	0.653061	0.535714	0.654118	0.649299	0.624785	0.470209	0.354167	0.637710	0.612352	0.593197	0.634146	0.618687	0.543004	0.593103	0.645761	0.214689	0.610973	0.179954	0.644068	0.551524	0.635692	0.635036	0.629433	0.609696	0.491985	0.560584	0.574680	0.545812	0.549133	0.602941	0.605388	0.529148	0.640587	0.594259	0.628837	0.150572	0.603001	0.618776	0.631256	0.250462	0.441148	0.622642	0.084522	0.641379	0.472089	0.532138	0.651064	0.417036	0.633157	0.481462	0.611111	0.029582	0.637650	0.614194	0.534125	0.577348	0.648770	0.587302	0.592879	0.455796	0.532934	0.580913	0.633214	0.611018	0.524887	0.646465	0.377389	0.630920	0.368728	0.583095	0.626752	0.573487	0.635429	0.458065	0.628057	0.607190	0.653244	0.659729	0.540059	0.548994	0.556999	0.421927	0.574964	0.549133	0.605898	0.408710	0.198409	0.575163	0.442276	0.582418	0.568543	0.622222	0.652747	0.571237	0.409367	0.605433	0.522936	0.595336	0.271245	0.488263	0.466989	0.509202	0.638792	0.601336	0.634826	0.638690	0.584906	0.633426	0.622279	0.617106	0.640316	0.647551	0.616385	0.642241	0.544183	0.263736	0.477848	0.622396	0.621336	0.642292	
0.592453	0.535966	0.449388	0.573248	0.586288	0.473506	0.394107	0.024356	0.551724	0.607639	0.621324	0.378238	0.605839	0.596552	0.562500	0.567812	0.477541	0.638581	0.632959	0.543103	0.257042	0.282035	0.555233	0.613333	0.599647	0.097204	0.407858	0.631148	0.629310	0.218672	0.631285	0.630021	0.600746	0.578218	0.292585	0.640927	0.549356	0.271881	0.671498	0.598684	0.500000	0.421359	0.317852	0.188387	0.615385	0.622642	0.305014	0.163677	0.534228	0.162403	0.613678	0.542274	0.199000	0.571429	0.643326	0.485066	0.634146	0.619266	0.656904	0.584416	0.200091	0.577670	0.473934	0.637813	0.441057	0.270537	0.561798	0.575851	0.652268	0.459846	0.599303	0.567857	0.215022	0.541497	0.612245	0.012630	0.618257	0.419011	0.213554	0.526455	0.635628	0.590538	0.644144	0.375000	0.625000	0.423415	0.558587	0.607383	0.529032	0.413598	0.063185	0.601562	0.514925	0.628062	0.436548	0.504459	0.093830	0.652968	0.470449	0.588028	0.567398	0.621005	0.562691	0.031290	0.443737	0.526316	0.485981	0.072976	0.257042	0.620339	0.568116	0.533875	0.575835	0.663391	0.534392	0.399632	0.069845	0.588235	0.298772	0.296748	0.168526	0.243469	0.467532	0.460526	0.030132	0.202216	0.592083	0.425366	0.591362	0.645880	0.200091	0.301861	0.599520	0.551724	0.536000	0.594690	0.131611	0.532751	0.615789	0.445135	0.455834	0.527066	0.534125	0.525140	0.510585	0.401852	0.453871	0.476868	0.491582	0.550523	0.573991	0.265294	0.599665	0.645631	0.301521	0.157046	0.582701	0.632353	0.453871	0.626374	0.159215	0.357259	0.501629	0.342723	0.357843	0.601351	0.592593	0.388193	0.529332	0.571429	0.327110	0.390027	0.534266	0.462921	0.320879	0.139668	0.652720	0.577778	0.526786	0.372133	0.315789	0.413002	0.151872	0.441586	0.285714	0.510638	0.538776	0.460116	0.515707	0.520513	0.614610	0.126261	0.409914	0.556923	0.375000	0.553130	0.467942	0.427572	0.495000	0.516129	0.240132	0.597496	0.508728	0.587065	0.584615	0.182196	0.607595	0.537092	0.561873	0.234475	0.641221	0.622601	0.434604	0.507937	0.630522	0.349840	0.557522	0.097074	0.350400	0.596803	0.538462	0.611702	0.611807	0.193634	0.635838	0.393021	0.285714	0.560490	0.429461	0.594406	0.544343	0.580357	0.461538	0.588850	0.626151	0.131967	0.535613	0.610759	0.573171	0.352373	0.633929	0.421053	0.400000	0.653938	0.619946	0.507042	0.582979	0.514212	0.101979	0.538462	0.546243	0.626506	0.580537	0.341387	0.064583	0.629310	0.594164	0.480769	0.181517	0.416428	0.588028	0.537433	0.616570	0.598361	0.639659	0.670782	0.607204	0.589226	0.264813	0.020039	0.195274	0.620321	0.621951	0.431138	0.549849	0.447284	0.548896	0.541724	0.623894	0.366695	0.325409	0.600760	0.567783	0.580986	0.615646	0.458904	0.552632	0.177400	0.388193	0.580858	0.626016	0.340856	0.520635	0.596244	0.195798	0.605556	0.517286	0.641791	0.527671	0.627706	0.484211	0.622490	0.603939	0.311522	0.557912	0.618005	0.610619	0.542657	0.080352	0.598361	0.115567	0.109418	0.620853	0.592476	0.507692	0.558966	0.603675	0.575000	0.522959	0.566038	0.498789	0.485057	0.617822	0.602299	0.333333	0.632258	0.544254	0.544681	0.530343	0.621212	0.623423	0.079912	0.605310	0.419197	0.458980	0.563945	0.526462	0.450161	0.540717	0.628726	0.403361	0.557037	0.185593	0.565217	0.440678	0.335632	0.584559	0.544944	0.475336	0.648221	0.496437	0.570502	0.214917	0.569106	0.602911	0.573099	0.607539	0.181894	0.586387	0.622680	0.572741	0.558422	0.353511	0.516383	0.280949	0.465845	0.542222	0.538700	0.397072	0.543742	0.545455	0.554723	0.459641	0.332574	0.640420	0.148123	0.482993	0.481605	0.623853	0.497409	0.150257	0.577201	1.000000	0.135646	0.604240	0.484501	0.598575	0.564516	0.203248	0.086153	0.059852	0.219549	0.535172	0.637890	0.578151	0.500673	0.460860	0.595628	0.560748	0.517150	0.616601	0.625000	0.555233	0.603352	0.336147	0.600000	0.577558	0.413043	0.574040	0.087373	0.561905	0.626728	0.526012	0.627866	0.471936	0.438669	0.281853	0.627907	0.633929	0.344069	0.599542	0.396380	0.428997	0.623188	0.618117	0.415861	0.485366	0.072505	0.652720	0.445361	0.516575	0.124079	0.238692	0.583474	0.039960	0.582114	0.634409	0.589372	0.560584	0.219110	0.475540	0.263855	0.584730	0.013777	0.551205	0.607692	0.639618	0.648188	0.560250	0.602794	0.418515	0.245929	0.624697	0.367758	0.573883	0.434783	0.593137	0.566038	0.194063	0.488426	0.189119	0.383874	0.592453	0.633257	0.564516	0.564384	0.639847	0.612903	0.566510	0.546742	0.658711	0.340591	0.621005	0.587896	0.387846	0.594966	0.615071	0.596491	0.096838	0.386809	0.572222	0.613108	0.634703	0.445833	0.589313	0.353609	0.213554	0.594595	0.641604	0.624473	0.135185	0.593750	0.590164	0.639798	0.567657	0.399267	0.525333	0.529086	0.386465	0.485507	0.593156	0.431727	0.515192	0.580756	0.595331	0.543834	0.332322	0.453608	0.578249	0.615984	0.545151	0.517834	
0.187293	0.280000	0.368564	0.239251	0.126945	0.363241	0.440547	0.289785	0.273588	0.212058	0.194903	0.464421	0.197065	0.214180	0.261623	0.199761	0.344790	0.143122	0.189474	0.273588	0.571746	0.552486	0.269618	0.184560	0.207266	0.603262	0.435751	0.164074	0.150538	0.601168	0.088282	0.155637	0.190562	0.173544	0.538246	0.180719	0.275072	0.559746	0.121685	0.228891	0.325452	0.420832	0.517150	0.618843	0.195984	0.127527	0.528034	0.632522	0.297511	0.630102	0.193277	0.268622	0.620994	0.222091	0.146552	0.340684	0.166311	0.134490	0.158458	0.233050	0.604418	0.120512	0.343879	0.136223	0.404238	0.562358	0.139679	0.248473	0.149969	0.372432	0.210996	0.203521	0.605220	0.292683	0.218408	0.160658	0.160709	0.421245	0.605948	0.302791	0.167428	0.231492	0.139104	0.464259	0.186201	0.420860	0.236673	0.222616	0.058691	0.431169	0.542219	0.177414	0.325452	0.141975	0.404661	0.316555	0.607052	0.135646	0.344790	0.207800	0.244386	0.135646	0.252540	0.358449	0.386820	0.054927	0.349328	0.567497	0.564182	0.219462	0.080357	0.294134	0.106918	0.117573	0.302791	0.440547	0.564335	0.239766	0.531830	0.535739	0.636735	0.586057	0.057438	0.374291	0.347435	0.612064	0.214709	0.419811	0.225759	0.141975	0.617671	0.532768	0.123441	0.244386	0.299915	0.206198	0.649126	0.269120	0.101545	0.397125	0.376483	0.276553	0.262626	0.283433	0.324986	0.437096	0.387252	0.343423	0.050518	0.210996	0.260116	0.566412	0.223140	0.120512	0.530092	0.639785	0.255072	0.118162	0.387788	0.195984	0.646698	0.481952	0.056811	0.494962	0.484682	0.220514	0.177966	0.453313	0.291714	0.272101	0.513317	0.452734	0.282944	0.364575	0.514437	0.634048	0.158458	0.263128	0.261623	0.468246	0.517472	0.427417	0.629780	0.383459	0.542091	0.300875	0.292683	0.353392	0.306610	0.314198	0.111669	0.643450	0.427604	0.250509	0.467795	0.269120	0.364130	0.410865	0.323587	0.311834	0.585482	0.202985	0.324520	0.226282	0.216825	0.625987	0.156202	0.262626	0.223665	0.589826	0.184012	0.153374	0.399787	0.061816	0.169656	0.488251	0.264630	0.616733	0.488493	0.205128	0.076063	0.099147	0.202985	0.622600	0.181269	0.443299	0.544403	0.252033	0.396804	0.209932	0.069275	0.261623	0.051780	0.210996	0.194361	0.654337	0.276553	0.241309	0.253554	0.486862	0.141402	0.420749	0.438130	0.124611	0.096142	0.314670	0.153941	0.311360	0.615298	0.263628	0.271605	0.169656	0.222616	0.496318	0.548626	0.150538	0.099747	0.338394	0.623367	0.427827	0.207800	0.298955	0.181269	0.164074	0.153374	0.162954	0.215768	0.221566	0.562880	0.244239	0.624950	0.204057	0.166311	0.410229	0.256588	0.386059	0.063063	0.290744	0.143694	0.473367	0.507131	0.185107	0.238736	0.207800	0.218408	0.047356	0.228891	0.635741	0.452290	0.227848	0.166311	0.497056	0.061816	0.128691	0.616547	0.089495	0.314670	0.190562	0.312780	0.149401	0.348875	0.169656	0.146552	0.518942	0.231492	0.119925	0.143694	0.282944	0.587479	0.164074	0.631211	0.637916	0.126362	0.244386	0.314198	0.234604	0.102144	0.203521	0.316084	0.270115	0.335637	0.355641	0.173544	0.133912	0.503289	0.151106	0.303269	0.278032	0.303748	0.111076	0.200837	0.602031	0.206198	0.418153	0.369889	0.250000	0.284412	0.382922	0.056811	0.094937	0.436044	0.263128	0.628616	0.270612	0.387149	0.500000	0.194903	0.281473	0.365463	0.174098	0.342967	0.233568	0.607993	0.094937	0.160147	0.078519	0.143122	0.631275	0.210464	0.162393	0.252033	0.255072	0.486352	0.306134	0.544828	0.365907	0.263128	0.066795	0.443357	0.296548	0.250000	0.259109	0.365463	0.503408	0.102144	0.646834	0.361013	0.367679	0.195444	0.310413	0.639678	0.272101	0.135646	1.000000	0.206732	0.356090	0.125778	0.235122	0.619895	0.606222	0.538728	0.600919	0.287827	0.123441	0.222091	0.296548	0.371552	0.093126	0.065553	0.303748	0.174098	0.159584	0.269618	0.191106	0.499267	0.153941	0.227848	0.037170	0.196525	0.603537	0.240281	0.133333	0.271605	0.207266	0.356987	0.395417	0.556962	0.131015	0.141402	0.494094	0.135068	0.447125	0.413902	0.121685	0.205128	0.421438	0.332872	0.571784	0.158458	0.398830	0.287340	0.634393	0.588413	0.221040	0.431646	0.232531	0.096744	0.121685	0.268124	0.602505	0.359673	0.568861	0.191106	0.174079	0.257598	0.181818	0.124611	0.153374	0.244898	0.171324	0.423197	0.586614	0.121099	0.471120	0.215239	0.387788	0.118162	0.243362	0.624406	0.352941	0.623850	0.455748	0.187293	0.136223	0.235122	0.092522	0.182916	0.168543	0.244898	0.278524	0.124611	0.497425	0.135646	0.081581	0.449616	0.135068	0.165753	0.078519	0.620180	0.450805	0.089495	0.155637	0.135646	0.395095	0.253047	0.484095	0.609665	0.180719	0.112853	0.156202	0.639363	0.103937	0.093126	0.111669	0.227848	0.442441	0.299915	0.286365	0.452223	0.336557	0.185107	0.409295	0.303269	0.215239	0.178517	0.262125	0.503285	0.046723	0.099747	0.177966	0.223665	0.303269	
0.632219	0.635603	0.529698	0.648148	0.566243	0.589163	0.514003	0.038319	0.621359	0.636364	0.648810	0.503888	0.659763	0.655367	0.650000	0.651982	0.587269	0.604491	0.652568	0.626214	0.378821	0.410470	0.622549	0.643185	0.624460	0.149763	0.538012	0.639610	0.611486	0.325669	0.514403	0.635607	0.632530	0.622433	0.420923	0.637771	0.628779	0.399080	0.601476	0.619565	0.605150	0.525043	0.451527	0.282919	0.626113	0.615942	0.436061	0.247504	0.602520	0.245664	0.618834	0.611794	0.297982	0.636238	0.639316	0.586528	0.625806	0.602837	0.623762	0.639785	0.299525	0.577778	0.588477	0.624339	0.559353	0.394963	0.596859	0.630491	0.626058	0.574735	0.649573	0.622093	0.320554	0.614137	0.662011	0.019938	0.619672	0.541846	0.318495	0.606335	0.627010	0.631579	0.632867	0.501543	0.649390	0.522116	0.628495	0.635359	0.415525	0.534120	0.098300	0.646875	0.605150	0.606586	0.544474	0.606791	0.144704	0.628975	0.572895	0.635057	0.626632	0.604240	0.647059	0.049129	0.560748	0.393519	0.593496	0.113214	0.374454	0.654596	0.507400	0.637413	0.564797	0.590654	0.619910	0.525535	0.108454	0.644650	0.431619	0.428928	0.254492	0.360145	0.403670	0.578846	0.047327	0.302528	0.640339	0.535993	0.643836	0.613518	0.299525	0.431919	0.579817	0.626632	0.603645	0.629149	0.200810	0.625767	0.566929	0.552102	0.562679	0.616867	0.618454	0.618483	0.595059	0.528146	0.563959	0.587024	0.367059	0.615385	0.622334	0.390107	0.653793	0.585185	0.421855	0.237916	0.630241	0.600746	0.562092	0.643917	0.241056	0.491876	0.400000	0.469417	0.482249	0.638889	0.624025	0.504013	0.606272	0.616322	0.458078	0.514788	0.626335	0.577603	0.446082	0.212623	0.636964	0.635118	0.605000	0.495019	0.450165	0.534923	0.230412	0.557964	0.408188	0.588636	0.628042	0.565962	0.630045	0.581498	0.575238	0.192939	0.535259	0.642674	0.510802	0.615951	0.574238	0.542073	0.603448	0.617940	0.355533	0.634643	0.608602	0.629275	0.628331	0.274092	0.637874	0.610973	0.641873	0.347695	0.634969	0.616415	0.542311	0.419865	0.632588	0.484058	0.632754	0.149569	0.487663	0.622287	0.484979	0.539683	0.631732	0.290377	0.633694	0.516023	0.414208	0.624840	0.545788	0.631429	0.461538	0.635000	0.374707	0.635328	0.646796	0.201334	0.640964	0.628947	0.653061	0.481400	0.621528	0.526863	0.519868	0.585009	0.541082	0.609461	0.632107	0.605322	0.156907	0.631841	0.621951	0.632588	0.638122	0.470588	0.100434	0.625000	0.562376	0.579167	0.273121	0.539574	0.643678	0.625571	0.630603	0.610390	0.629816	0.635179	0.644163	0.623269	0.389450	0.031567	0.292704	0.624093	0.612903	0.555752	0.617722	0.552952	0.435955	0.623981	0.613793	0.493546	0.457259	0.639144	0.617219	0.640805	0.642458	0.347619	0.627717	0.267231	0.507223	0.637602	0.648387	0.478415	0.424379	0.592058	0.293446	0.520492	0.607261	0.623494	0.618785	0.613559	0.585961	0.632588	0.605128	0.439374	0.628880	0.589981	0.610345	0.623962	0.124395	0.610390	0.177131	0.167998	0.592727	0.639687	0.605727	0.637216	0.569745	0.625000	0.598684	0.646267	0.603774	0.607214	0.625592	0.600355	0.463245	0.637437	0.616949	0.626651	0.625282	0.564885	0.650073	0.123730	0.655123	0.543081	0.565049	0.638353	0.638298	0.561734	0.400000	0.539235	0.520434	0.630137	0.278939	0.638142	0.542910	0.468946	0.645833	0.616667	0.586275	0.637224	0.595876	0.625503	0.320406	0.527163	0.614122	0.485106	0.607945	0.273659	0.630528	0.642741	0.619718	0.622618	0.482809	0.608305	0.399526	0.575906	0.612702	0.456763	0.524161	0.631458	0.635779	0.628931	0.570588	0.469204	0.557957	0.224959	0.590099	0.583415	0.659733	0.593333	0.228064	0.638246	0.604240	0.206732	1.000000	0.580581	0.612022	0.633690	0.303986	0.133154	0.093204	0.326896	0.609613	0.598165	0.630705	0.590126	0.585507	0.546559	0.449889	0.600451	0.646688	0.634868	0.620098	0.631579	0.472397	0.612040	0.653951	0.282178	0.616296	0.134993	0.638522	0.594306	0.612195	0.627338	0.561439	0.559633	0.405470	0.616487	0.618056	0.466809	0.580531	0.522303	0.549780	0.583026	0.628075	0.540448	0.586498	0.112498	0.643564	0.564663	0.607981	0.189721	0.353540	0.618585	0.062585	0.643338	0.552000	0.568266	0.624846	0.326281	0.585899	0.388143	0.622556	0.021743	0.638889	0.629630	0.581353	0.619765	0.631030	0.610493	0.527039	0.363541	0.565619	0.510993	0.642254	0.552754	0.574627	0.638743	0.290985	0.578629	0.283961	0.510638	0.638298	0.606702	0.620321	0.515213	0.643077	0.647436	0.628422	0.628297	0.606947	0.471004	0.607774	0.501053	0.514836	0.612389	0.607431	0.502128	0.149215	0.512000	0.512295	0.608985	0.607774	0.566176	0.646232	0.486407	0.318495	0.625387	0.569260	0.624585	0.206057	0.574219	0.530364	0.579048	0.645777	0.526230	0.619590	0.618824	0.506795	0.587866	0.629969	0.556940	0.607910	0.645070	0.647975	0.624220	0.464730	0.343675	0.542574	0.630265	0.606061	0.628249	
0.556594	0.612960	0.633634	0.608860	0.455607	0.639394	0.606978	0.070808	0.644818	0.570862	0.577277	0.622250	0.572885	0.580454	0.609955	0.565923	0.627052	0.497738	0.560496	0.632418	0.543753	0.570997	0.631579	0.553236	0.564000	0.264021	0.633822	0.529859	0.501672	0.498358	0.351454	0.518764	0.553148	0.537313	0.560622	0.548896	0.618375	0.563601	0.448642	0.589817	0.643492	0.623377	0.590834	0.460479	0.576098	0.469078	0.579989	0.413638	0.626486	0.404473	0.560575	0.609473	0.460896	0.589494	0.498876	0.633071	0.544865	0.483314	0.524698	0.589133	0.469870	0.442604	0.628034	0.483945	0.639379	0.557505	0.482916	0.609824	0.511161	0.636364	0.587885	0.555891	0.497166	0.625000	0.591577	0.037137	0.513661	0.629781	0.494364	0.629100	0.541532	0.583174	0.485747	0.617114	0.561915	0.615912	0.577652	0.585034	0.244953	0.623324	0.177054	0.552381	0.640259	0.494331	0.637518	0.620690	0.255636	0.486797	0.612979	0.571429	0.605042	0.479908	0.603496	0.090361	0.619636	0.230665	0.629946	0.202642	0.533458	0.588465	0.323907	0.638770	0.408759	0.440476	0.639193	0.624095	0.194511	0.615819	0.570827	0.586695	0.418206	0.525090	0.240216	0.630483	0.087113	0.476337	0.589744	0.629630	0.595169	0.492063	0.473684	0.567941	0.451765	0.614379	0.632291	0.563126	0.346716	0.616071	0.393604	0.643317	0.628148	0.618502	0.599819	0.621410	0.621359	0.637145	0.630814	0.623824	0.213699	0.550149	0.622505	0.560461	0.594175	0.440237	0.549228	0.400993	0.624542	0.435196	0.640988	0.553626	0.403894	0.610006	0.237838	0.598480	0.598672	0.591220	0.534884	0.617666	0.619211	0.612789	0.583521	0.624679	0.625436	0.643991	0.595106	0.365368	0.529089	0.626354	0.595475	0.609938	0.596703	0.613928	0.391920	0.622255	0.551373	0.619409	0.618151	0.608629	0.631579	0.615004	0.426506	0.334188	0.632928	0.626039	0.612117	0.601786	0.620272	0.635983	0.611517	0.632450	0.529907	0.574597	0.626721	0.583012	0.583497	0.443426	0.518192	0.616079	0.591659	0.515428	0.553814	0.501109	0.618234	0.256684	0.537057	0.602967	0.621062	0.263701	0.615567	0.570281	0.308690	0.388133	0.578629	0.463080	0.569328	0.613666	0.557477	0.620626	0.601288	0.577114	0.284211	0.626244	0.218579	0.577954	0.571721	0.347548	0.620264	0.615962	0.604224	0.594272	0.485812	0.631940	0.609385	0.464789	0.378109	0.642504	0.500554	0.619718	0.275804	0.609558	0.625778	0.530612	0.588921	0.592075	0.180735	0.510591	0.385185	0.640316	0.446943	0.618919	0.575425	0.641829	0.556723	0.510315	0.507761	0.528836	0.592520	0.576436	0.548155	0.058502	0.466368	0.581489	0.531892	0.618815	0.611872	0.631195	0.261333	0.637457	0.488136	0.602959	0.598089	0.558916	0.600000	0.571429	0.585700	0.201379	0.576369	0.441075	0.621534	0.587103	0.529730	0.605355	0.256684	0.465658	0.467416	0.355612	0.630972	0.555212	0.634711	0.507263	0.638199	0.532760	0.496629	0.563350	0.588910	0.436019	0.483616	0.623693	0.221618	0.510315	0.308785	0.293959	0.453801	0.616246	0.624897	0.587452	0.390663	0.547835	0.619556	0.620321	0.617951	0.644666	0.543710	0.474654	0.590727	0.501114	0.635294	0.622144	0.633081	0.419783	0.582996	0.220494	0.575150	0.636864	0.629213	0.602588	0.630756	0.631040	0.237838	0.374065	0.603723	0.615523	0.450412	0.630454	0.623094	0.596087	0.554759	0.616594	0.640000	0.541001	0.638431	0.575238	0.500202	0.374065	0.501094	0.317419	0.486425	0.448434	0.564612	0.525054	0.602210	0.595238	0.602871	0.640468	0.553213	0.636501	0.620939	0.275132	0.605505	0.644558	0.597043	0.609091	0.640000	0.609143	0.395577	0.384661	0.631179	0.648120	0.574642	0.599170	0.387694	0.623446	0.484501	0.356090	0.580581	1.000000	0.447307	0.596391	0.479134	0.236360	0.168236	0.506590	0.611399	0.451765	0.589494	0.620748	0.626866	0.367960	0.270557	0.628044	0.530351	0.514786	0.620874	0.573196	0.595622	0.504983	0.592878	0.160790	0.542857	0.239442	0.603951	0.472895	0.618667	0.590000	0.611026	0.632258	0.558631	0.465817	0.488082	0.609613	0.487356	0.618986	0.622222	0.453365	0.580321	0.638037	0.638468	0.201421	0.515917	0.635780	0.618842	0.329044	0.529982	0.578947	0.114446	0.597328	0.372671	0.441558	0.611807	0.505757	0.626524	0.548495	0.544330	0.040467	0.605287	0.547744	0.460094	0.516630	0.589552	0.535332	0.610884	0.532069	0.449173	0.625616	0.581281	0.617733	0.428062	0.600561	0.466914	0.630686	0.463441	0.608640	0.548287	0.470183	0.592593	0.365915	0.534031	0.533907	0.598881	0.614574	0.455399	0.592205	0.473020	0.328205	0.615979	0.471264	0.530303	0.317419	0.263115	0.609646	0.353090	0.507726	0.477612	0.646088	0.612132	0.600240	0.498390	0.559411	0.427885	0.529217	0.355023	0.401469	0.367960	0.419277	0.596728	0.624262	0.635672	0.606061	0.618252	0.624901	0.538060	0.625612	0.616807	0.573399	0.538543	0.578662	0.598515	0.198895	0.390123	0.532770	0.574200	0.626891	
0.580897	0.546243	0.426304	0.569558	0.645320	0.448276	0.377923	0.022487	0.536082	0.586762	0.595825	0.354075	0.613936	0.593250	0.555725	0.600746	0.470446	0.640553	0.588008	0.521355	0.239478	0.263021	0.533532	0.610236	0.585455	0.089998	0.384030	0.598726	0.617450	0.203424	0.580645	0.635965	0.608863	0.627049	0.272973	0.570858	0.542522	0.253450	0.589421	0.527919	0.490470	0.384995	0.296841	0.175043	0.578450	0.609337	0.284708	0.151937	0.508242	0.150746	0.606870	0.547085	0.184982	0.567474	0.645455	0.465854	0.572632	0.625298	0.594360	0.577629	0.186004	0.658228	0.471584	0.620853	0.411582	0.252185	0.672897	0.575517	0.636771	0.446188	0.596050	0.615101	0.200000	0.534819	0.591944	0.011655	0.619355	0.394477	0.198623	0.511502	0.612159	0.597315	0.637002	0.350999	0.630137	0.390873	0.577558	0.573402	0.539249	0.383877	0.058424	0.630303	0.487929	0.638889	0.415289	0.505208	0.086863	0.636580	0.472859	0.584392	0.547504	0.660333	0.558870	0.028896	0.430270	0.494774	0.452920	0.067502	0.239478	0.568935	0.585366	0.515950	0.645161	0.615385	0.495264	0.376052	0.064599	0.571895	0.278813	0.276902	0.156468	0.226712	0.570447	0.442458	0.027826	0.187994	0.592199	0.398810	0.570940	0.583333	0.186004	0.281729	0.640000	0.560386	0.477490	0.583942	0.122018	0.540299	0.639118	0.419389	0.437778	0.537226	0.547945	0.532189	0.496183	0.380056	0.429806	0.472155	0.500000	0.606822	0.512270	0.247246	0.575862	0.632911	0.282715	0.145743	0.532710	0.624041	0.425486	0.616257	0.147769	0.334160	0.537931	0.320381	0.334714	0.563478	0.616935	0.366939	0.525140	0.500000	0.305598	0.365280	0.535817	0.458190	0.299703	0.129529	0.603037	0.519757	0.564885	0.346552	0.294891	0.390671	0.140914	0.434498	0.266491	0.511565	0.534819	0.469340	0.508701	0.466579	0.652632	0.117034	0.389535	0.562401	0.350999	0.546269	0.449541	0.408537	0.487867	0.509235	0.223575	0.575646	0.494268	0.600683	0.602113	0.169250	0.630197	0.544901	0.578313	0.218260	0.603550	0.637168	0.417191	0.590604	0.632017	0.327126	0.556732	0.089878	0.327656	0.604396	0.610592	0.635097	0.571956	0.179955	0.557769	0.376866	0.266491	0.540881	0.420275	0.601802	0.593548	0.537405	0.539007	0.610413	0.585551	0.122350	0.534307	0.517073	0.572770	0.329527	0.612529	0.398414	0.378175	0.562189	0.621469	0.494764	0.626932	0.499339	0.094437	0.555387	0.545185	0.636175	0.587219	0.319115	0.059719	0.617450	0.633333	0.451534	0.168614	0.386408	0.617060	0.511628	0.601594	0.649682	0.623894	0.588486	0.586572	0.568458	0.246793	0.018498	0.181491	0.580882	0.610526	0.408122	0.536434	0.427332	0.513333	0.535014	0.671264	0.344710	0.303988	0.632613	0.570492	0.595281	0.560420	0.501818	0.565144	0.164763	0.365123	0.590832	0.640000	0.318612	0.570470	0.630807	0.181982	0.583090	0.484293	0.581888	0.502632	0.620225	0.472554	0.598753	0.668182	0.290857	0.590604	0.649746	0.639080	0.524355	0.074347	0.649682	0.107077	0.101355	0.646914	0.544283	0.495413	0.568106	0.626374	0.604052	0.482399	0.538690	0.482077	0.454865	0.618852	0.641148	0.311488	0.642857	0.486486	0.537791	0.512821	0.654354	0.587361	0.073939	0.576642	0.398406	0.442938	0.563291	0.536377	0.434498	0.496552	0.573864	0.383302	0.534954	0.172429	0.537890	0.403452	0.313665	0.611006	0.538129	0.452571	0.588957	0.470303	0.570000	0.199901	0.642045	0.607759	0.615385	0.668203	0.168967	0.597122	0.615385	0.553459	0.570093	0.330606	0.520107	0.261997	0.447489	0.550152	0.568627	0.375465	0.517906	0.566456	0.550769	0.452571	0.310769	0.604396	0.137415	0.460116	0.450000	0.594697	0.505960	0.139406	0.550296	0.598575	0.125778	0.612022	0.447307	1.000000	0.570481	0.188962	0.079732	0.055335	0.204247	0.505650	0.625000	0.577855	0.517906	0.442697	0.607450	0.559211	0.499325	0.621677	0.652268	0.530551	0.596154	0.314152	0.622517	0.587436	0.440154	0.603774	0.080865	0.570962	0.637890	0.536296	0.556364	0.457944	0.423280	0.262850	0.648910	0.645012	0.321656	0.623810	0.371324	0.408081	0.599496	0.575092	0.395280	0.473225	0.067065	0.633406	0.421826	0.523338	0.115001	0.222222	0.559028	0.036915	0.555184	0.608451	0.644836	0.553892	0.203835	0.459397	0.245892	0.600000	0.012715	0.568779	0.588469	0.572139	0.619469	0.572347	0.574380	0.396078	0.229025	0.606061	0.344123	0.605310	0.427646	0.634271	0.565428	0.180357	0.446281	0.175729	0.357651	0.615984	0.658768	0.567164	0.643678	0.586139	0.638831	0.562701	0.519594	0.592040	0.318361	0.655582	0.581818	0.366606	0.628571	0.658228	0.560000	0.089658	0.365611	0.612245	0.644737	0.608076	0.426299	0.536050	0.332237	0.198623	0.570858	0.628272	0.612691	0.125349	0.621253	0.613181	0.647368	0.597623	0.375814	0.510232	0.536170	0.365280	0.478422	0.640472	0.410623	0.508108	0.598230	0.643863	0.564024	0.310530	0.496350	0.633333	0.620968	0.585198	0.513514	
0.623596	0.637486	0.566142	0.619753	0.565289	0.606174	0.544164	0.044151	0.626424	0.627968	0.619835	0.546269	0.630137	0.632546	0.622951	0.617687	0.597276	0.587678	0.620112	0.619590	0.419936	0.453026	0.613793	0.616690	0.630174	0.171075	0.565947	0.597015	0.591331	0.367048	0.481481	0.607634	0.610028	0.631732	0.465753	0.608571	0.635641	0.441718	0.553691	0.600000	0.622718	0.541254	0.489744	0.319904	0.634615	0.567657	0.477132	0.280616	0.625674	0.278569	0.627939	0.633641	0.336551	0.612613	0.600939	0.606477	0.596439	0.579288	0.593939	0.651629	0.338254	0.555556	0.619883	0.579710	0.588336	0.440866	0.590112	0.623188	0.592248	0.590284	0.632275	0.638814	0.361424	0.632497	0.628571	0.023005	0.596386	0.563891	0.359158	0.622601	0.600592	0.649057	0.581470	0.525926	0.622535	0.531897	0.631056	0.622108	0.365854	0.539887	0.112735	0.616715	0.628803	0.570523	0.579263	0.620476	0.165361	0.570968	0.595331	0.602667	0.609756	0.580645	0.631579	0.056559	0.585409	0.345679	0.589595	0.129690	0.414634	0.626943	0.459203	0.615217	0.525394	0.536503	0.618337	0.552050	0.124283	0.653514	0.464806	0.465621	0.288385	0.400808	0.363265	0.592322	0.054491	0.340716	0.634338	0.560066	0.640306	0.557845	0.338254	0.475199	0.567613	0.629268	0.590129	0.615797	0.228490	0.646720	0.505338	0.585366	0.607825	0.638009	0.635514	0.630290	0.617259	0.546751	0.595556	0.616585	0.325678	0.637566	0.608696	0.432079	0.626444	0.565657	0.464373	0.269943	0.632580	0.552542	0.593778	0.626374	0.273440	0.515625	0.359918	0.506849	0.522048	0.630491	0.621583	0.553846	0.629508	0.603429	0.498356	0.542529	0.617614	0.591418	0.482224	0.241712	0.587879	0.599767	0.632319	0.523915	0.489484	0.570033	0.261579	0.591928	0.445481	0.620985	0.621592	0.595989	0.625793	0.588358	0.542314	0.219666	0.562145	0.637019	0.536296	0.637514	0.608777	0.564666	0.619145	0.629049	0.398804	0.620783	0.623984	0.642038	0.628422	0.310131	0.615854	0.635514	0.646154	0.390244	0.626062	0.605223	0.575889	0.386318	0.611765	0.520223	0.639535	0.170856	0.525140	0.617450	0.450000	0.508961	0.626181	0.328151	0.593438	0.553895	0.451312	0.622754	0.567190	0.623342	0.416503	0.632319	0.332640	0.634921	0.604138	0.229077	0.638009	0.611794	0.634845	0.513684	0.574603	0.571192	0.554675	0.545757	0.488246	0.629283	0.595092	0.617155	0.179138	0.643357	0.633867	0.626471	0.637532	0.510580	0.115164	0.609907	0.515206	0.583826	0.309056	0.566314	0.645333	0.627957	0.624822	0.608955	0.599078	0.592814	0.640523	0.631443	0.431373	0.036390	0.330722	0.635262	0.614243	0.560811	0.646919	0.590544	0.376754	0.637459	0.580442	0.529540	0.494764	0.632768	0.630408	0.616000	0.631169	0.308017	0.632911	0.302527	0.544615	0.639594	0.620178	0.513974	0.386318	0.575658	0.331542	0.483395	0.602285	0.590529	0.621481	0.596273	0.611379	0.608824	0.594679	0.479849	0.633962	0.556492	0.580442	0.628763	0.142375	0.608955	0.201913	0.191637	0.556291	0.619512	0.615385	0.629213	0.518650	0.628032	0.614907	0.624569	0.628968	0.608365	0.622999	0.583468	0.506684	0.593509	0.613419	0.626832	0.646809	0.536332	0.624152	0.141621	0.615797	0.560266	0.590406	0.640193	0.633333	0.586547	0.351738	0.486388	0.557063	0.630105	0.315500	0.621560	0.539964	0.512441	0.625344	0.639821	0.616387	0.587209	0.621094	0.633292	0.361261	0.497278	0.621418	0.450382	0.606635	0.309653	0.638411	0.596702	0.617964	0.637337	0.516538	0.632804	0.438828	0.602791	0.616103	0.403960	0.549020	0.629189	0.630566	0.638398	0.601490	0.503002	0.511545	0.255495	0.607143	0.600556	0.618982	0.616352	0.258960	0.637714	0.564516	0.235122	0.633690	0.596391	0.570481	1.000000	0.343175	0.152298	0.106933	0.368397	0.635061	0.560935	0.633205	0.620541	0.600551	0.503650	0.397614	0.625532	0.616279	0.601208	0.620690	0.617524	0.505051	0.595092	0.652284	0.248908	0.631001	0.154379	0.625616	0.584416	0.631579	0.603471	0.597156	0.585664	0.445853	0.571895	0.584127	0.520962	0.575121	0.557887	0.578638	0.546980	0.617450	0.567434	0.610778	0.128877	0.600000	0.588542	0.644592	0.216056	0.396629	0.624516	0.071973	0.634881	0.490975	0.570470	0.625144	0.367721	0.608860	0.425624	0.611961	0.025084	0.638298	0.618234	0.535774	0.583717	0.645554	0.606149	0.551272	0.406521	0.551261	0.546249	0.630890	0.583111	0.538983	0.645477	0.328823	0.575526	0.321057	0.532124	0.623596	0.589372	0.633416	0.500914	0.616477	0.619469	0.626066	0.623874	0.562396	0.509537	0.574194	0.465028	0.551883	0.594507	0.621100	0.446565	0.170457	0.544479	0.490775	0.607634	0.577419	0.597198	0.628435	0.515901	0.359158	0.617143	0.543890	0.591463	0.234366	0.519435	0.503650	0.545769	0.644670	0.560440	0.622318	0.632743	0.548659	0.619802	0.629944	0.582343	0.636848	0.630890	0.623563	0.629240	0.506667	0.304440	0.508050	0.638849	0.643590	0.638978	
0.276814	0.402308	0.490826	0.348827	0.190654	0.491551	0.546557	0.196548	0.395358	0.311382	0.287483	0.573913	0.290508	0.314323	0.379238	0.294273	0.474444	0.214022	0.279876	0.392872	0.640164	0.615291	0.389189	0.272971	0.304729	0.532862	0.551328	0.243991	0.224668	0.640860	0.133976	0.231963	0.281403	0.257426	0.626011	0.267562	0.395695	0.637620	0.183013	0.334624	0.452995	0.531489	0.604847	0.634834	0.288997	0.191499	0.611481	0.613704	0.421608	0.625736	0.285208	0.387016	0.642675	0.325260	0.218951	0.470634	0.247171	0.201579	0.235991	0.340334	0.616487	0.181306	0.470910	0.204082	0.524250	0.629496	0.209066	0.361405	0.223853	0.497334	0.309908	0.299517	0.641449	0.418434	0.320174	0.106382	0.239200	0.535662	0.648089	0.427820	0.248756	0.338197	0.208237	0.571231	0.275278	0.531729	0.345299	0.325984	0.089788	0.549712	0.435657	0.262898	0.452202	0.212373	0.526277	0.445244	0.540955	0.203248	0.473664	0.305470	0.355839	0.203248	0.366934	0.246389	0.514479	0.084117	0.476487	0.465345	0.628471	0.321630	0.122211	0.420367	0.161443	0.177024	0.427820	0.547984	0.467702	0.349531	0.617656	0.607579	0.640408	0.640501	0.087901	0.497528	0.238233	0.631471	0.315057	0.540481	0.330315	0.212373	0.648233	0.625631	0.185567	0.355839	0.423186	0.303243	0.610902	0.389351	0.153553	0.518822	0.501139	0.397685	0.380594	0.405261	0.453968	0.541294	0.512030	0.475781	0.077458	0.309908	0.376362	0.633610	0.326707	0.181306	0.615871	0.623613	0.370370	0.177882	0.507519	0.288997	0.642346	0.585797	0.086957	0.585643	0.584835	0.323084	0.263677	0.562257	0.416327	0.393361	0.611911	0.557746	0.405428	0.490219	0.597664	0.606223	0.235991	0.380435	0.379238	0.563234	0.610825	0.542888	0.611606	0.507925	0.615385	0.429324	0.418434	0.483346	0.432890	0.438927	0.168401	0.602777	0.545192	0.364174	0.573310	0.389351	0.493477	0.523179	0.450536	0.440610	0.631460	0.298770	0.454148	0.331034	0.317984	0.642077	0.232770	0.380594	0.327430	0.640446	0.272200	0.228728	0.521577	0.094488	0.251919	0.586056	0.382463	0.544229	0.584429	0.301754	0.115815	0.150024	0.298770	0.640362	0.268336	0.555952	0.624615	0.366245	0.519955	0.308432	0.105675	0.379238	0.079365	0.309908	0.286726	0.623908	0.397685	0.351639	0.368310	0.581081	0.211547	0.538826	0.555595	0.187266	0.145594	0.442754	0.229538	0.437575	0.549900	0.381947	0.391864	0.251919	0.325984	0.595333	0.444758	0.224668	0.150907	0.466065	0.636804	0.541968	0.305470	0.426775	0.268336	0.243991	0.228728	0.242397	0.316522	0.324535	0.625334	0.164249	0.648990	0.300263	0.247171	0.528871	0.372425	0.515813	0.096362	0.416667	0.214846	0.579491	0.596148	0.273741	0.348123	0.305470	0.320174	0.072673	0.334624	0.644052	0.562963	0.333190	0.247171	0.593604	0.094488	0.193187	0.634294	0.135773	0.442754	0.281403	0.441059	0.223038	0.474339	0.251919	0.218951	0.607109	0.338197	0.180451	0.214846	0.407895	0.496373	0.243991	0.576721	0.574825	0.189808	0.355839	0.442131	0.342466	0.154433	0.299517	0.441423	0.389027	0.467165	0.480866	0.257426	0.200743	0.599802	0.225481	0.430073	0.400495	0.429091	0.167534	0.295775	0.509586	0.303243	0.535427	0.497136	0.363483	0.408214	0.504906	0.086957	0.143816	0.550933	0.381271	0.652931	0.391359	0.508080	0.600265	0.287483	0.404282	0.493676	0.258210	0.469715	0.341045	0.641278	0.143816	0.238399	0.119475	0.214022	0.637091	0.309170	0.241599	0.366245	0.370370	0.588633	0.433065	0.605617	0.490421	0.381271	0.101961	0.552313	0.419512	0.363483	0.375839	0.494442	0.585366	0.154433	0.632435	0.488649	0.495792	0.288240	0.437927	0.626511	0.392531	0.203248	0.619895	0.303986	0.479134	0.188962	0.343175	1.000000	0.517571	0.423907	0.637392	0.411957	0.185567	0.325260	0.421951	0.498476	0.141143	0.100098	0.430707	0.258210	0.237597	0.389189	0.282165	0.600000	0.229538	0.333190	0.057200	0.289753	0.524220	0.350234	0.199907	0.391864	0.304729	0.491120	0.518104	0.632223	0.196553	0.211547	0.597324	0.202414	0.559178	0.534508	0.183013	0.301754	0.539440	0.458021	0.472029	0.235991	0.518794	0.412946	0.595769	0.650338	0.323810	0.305411	0.339623	0.146482	0.183013	0.387177	0.646394	0.489214	0.636068	0.282165	0.115554	0.373793	0.269110	0.187266	0.228728	0.356537	0.254283	0.536674	0.639794	0.182160	0.577029	0.315789	0.511278	0.177882	0.354441	0.974333	0.478884	0.640714	0.562631	0.276814	0.204082	0.343175	0.140250	0.270657	0.250339	0.356537	0.401156	0.187266	0.590743	0.203248	0.124031	0.566996	0.202414	0.246377	0.119475	0.550000	0.562170	0.135773	0.231963	0.203248	0.518491	0.367622	0.587119	0.642251	0.267562	0.170132	0.232770	0.609239	0.157068	0.141143	0.168401	0.333190	0.556070	0.423997	0.410004	0.555634	0.464440	0.273741	0.527092	0.430881	0.315789	0.264455	0.379916	0.596376	0.071713	0.150907	0.263677	0.327430	0.430881	
0.120170	0.183007	0.245266	0.155100	0.080489	0.241460	0.302512	0.422025	0.178585	0.136729	0.125241	0.323570	0.126685	0.138155	0.170365	0.128486	0.228332	0.091034	0.121622	0.178585	0.453858	0.425230	0.175853	0.118352	0.133512	0.644449	0.297463	0.104792	0.095890	0.504136	0.055556	0.099238	0.122347	0.111046	0.410549	0.115802	0.179607	0.435352	0.077075	0.148078	0.214679	0.285765	0.383798	0.547985	0.125963	0.080868	0.397567	0.577984	0.195140	0.559717	0.124157	0.175169	0.516138	0.143484	0.093278	0.225424	0.106267	0.085399	0.101093	0.150893	0.529042	0.076315	0.227687	0.086529	0.271758	0.436393	0.088784	0.161376	0.095518	0.248425	0.136015	0.131003	0.506060	0.191786	0.141001	0.247419	0.102574	0.286067	0.507989	0.198815	0.107004	0.149838	0.088409	0.326453	0.119443	0.284253	0.153350	0.143838	0.036723	0.294479	0.617032	0.113610	0.214679	0.090285	0.272065	0.208433	0.620786	0.086153	0.228332	0.133870	0.158592	0.086153	0.164151	0.483051	0.258769	0.034343	0.231552	0.612322	0.453543	0.141711	0.050491	0.192793	0.067527	0.074411	0.198815	0.302512	0.608409	0.155450	0.404777	0.408690	0.552933	0.468270	0.035931	0.249370	0.472422	0.525543	0.138512	0.284253	0.145960	0.090285	0.524945	0.400525	0.078214	0.158592	0.196812	0.132796	0.595184	0.175511	0.064067	0.266215	0.250944	0.180628	0.171053	0.185379	0.214351	0.300733	0.259080	0.227364	0.031560	0.136015	0.169332	0.444656	0.144192	0.076315	0.399869	0.567586	0.165881	0.074792	0.259080	0.125963	0.565905	0.342984	0.035534	0.357529	0.342419	0.142421	0.113976	0.311936	0.191114	0.177561	0.373935	0.313399	0.185040	0.242413	0.380968	0.609355	0.101093	0.171396	0.170365	0.329040	0.386541	0.290583	0.590438	0.255960	0.421427	0.197481	0.191786	0.234440	0.201479	0.206782	0.070593	0.604559	0.291484	0.162764	0.326453	0.175511	0.242096	0.276961	0.213368	0.205128	0.477280	0.130644	0.214023	0.146314	0.139935	0.539291	0.099609	0.171053	0.144546	0.475898	0.117988	0.097752	0.267759	0.038702	0.108476	0.350288	0.172427	0.617602	0.349729	0.132079	0.047753	0.062525	0.130644	0.536479	0.116167	0.303400	0.419809	0.163804	0.265597	0.135301	0.043435	0.170365	0.032356	0.136015	0.124880	0.613685	0.180628	0.156499	0.164843	0.347767	0.089910	0.284556	0.300733	0.078973	0.060594	0.207113	0.098124	0.204797	0.616710	0.171740	0.177220	0.108476	0.143838	0.358576	0.604655	0.095890	0.062911	0.223804	0.555603	0.290884	0.133870	0.196144	0.116167	0.104792	0.097752	0.104053	0.139224	0.143130	0.447302	0.366223	0.528959	0.131362	0.106267	0.277266	0.166918	0.257833	0.039492	0.190441	0.091408	0.332476	0.375834	0.118716	0.154751	0.133870	0.141001	0.029567	0.148078	0.547294	0.311936	0.147372	0.106267	0.359467	0.038702	0.081625	0.537266	0.056332	0.207113	0.122347	0.205790	0.095145	0.231231	0.108476	0.093278	0.390615	0.149838	0.075934	0.091408	0.185040	0.606715	0.104792	0.632053	0.634987	0.080110	0.158592	0.206782	0.151947	0.064452	0.131003	0.208103	0.176195	0.221857	0.236041	0.111046	0.085023	0.367450	0.096263	0.199149	0.181648	0.199482	0.070210	0.129206	0.629012	0.132796	0.283042	0.246215	0.162417	0.186055	0.255960	0.035534	0.059821	0.298058	0.171396	0.538396	0.176537	0.259392	0.364645	0.125241	0.184024	0.243048	0.111413	0.227041	0.151245	0.512268	0.059821	0.102204	0.049318	0.091034	0.547774	0.135658	0.103683	0.163804	0.165881	0.346644	0.201146	0.427075	0.243365	0.171396	0.041860	0.304583	0.194470	0.162417	0.168643	0.243048	0.368271	0.064452	0.585032	0.239870	0.244633	0.125602	0.204134	0.592779	0.177561	0.086153	0.606222	0.133154	0.236360	0.079732	0.152298	0.517571	1.000000	0.608826	0.505044	0.188419	0.078214	0.143484	0.194470	0.247794	0.058659	0.041071	0.199482	0.111413	0.101834	0.175853	0.122709	0.364431	0.098124	0.147372	0.023161	0.126324	0.621389	0.155800	0.084646	0.177220	0.133512	0.236999	0.264979	0.425484	0.083136	0.089910	0.356141	0.085776	0.308120	0.278790	0.077075	0.132079	0.286972	0.219905	0.616450	0.101093	0.267450	0.188082	0.593689	0.474618	0.142775	0.537707	0.150542	0.060980	0.077075	0.174826	0.500828	0.238914	0.446242	0.122709	0.267036	0.167608	0.116531	0.078973	0.097752	0.158940	0.109578	0.287876	0.464291	0.076695	0.333048	0.138868	0.259080	0.074792	0.157895	0.529625	0.234120	0.541511	0.318645	0.120170	0.086529	0.152298	0.058272	0.117260	0.107740	0.158940	0.181988	0.078973	0.359744	0.086153	0.051272	0.312229	0.085776	0.105898	0.049318	0.617734	0.313107	0.056332	0.099238	0.086153	0.264360	0.164497	0.344957	0.504405	0.115802	0.071358	0.099609	0.612985	0.065606	0.058659	0.070593	0.147372	0.304287	0.196812	0.187407	0.313399	0.222506	0.118716	0.275434	0.199149	0.138868	0.114341	0.170709	0.368209	0.029168	0.062911	0.113976	0.144546	0.199149	
0.083941	0.129134	0.174830	0.108950	0.055867	0.172010	0.217675	0.522544	0.125924	0.095762	0.087554	0.233640	0.088584	0.096783	0.119968	0.089870	0.162309	0.063293	0.084974	0.125924	0.345993	0.316376	0.123943	0.082647	0.093460	0.584753	0.213863	0.073018	0.066721	0.398964	0.038408	0.069087	0.085491	0.077454	0.305121	0.080833	0.126666	0.327877	0.053469	0.103900	0.152264	0.205057	0.280698	0.443889	0.088069	0.056134	0.292689	0.484722	0.137967	0.497442	0.086781	0.123447	0.431891	0.100602	0.064877	0.160166	0.074064	0.059322	0.070400	0.105923	0.426067	0.052935	0.161833	0.060118	0.194557	0.329451	0.061706	0.113473	0.066458	0.177173	0.095251	0.091667	0.404845	0.135522	0.098822	0.341627	0.071448	0.205284	0.408241	0.140650	0.074586	0.105165	0.061442	0.235835	0.083423	0.203922	0.107690	0.100856	0.025313	0.211614	0.633652	0.079275	0.152264	0.062764	0.194787	0.147684	0.614306	0.059852	0.162309	0.093716	0.111466	0.059852	0.115477	0.579462	0.184863	0.023664	0.164685	0.629871	0.345993	0.099331	0.034879	0.136256	0.046774	0.051599	0.140650	0.217675	0.644818	0.109202	0.298826	0.300862	0.483806	0.364097	0.024763	0.177875	0.567239	0.425602	0.097038	0.203922	0.102379	0.062764	0.427831	0.295763	0.054269	0.111466	0.139187	0.092948	0.550549	0.123695	0.044353	0.190415	0.179043	0.127407	0.120466	0.130858	0.152024	0.216332	0.185095	0.161595	0.021736	0.095251	0.119221	0.335717	0.101110	0.052935	0.294739	0.506154	0.116726	0.051866	0.185095	0.088069	0.501298	0.248458	0.024489	0.259622	0.248026	0.099839	0.079535	0.224806	0.135032	0.125182	0.272539	0.225915	0.130612	0.172716	0.277987	0.519169	0.070400	0.120715	0.119968	0.237806	0.282569	0.208680	0.499590	0.182772	0.312374	0.139675	0.135522	0.166817	0.142595	0.146475	0.048921	0.558315	0.209358	0.114475	0.235835	0.123695	0.172480	0.198452	0.151302	0.145265	0.368796	0.091410	0.151783	0.102633	0.098058	0.460146	0.069350	0.120466	0.101364	0.377000	0.082388	0.068036	0.191568	0.026685	0.075630	0.254058	0.121461	0.600246	0.253629	0.092436	0.032973	0.043275	0.091410	0.438854	0.081092	0.218346	0.312374	0.115226	0.189954	0.094740	0.029971	0.119968	0.022287	0.095251	0.087296	0.542406	0.127407	0.109957	0.115977	0.252124	0.062500	0.204149	0.216332	0.054802	0.041925	0.146717	0.068299	0.145022	0.596152	0.120963	0.124934	0.075630	0.100856	0.260688	0.642073	0.066721	0.043544	0.158973	0.455181	0.208906	0.093716	0.138700	0.081092	0.073018	0.068036	0.072495	0.097548	0.100348	0.336302	0.471030	0.437575	0.091923	0.074064	0.198681	0.117475	0.184167	0.027234	0.134542	0.063557	0.240426	0.274009	0.082906	0.108699	0.093716	0.098822	0.020357	0.103900	0.467858	0.224806	0.103393	0.074064	0.261115	0.026685	0.056666	0.432818	0.038950	0.146717	0.085491	0.145749	0.066194	0.164447	0.075630	0.064877	0.286507	0.105165	0.052668	0.063557	0.130612	0.630768	0.073018	0.560450	0.578884	0.055601	0.111466	0.146475	0.106681	0.044622	0.091667	0.147443	0.124191	0.157540	0.168000	0.077454	0.059057	0.267269	0.066984	0.140893	0.128148	0.141136	0.048653	0.090383	0.633444	0.092948	0.203012	0.175533	0.114225	0.131350	0.182772	0.024489	0.041385	0.214313	0.120715	0.453680	0.124439	0.185327	0.265363	0.087554	0.129874	0.173186	0.077715	0.161357	0.106176	0.403902	0.041385	0.071186	0.034063	0.063293	0.458656	0.094995	0.072234	0.115226	0.116726	0.251262	0.142352	0.317573	0.173421	0.120715	0.028877	0.219240	0.137479	0.114225	0.118723	0.173186	0.267903	0.044622	0.514588	0.170832	0.174360	0.087811	0.144537	0.505564	0.125182	0.059852	0.538728	0.093204	0.168236	0.055335	0.106933	0.423907	0.608826	1.000000	0.398423	0.133070	0.054269	0.100602	0.137479	0.176705	0.040574	0.028329	0.141136	0.077715	0.070924	0.123943	0.085749	0.264940	0.068299	0.103393	0.015931	0.088326	0.621710	0.109454	0.058791	0.124934	0.093460	0.168709	0.189492	0.316576	0.057729	0.062500	0.258555	0.059587	0.221916	0.199822	0.053469	0.092436	0.205964	0.156104	0.641436	0.070400	0.191338	0.132825	0.562536	0.370855	0.100094	0.618799	0.105670	0.042195	0.053469	0.123199	0.399820	0.170125	0.337471	0.085749	0.367045	0.117975	0.081351	0.054802	0.068036	0.111717	0.076412	0.206644	0.360697	0.053202	0.240862	0.097293	0.185095	0.051866	0.110963	0.437999	0.166581	0.444541	0.229897	0.083941	0.060118	0.106933	0.040304	0.081870	0.075108	0.111717	0.128394	0.054802	0.261327	0.059852	0.035423	0.225028	0.059587	0.073803	0.034063	0.608787	0.225694	0.038950	0.069087	0.059852	0.189031	0.115727	0.249969	0.408241	0.080833	0.049457	0.069350	0.530830	0.045430	0.040574	0.048921	0.103393	0.219017	0.139187	0.132334	0.225915	0.158018	0.082906	0.197308	0.140893	0.097293	0.079794	0.120217	0.268114	0.020081	0.043544	0.079535	0.101364	0.140893	
0.298035	0.428067	0.505700	0.373455	0.206061	0.511457	0.555429	0.181781	0.422548	0.334740	0.309376	0.581952	0.312589	0.337857	0.405563	0.316588	0.496879	0.231076	0.301291	0.422548	0.640908	0.636656	0.416927	0.293948	0.327684	0.525812	0.569688	0.263081	0.242454	0.642697	0.145170	0.250246	0.302914	0.277401	0.622135	0.288193	0.422872	0.635101	0.197869	0.359353	0.476917	0.554310	0.612606	0.641937	0.310984	0.206966	0.620114	0.630286	0.446568	0.607428	0.306959	0.413732	0.613092	0.349442	0.236346	0.491228	0.266471	0.217762	0.254545	0.365393	0.637480	0.196039	0.493128	0.220441	0.539945	0.627834	0.225774	0.387653	0.241584	0.523114	0.333177	0.322154	0.638843	0.440663	0.344056	0.098021	0.257970	0.560278	0.644124	0.456550	0.268162	0.363134	0.224888	0.587156	0.296403	0.561580	0.369725	0.350209	0.097483	0.564985	0.413241	0.283229	0.477764	0.229312	0.549174	0.465414	0.506667	0.219549	0.487724	0.328471	0.381777	0.219549	0.391678	0.228351	0.529012	0.091349	0.502279	0.437889	0.629255	0.345599	0.132492	0.444444	0.174717	0.191446	0.453956	0.570564	0.438937	0.375114	0.610652	0.631718	0.618864	0.627533	0.095442	0.520859	0.220717	0.646253	0.338634	0.549961	0.354794	0.229312	0.641217	0.617686	0.200608	0.380866	0.450802	0.326107	0.589560	0.414439	0.166236	0.534285	0.514956	0.423196	0.405199	0.429388	0.474576	0.569587	0.528000	0.492500	0.084142	0.333177	0.402516	0.641521	0.350975	0.196039	0.609391	0.610676	0.396209	0.192366	0.529600	0.310984	0.618849	0.600791	0.094421	0.601764	0.593312	0.347138	0.284058	0.568224	0.441048	0.420444	0.603591	0.572388	0.428697	0.512464	0.617385	0.610697	0.254545	0.407706	0.403769	0.591075	0.618207	0.553208	0.613375	0.517269	0.628479	0.447813	0.438918	0.493807	0.456700	0.463843	0.182190	0.583764	0.559478	0.389669	0.591560	0.411765	0.515944	0.553557	0.472635	0.459691	0.649512	0.321361	0.477321	0.355556	0.341737	0.623075	0.251108	0.403407	0.351740	0.637664	0.293128	0.246792	0.533228	0.102564	0.271533	0.600926	0.409843	0.519690	0.592804	0.324528	0.125594	0.162442	0.321361	0.632626	0.289017	0.561602	0.625243	0.392760	0.521222	0.331611	0.114650	0.405563	0.086207	0.333177	0.308571	0.607875	0.421425	0.377341	0.394035	0.596429	0.228429	0.555943	0.564278	0.202429	0.157676	0.465355	0.247657	0.459030	0.529733	0.407524	0.417964	0.271533	0.350209	0.597183	0.416837	0.242454	0.163392	0.493093	0.644332	0.562212	0.328471	0.449458	0.289017	0.263081	0.246792	0.261380	0.340187	0.348675	0.634693	0.151704	0.636842	0.322946	0.266471	0.544744	0.398378	0.523237	0.104589	0.437937	0.231956	0.576111	0.624871	0.294767	0.373626	0.328471	0.344056	0.078962	0.359353	0.624441	0.571215	0.357836	0.266471	0.610134	0.102564	0.208775	0.646811	0.147105	0.466210	0.302914	0.466153	0.240713	0.501658	0.271533	0.236346	0.614242	0.363134	0.195122	0.231956	0.433099	0.470034	0.263081	0.573406	0.563669	0.205154	0.380866	0.467266	0.367647	0.167183	0.322154	0.469885	0.417631	0.485103	0.507623	0.277401	0.216867	0.613027	0.243323	0.454624	0.425287	0.454428	0.181260	0.318182	0.481387	0.326107	0.549263	0.514030	0.388033	0.430769	0.526104	0.094421	0.155763	0.557839	0.407706	0.639775	0.418336	0.530188	0.600280	0.309376	0.428383	0.510412	0.278236	0.497707	0.366145	0.646453	0.155763	0.257115	0.129542	0.231076	0.635561	0.332394	0.260529	0.391855	0.393502	0.589413	0.454310	0.625802	0.506122	0.405914	0.110638	0.564528	0.447826	0.388939	0.399281	0.512046	0.617258	0.167183	0.615419	0.505945	0.515892	0.310181	0.458566	0.619410	0.417778	0.219549	0.600919	0.326896	0.506590	0.204247	0.368397	0.637392	0.505044	0.398423	1.000000	0.434706	0.200608	0.349442	0.442609	0.515422	0.152886	0.108626	0.455292	0.278236	0.256259	0.414254	0.303725	0.602098	0.247657	0.357836	0.062193	0.311787	0.498326	0.375857	0.215972	0.417074	0.327684	0.493827	0.533545	0.625522	0.212380	0.228429	0.599293	0.218656	0.572502	0.545242	0.197869	0.324528	0.549595	0.483803	0.447486	0.254545	0.538188	0.434897	0.573226	0.637972	0.347907	0.283751	0.364641	0.158631	0.197869	0.414808	0.632171	0.510673	0.635996	0.303725	0.106513	0.400720	0.289841	0.202429	0.246792	0.381603	0.274052	0.564379	0.636309	0.196954	0.586608	0.339411	0.528000	0.192366	0.379389	0.636078	0.506402	0.646011	0.577465	0.298035	0.220441	0.368397	0.151925	0.291486	0.269849	0.382514	0.424216	0.202429	0.596553	0.219549	0.134454	0.573244	0.218656	0.265625	0.129542	0.522368	0.576334	0.147105	0.250246	0.219549	0.531585	0.393309	0.596416	0.638581	0.288193	0.184049	0.251108	0.604961	0.170015	0.152886	0.182190	0.357836	0.565496	0.448201	0.435279	0.579104	0.486373	0.294767	0.545241	0.451167	0.339411	0.284887	0.403587	0.601043	0.077922	0.163392	0.284058	0.351740	0.453760	
0.575275	0.640562	0.591906	0.631694	0.509859	0.626917	0.597232	0.055391	0.642930	0.616454	0.596871	0.591003	0.594012	0.620531	0.627737	0.614286	0.637246	0.542005	0.591961	0.622584	0.484179	0.511957	0.623590	0.608374	0.615925	0.211141	0.601770	0.544516	0.537949	0.434934	0.412403	0.560526	0.595383	0.583333	0.521300	0.568944	0.640974	0.507903	0.496434	0.576536	0.634280	0.580106	0.556156	0.387443	0.590636	0.517581	0.543239	0.341546	0.637597	0.339142	0.608696	0.635149	0.404341	0.614512	0.561828	0.631673	0.557125	0.528354	0.543791	0.631229	0.403877	0.512160	0.634836	0.528926	0.613690	0.500525	0.530055	0.623794	0.557333	0.607023	0.627178	0.625738	0.427711	0.636008	0.628571	0.028942	0.564369	0.597876	0.426861	0.628955	0.565941	0.608889	0.533516	0.573196	0.591411	0.586890	0.630769	0.613817	0.304858	0.592868	0.140186	0.580726	0.621448	0.535326	0.616352	0.643657	0.204238	0.535172	0.617829	0.603509	0.609730	0.532414	0.637620	0.070844	0.637917	0.287648	0.612423	0.160916	0.475138	0.615735	0.392405	0.640000	0.470414	0.489914	0.621285	0.594319	0.154315	0.631004	0.525956	0.521838	0.350658	0.471716	0.299160	0.627189	0.068272	0.403587	0.594470	0.611280	0.627672	0.524457	0.406300	0.543153	0.519886	0.627027	0.624879	0.610329	0.279945	0.628337	0.449775	0.619314	0.636213	0.639029	0.643080	0.636092	0.634862	0.582297	0.614634	0.631858	0.267123	0.606272	0.600418	0.495356	0.597285	0.497854	0.517023	0.328999	0.617336	0.512230	0.616260	0.595438	0.333114	0.567085	0.296296	0.555911	0.577101	0.618885	0.587500	0.600712	0.623529	0.612245	0.557196	0.585816	0.632735	0.628717	0.530266	0.295647	0.546405	0.619543	0.638165	0.556011	0.543608	0.603151	0.319142	0.622951	0.509890	0.648701	0.645793	0.630208	0.639391	0.592315	0.485380	0.269436	0.606287	0.633938	0.584192	0.634497	0.629252	0.605590	0.625575	0.621469	0.462340	0.614657	0.637282	0.617978	0.614679	0.375325	0.575558	0.634755	0.621469	0.454756	0.589396	0.560847	0.610493	0.318937	0.580892	0.576998	0.619689	0.210877	0.575146	0.625882	0.380800	0.455505	0.576832	0.396234	0.573201	0.598837	0.513187	0.631915	0.613909	0.600698	0.348534	0.625652	0.273038	0.622532	0.587952	0.280643	0.639029	0.609358	0.634146	0.569935	0.546939	0.592536	0.599854	0.512748	0.446809	0.634831	0.562748	0.631480	0.220864	0.641745	0.629213	0.568153	0.638732	0.569427	0.143160	0.551265	0.457831	0.588025	0.374815	0.598201	0.624561	0.635749	0.573201	0.580645	0.563492	0.543338	0.593103	0.608400	0.496651	0.045701	0.397628	0.601415	0.575096	0.591156	0.630137	0.619902	0.324503	0.634578	0.543978	0.588076	0.546234	0.595326	0.623632	0.603509	0.610286	0.252159	0.630168	0.367199	0.592171	0.624860	0.593068	0.562341	0.318937	0.516129	0.398574	0.426584	0.631086	0.583232	0.644737	0.555407	0.628722	0.580892	0.561828	0.529238	0.631111	0.510029	0.546685	0.640719	0.176368	0.580645	0.248222	0.235897	0.513399	0.616216	0.631678	0.624724	0.458084	0.609209	0.616246	0.633197	0.627134	0.627485	0.578283	0.537396	0.558401	0.561170	0.609195	0.629032	0.633493	0.486091	0.598575	0.175451	0.593897	0.605505	0.624054	0.630342	0.654726	0.621311	0.296296	0.432927	0.603829	0.623701	0.382320	0.630502	0.586515	0.557789	0.599278	0.650651	0.625954	0.562421	0.627104	0.634956	0.428387	0.435976	0.575521	0.387917	0.533875	0.375510	0.625581	0.569948	0.614894	0.630021	0.580603	0.640000	0.489707	0.610169	0.623701	0.334426	0.594203	0.634951	0.643162	0.645702	0.631043	0.544888	0.461078	0.311961	0.636441	0.626689	0.591346	0.638338	0.316052	0.653061	0.535172	0.287827	0.609613	0.611399	0.505650	0.635061	0.411957	0.188419	0.133070	0.434706	1.000000	0.502841	0.619048	0.646602	0.623116	0.431853	0.332237	0.622010	0.580076	0.565841	0.613333	0.614078	0.559748	0.560106	0.638298	0.202487	0.611511	0.190943	0.639040	0.527046	0.635342	0.578454	0.625862	0.616493	0.508419	0.529986	0.536054	0.565385	0.530387	0.604885	0.622875	0.493581	0.600000	0.607116	0.625113	0.159924	0.556863	0.617343	0.638971	0.265130	0.464656	0.618182	0.089972	0.629712	0.443096	0.507846	0.627572	0.435696	0.626072	0.496148	0.606796	0.031548	0.637224	0.594796	0.507082	0.552910	0.639309	0.573604	0.587613	0.471954	0.491429	0.594046	0.616801	0.608130	0.486331	0.634886	0.397013	0.613380	0.388782	0.586835	0.607099	0.542700	0.619625	0.435583	0.585909	0.579821	0.611231	0.634441	0.492918	0.550540	0.526897	0.400631	0.591750	0.530387	0.565553	0.387917	0.210395	0.580554	0.426584	0.571053	0.524138	0.631917	0.619958	0.573684	0.426005	0.578882	0.478134	0.551905	0.286929	0.456036	0.428790	0.482456	0.629339	0.594634	0.617165	0.638256	0.587234	0.631390	0.597786	0.626656	0.655172	0.628308	0.594257	0.633333	0.564486	0.249135	0.454819	0.587500	0.625989	0.645594	
0.609037	0.526163	0.419134	0.546952	0.636816	0.445727	0.369953	0.022047	0.536296	0.609009	0.611855	0.348285	0.607211	0.586762	0.562212	0.582707	0.463030	0.623256	0.619883	0.527407	0.235294	0.258486	0.512744	0.603175	0.582418	0.088294	0.377863	0.625268	0.632054	0.199798	0.611276	0.646018	0.594175	0.590909	0.268293	0.611670	0.539823	0.249057	0.641221	0.589438	0.480204	0.388503	0.291820	0.171875	0.601905	0.635236	0.279859	0.149153	0.513812	0.147982	0.634615	0.538346	0.181651	0.585366	0.642202	0.465686	0.636943	0.650602	0.634573	0.568067	0.182657	0.629156	0.469016	0.612440	0.411215	0.247810	0.608491	0.563200	0.638009	0.434685	0.593128	0.571429	0.196429	0.515406	0.582011	0.011426	0.629067	0.392079	0.195074	0.511565	0.646934	0.570946	0.676123	0.345248	0.623274	0.386454	0.551495	0.563478	0.581315	0.381503	0.057300	0.606925	0.485313	0.640187	0.410788	0.489529	0.085216	0.657074	0.441212	0.592322	0.567261	0.637890	0.556082	0.028332	0.421281	0.572438	0.457485	0.066210	0.235294	0.583480	0.617284	0.518828	0.625000	0.663212	0.503401	0.371831	0.063360	0.559211	0.274048	0.272165	0.153607	0.222722	0.529617	0.435466	0.027282	0.184615	0.589286	0.394422	0.581756	0.649533	0.182657	0.276923	0.621212	0.551053	0.513032	0.573529	0.119746	0.528529	0.635097	0.414815	0.424107	0.516887	0.523737	0.506475	0.473146	0.372049	0.425163	0.457421	0.507246	0.560579	0.537037	0.242945	0.593750	0.639386	0.277895	0.143064	0.551724	0.625323	0.422993	0.594286	0.145055	0.328631	0.559441	0.315036	0.329177	0.560420	0.613821	0.359161	0.519663	0.529762	0.300455	0.359347	0.524496	0.441887	0.294643	0.127127	0.634573	0.553517	0.513057	0.342561	0.289898	0.384390	0.138316	0.423246	0.261905	0.506156	0.518207	0.436019	0.500673	0.484848	0.632979	0.114849	0.385214	0.559618	0.345248	0.513514	0.437788	0.402041	0.480103	0.498674	0.219634	0.579926	0.483995	0.560137	0.585106	0.166177	0.631347	0.542113	0.568458	0.214402	0.632207	0.638393	0.410526	0.571429	0.599581	0.321690	0.541857	0.088176	0.322213	0.586716	0.593060	0.630986	0.594796	0.176707	0.602410	0.368914	0.261905	0.544304	0.405090	0.588022	0.581699	0.559140	0.525180	0.593128	0.597701	0.120073	0.513950	0.563011	0.563780	0.324059	0.622951	0.390050	0.373938	0.592965	0.645714	0.494737	0.623608	0.499336	0.092653	0.537405	0.542474	0.607966	0.563478	0.313788	0.058571	0.645598	0.634831	0.458693	0.165552	0.385965	0.610603	0.511692	0.606426	0.591006	0.616071	0.632258	0.597865	0.582897	0.242498	0.018135	0.178218	0.611111	0.607219	0.401631	0.552262	0.418301	0.594595	0.521127	0.640371	0.339041	0.298868	0.601980	0.561056	0.588665	0.585538	0.494465	0.572402	0.161765	0.360985	0.570940	0.632696	0.313291	0.557823	0.627160	0.178700	0.601770	0.481579	0.594175	0.500000	0.648526	0.458034	0.624738	0.642202	0.285921	0.564189	0.646154	0.617169	0.524496	0.072928	0.591006	0.105068	0.099448	0.643392	0.551053	0.498024	0.548495	0.616667	0.564007	0.487549	0.541916	0.467081	0.461720	0.628099	0.628019	0.306265	0.644144	0.500000	0.526316	0.504749	0.645333	0.599251	0.072527	0.621324	0.392000	0.433598	0.547771	0.525108	0.429825	0.538462	0.649425	0.375238	0.532110	0.169303	0.541106	0.418202	0.308411	0.600382	0.520984	0.450057	0.622680	0.472594	0.550336	0.196331	0.597701	0.604348	0.616822	0.623256	0.165899	0.561594	0.620690	0.541139	0.532915	0.325123	0.487871	0.257477	0.440367	0.535168	0.602649	0.369403	0.512465	0.547771	0.532508	0.445465	0.305556	0.638889	0.134877	0.445993	0.442922	0.614504	0.476698	0.136835	0.535714	0.637890	0.123441	0.598165	0.451765	0.625000	0.560935	0.185567	0.078214	0.054269	0.200608	0.502841	1.000000	0.557491	0.487535	0.440181	0.626087	0.573333	0.493894	0.602062	0.657952	0.539730	0.593023	0.308892	0.636971	0.567521	0.447059	0.562738	0.079327	0.555008	0.653753	0.518629	0.597070	0.446009	0.408077	0.258317	0.660147	0.608899	0.316294	0.644231	0.365314	0.401623	0.636132	0.608856	0.390918	0.470588	0.065781	0.621444	0.417281	0.509246	0.112853	0.218302	0.552448	0.036197	0.565657	0.626781	0.610687	0.533133	0.200202	0.452214	0.241611	0.589147	0.012465	0.550544	0.597194	0.618090	0.642857	0.543689	0.625000	0.387795	0.225000	0.647959	0.338462	0.573975	0.414317	0.640827	0.565854	0.177102	0.457888	0.172549	0.353571	0.593320	0.626794	0.560935	0.604651	0.618762	0.623158	0.540453	0.522628	0.643216	0.313043	0.637890	0.601227	0.360656	0.629808	0.617021	0.604361	0.087961	0.359673	0.613569	0.601770	0.628297	0.417465	0.548896	0.326733	0.195074	0.595573	0.634921	0.662252	0.123020	0.639118	0.602899	0.643617	0.553846	0.367880	0.499314	0.519258	0.359347	0.473358	0.621782	0.406154	0.497283	0.570410	0.640974	0.530675	0.305320	0.511111	0.629213	0.589431	0.547660	0.510870	
0.599709	0.630485	0.568182	0.639490	0.558621	0.590038	0.535800	0.041455	0.630715	0.635744	0.650499	0.527757	0.629787	0.632293	0.617612	0.647887	0.584247	0.615132	0.613603	0.618992	0.403009	0.431579	0.620118	0.615836	0.632597	0.161270	0.549755	0.592248	0.608696	0.348148	0.493204	0.600000	0.634921	0.619335	0.444982	0.601481	0.640187	0.424208	0.570928	0.603922	0.611863	0.527380	0.472964	0.302981	0.620199	0.564544	0.459510	0.265443	0.629712	0.263490	0.636103	0.647687	0.318914	0.632979	0.628664	0.585513	0.588598	0.576728	0.601575	0.628719	0.320546	0.572935	0.613387	0.597315	0.585451	0.420045	0.601329	0.627646	0.596774	0.579737	0.634747	0.616457	0.342753	0.627803	0.649664	0.021586	0.607199	0.557239	0.340580	0.617744	0.611367	0.636364	0.592346	0.522264	0.645255	0.536379	0.635897	0.626826	0.385439	0.542763	0.106080	0.636771	0.618106	0.587459	0.579685	0.622081	0.155855	0.605042	0.596211	0.631724	0.641509	0.601681	0.614057	0.053126	0.576888	0.360087	0.598223	0.122098	0.398710	0.637216	0.470120	0.634637	0.545788	0.563830	0.626506	0.534191	0.116988	0.633588	0.449784	0.449479	0.272859	0.383436	0.378495	0.583723	0.051181	0.323719	0.642276	0.558376	0.645586	0.574257	0.320546	0.456468	0.581882	0.638994	0.595369	0.637119	0.215782	0.644550	0.528864	0.582369	0.579143	0.630966	0.632972	0.630011	0.608333	0.538399	0.580000	0.604000	0.343612	0.632011	0.617433	0.413717	0.641910	0.565905	0.442920	0.255261	0.644608	0.552212	0.589091	0.645804	0.258597	0.500362	0.379310	0.497561	0.508327	0.638184	0.623881	0.536471	0.615730	0.632941	0.485294	0.542188	0.623853	0.609360	0.467806	0.228363	0.604724	0.625000	0.636912	0.505247	0.471503	0.545303	0.247287	0.576147	0.429586	0.624862	0.630045	0.589041	0.608035	0.586980	0.555957	0.207391	0.560531	0.627014	0.517736	0.623223	0.585086	0.566494	0.614420	0.624464	0.379606	0.642458	0.617310	0.631579	0.628032	0.293635	0.611727	0.628159	0.641060	0.371358	0.625551	0.616613	0.570922	0.394068	0.610687	0.508162	0.629940	0.161062	0.513149	0.638889	0.456566	0.521576	0.631285	0.310872	0.612426	0.536116	0.437870	0.629630	0.570919	0.636488	0.433884	0.634499	0.346491	0.632011	0.620000	0.216341	0.630966	0.628644	0.646986	0.497143	0.591736	0.559594	0.536783	0.562500	0.507576	0.624733	0.618820	0.622986	0.168913	0.636255	0.626620	0.622901	0.624170	0.491667	0.108373	0.592593	0.524345	0.578362	0.292607	0.553156	0.645517	0.629834	0.644970	0.632558	0.607029	0.600311	0.629730	0.633822	0.414136	0.034160	0.313333	0.632312	0.619414	0.548749	0.622711	0.574818	0.413502	0.630631	0.600985	0.512630	0.480373	0.632504	0.637755	0.609655	0.630872	0.325167	0.643137	0.286367	0.531765	0.647444	0.610169	0.497920	0.398305	0.572899	0.314119	0.491296	0.603412	0.626263	0.620985	0.597738	0.612648	0.622901	0.602606	0.461932	0.636364	0.570423	0.607553	0.630734	0.134094	0.632558	0.190524	0.180769	0.569948	0.641509	0.604055	0.636598	0.527881	0.627615	0.612115	0.635934	0.616480	0.597858	0.628399	0.577703	0.485384	0.610932	0.619256	0.631090	0.629508	0.546112	0.646067	0.133381	0.623269	0.555178	0.583569	0.640199	0.637714	0.583486	0.375000	0.517110	0.548860	0.620192	0.298768	0.635183	0.552225	0.499316	0.636234	0.632911	0.592946	0.606335	0.602603	0.622739	0.342597	0.520913	0.630094	0.464930	0.601974	0.293177	0.632877	0.604361	0.627160	0.632353	0.504298	0.617391	0.417249	0.592381	0.622596	0.408333	0.532800	0.631111	0.635236	0.638350	0.589133	0.484396	0.531599	0.241490	0.610202	0.590133	0.626781	0.632939	0.244792	0.654118	0.578151	0.222091	0.630705	0.589494	0.577855	0.633205	0.325260	0.143484	0.100602	0.349442	0.619048	0.557491	1.000000	0.631111	0.586466	0.493308	0.422594	0.612022	0.639517	0.631083	0.615385	0.628242	0.489041	0.615630	0.642202	0.263279	0.636364	0.145455	0.640407	0.605753	0.628975	0.616022	0.596117	0.573727	0.428989	0.575809	0.598347	0.495105	0.585859	0.545166	0.572165	0.556918	0.630556	0.557515	0.599795	0.121329	0.617323	0.585626	0.612940	0.203960	0.377510	0.621333	0.067638	0.632124	0.521739	0.567426	0.624703	0.348794	0.600386	0.413869	0.628242	0.023538	0.628502	0.626292	0.562500	0.607029	0.638191	0.592705	0.546064	0.388029	0.564912	0.526706	0.635995	0.578182	0.548673	0.635561	0.311516	0.583741	0.304084	0.520801	0.622999	0.597315	0.669241	0.505747	0.603829	0.627871	0.635678	0.621089	0.545139	0.493416	0.608403	0.480159	0.531348	0.595960	0.617284	0.464930	0.160684	0.531665	0.499033	0.606349	0.584874	0.578335	0.635468	0.507914	0.340580	0.628148	0.557554	0.608558	0.221372	0.543438	0.508604	0.559567	0.644823	0.549239	0.617420	0.630262	0.535937	0.594924	0.626647	0.572420	0.628009	0.635995	0.619970	0.633735	0.486780	0.321429	0.531835	0.644776	0.643709	0.614880	
0.574850	0.631164	0.594684	0.619507	0.497253	0.627517	0.608196	0.057305	0.633367	0.631101	0.600707	0.593301	0.595545	0.621469	0.616172	0.617716	0.641182	0.542328	0.598331	0.605395	0.481832	0.517761	0.608258	0.600000	0.610092	0.217834	0.602620	0.549811	0.543563	0.440208	0.407240	0.550129	0.601665	0.587654	0.533851	0.563791	0.645418	0.511482	0.467316	0.573932	0.623986	0.570787	0.563280	0.397719	0.571093	0.485597	0.546812	0.350218	0.634286	0.349101	0.591017	0.643794	0.413408	0.604444	0.530184	0.630473	0.531995	0.507422	0.518519	0.614549	0.408982	0.502092	0.654482	0.521505	0.619085	0.515593	0.533333	0.607781	0.533854	0.611203	0.616610	0.610405	0.439795	0.651923	0.624860	0.029956	0.592122	0.592814	0.437182	0.654100	0.555695	0.631808	0.526035	0.574338	0.597839	0.596992	0.646552	0.623751	0.295935	0.601173	0.144811	0.580171	0.633003	0.533156	0.621705	0.658716	0.210738	0.511440	0.634231	0.613975	0.629905	0.522207	0.631908	0.073271	0.628709	0.279146	0.601206	0.166165	0.474863	0.596648	0.378462	0.644295	0.463977	0.480337	0.623940	0.599569	0.159367	0.633833	0.527386	0.516564	0.360882	0.480989	0.290375	0.626130	0.070615	0.416026	0.604966	0.622556	0.617420	0.496021	0.417001	0.544419	0.512465	0.636267	0.618009	0.625287	0.288467	0.635081	0.443796	0.627852	0.626841	0.647468	0.637385	0.644466	0.635379	0.580505	0.621795	0.635889	0.259136	0.621160	0.609856	0.501022	0.607539	0.482566	0.532267	0.338720	0.626556	0.488079	0.615385	0.606345	0.342932	0.573481	0.287582	0.563487	0.584696	0.606466	0.591687	0.614195	0.630058	0.625251	0.574209	0.591036	0.652941	0.635983	0.549701	0.304563	0.551724	0.610204	0.642784	0.554656	0.559102	0.602517	0.328630	0.638126	0.509249	0.652791	0.657692	0.651282	0.628625	0.588018	0.464387	0.277689	0.617430	0.603141	0.579769	0.641129	0.639866	0.604900	0.629864	0.638889	0.472522	0.594907	0.654020	0.629956	0.615730	0.386859	0.557125	0.639428	0.620155	0.467556	0.569361	0.545220	0.623824	0.309677	0.575342	0.580604	0.626653	0.217563	0.580064	0.617512	0.370140	0.443465	0.581019	0.406700	0.546117	0.609756	0.525571	0.634656	0.638298	0.618016	0.341772	0.616172	0.264901	0.612059	0.580189	0.289183	0.641509	0.595518	0.636837	0.576227	0.523240	0.601052	0.602166	0.472376	0.417160	0.642726	0.557419	0.641335	0.227826	0.642202	0.619860	0.572852	0.630411	0.568010	0.147876	0.543563	0.445748	0.601583	0.385578	0.596154	0.625430	0.621083	0.580097	0.592686	0.545220	0.530973	0.614865	0.614016	0.503318	0.047288	0.408163	0.588915	0.564617	0.579954	0.603930	0.630225	0.315113	0.658301	0.541612	0.589023	0.548758	0.580024	0.622318	0.591065	0.595745	0.244556	0.637459	0.377794	0.608573	0.632272	0.574655	0.566038	0.309677	0.514364	0.409913	0.412030	0.626151	0.573127	0.639556	0.542373	0.617241	0.562889	0.540682	0.550555	0.618736	0.488827	0.536328	0.635294	0.182071	0.592686	0.255922	0.243268	0.508941	0.600212	0.630415	0.621212	0.446064	0.621965	0.611570	0.633803	0.654288	0.629787	0.577778	0.521622	0.570723	0.548052	0.619586	0.627723	0.639699	0.479315	0.595349	0.181127	0.574713	0.606335	0.621375	0.624738	0.637341	0.625202	0.287582	0.424332	0.617733	0.628571	0.392495	0.643216	0.582866	0.563975	0.600707	0.635202	0.621554	0.547472	0.639930	0.626898	0.434486	0.424332	0.577608	0.377125	0.529101	0.385551	0.633257	0.546835	0.632568	0.645228	0.588083	0.642322	0.496781	0.626043	0.626531	0.328025	0.610873	0.641221	0.658281	0.635802	0.631579	0.541307	0.437318	0.321275	0.638585	0.618968	0.581176	0.644383	0.325466	0.649299	0.500673	0.296548	0.590126	0.620748	0.517906	0.620541	0.421951	0.194470	0.137479	0.442609	0.646602	0.487535	0.631111	1.000000	0.623762	0.414307	0.322684	0.619003	0.589396	0.570701	0.594159	0.600950	0.567164	0.547097	0.647640	0.196213	0.619718	0.197067	0.618182	0.519621	0.635908	0.584862	0.646859	0.618785	0.522862	0.511565	0.515272	0.576679	0.530997	0.609929	0.617378	0.472879	0.603687	0.609410	0.611556	0.165143	0.564496	0.632157	0.641399	0.273272	0.470093	0.616927	0.093023	0.602174	0.413589	0.486787	0.622222	0.445312	0.633446	0.509924	0.598575	0.032652	0.627451	0.579394	0.469613	0.534884	0.637712	0.560794	0.578241	0.484180	0.490251	0.596257	0.613303	0.620192	0.499299	0.622742	0.408275	0.603935	0.399847	0.586445	0.601198	0.521505	0.616216	0.429851	0.575574	0.569288	0.620763	0.638971	0.464088	0.566939	0.530283	0.386503	0.601124	0.522911	0.567839	0.374034	0.217067	0.578837	0.412030	0.555270	0.500673	0.622925	0.610417	0.573472	0.441426	0.554070	0.465909	0.544288	0.295628	0.441219	0.417288	0.481481	0.627881	0.605583	0.633175	0.638754	0.595238	0.639011	0.606498	0.636434	0.645951	0.599775	0.578755	0.631902	0.565619	0.241611	0.448680	0.606357	0.629014	0.645951	
0.536537	0.634975	0.605263	0.601641	0.448430	0.640118	0.622508	0.074572	0.626609	0.572249	0.564659	0.626921	0.564405	0.568160	0.604733	0.561644	0.641825	0.469565	0.558325	0.612876	0.552232	0.579624	0.601556	0.553320	0.577220	0.276583	0.635891	0.514107	0.493033	0.514563	0.336155	0.496815	0.557214	0.525667	0.582909	0.536981	0.621575	0.570192	0.430351	0.575673	0.636292	0.600400	0.608554	0.471009	0.555665	0.445689	0.600525	0.420986	0.642504	0.425142	0.558416	0.621645	0.487640	0.577068	0.485961	0.633997	0.514048	0.464088	0.511088	0.584332	0.475546	0.431328	0.644326	0.464758	0.642808	0.575670	0.474836	0.606278	0.491416	0.650218	0.577181	0.569485	0.516361	0.636213	0.582781	0.039148	0.508938	0.632000	0.511111	0.640000	0.517134	0.591497	0.462212	0.623091	0.545637	0.622490	0.595238	0.582160	0.233633	0.628272	0.185921	0.534149	0.634721	0.479303	0.653370	0.642743	0.267861	0.467475	0.652471	0.576663	0.603433	0.460860	0.607302	0.095113	0.637845	0.219922	0.627925	0.212641	0.541187	0.577904	0.309582	0.628003	0.396270	0.420091	0.628571	0.630225	0.204154	0.602914	0.585013	0.583033	0.441330	0.545855	0.229086	0.632875	0.091703	0.491082	0.580952	0.629183	0.582633	0.474946	0.491347	0.602083	0.440181	0.599819	0.608696	0.578337	0.362391	0.614187	0.379270	0.648084	0.633478	0.621691	0.610674	0.617722	0.639937	0.619755	0.641643	0.632622	0.203655	0.575264	0.588752	0.566981	0.585366	0.429058	0.576501	0.416820	0.604610	0.426454	0.626062	0.555665	0.422981	0.623009	0.226804	0.619347	0.620201	0.578699	0.541752	0.632640	0.630616	0.611015	0.610619	0.625628	0.616554	0.640177	0.596510	0.381692	0.504752	0.613636	0.615250	0.591738	0.601293	0.636304	0.405010	0.646220	0.558442	0.633907	0.634551	0.646177	0.626115	0.613291	0.406467	0.349416	0.638999	0.607685	0.619426	0.629758	0.645066	0.627211	0.630418	0.633441	0.542521	0.552529	0.642014	0.608209	0.586338	0.462235	0.511135	0.603675	0.584817	0.536585	0.541793	0.498934	0.658333	0.244898	0.523268	0.614759	0.619006	0.276250	0.622455	0.562016	0.294919	0.369231	0.556420	0.478945	0.536437	0.632863	0.582418	0.598930	0.630844	0.578290	0.271357	0.615250	0.208333	0.569511	0.547431	0.363252	0.616567	0.586739	0.620444	0.621495	0.471101	0.632776	0.636540	0.439189	0.361905	0.638400	0.502662	0.645213	0.288833	0.611354	0.620155	0.523268	0.595305	0.615297	0.189767	0.495177	0.373522	0.619523	0.461485	0.637203	0.582449	0.611339	0.548583	0.514107	0.492537	0.521466	0.576046	0.579492	0.566180	0.061632	0.479351	0.555340	0.522373	0.619986	0.611848	0.639205	0.249364	0.625000	0.488599	0.628468	0.606061	0.546734	0.602190	0.580521	0.575213	0.191853	0.590529	0.458135	0.632640	0.595349	0.530697	0.611174	0.244898	0.444693	0.485588	0.340169	0.619200	0.541294	0.630819	0.487648	0.631420	0.529473	0.494600	0.596267	0.593346	0.434091	0.482085	0.623311	0.232432	0.514107	0.323081	0.307692	0.439955	0.587173	0.629303	0.599265	0.378824	0.569485	0.624102	0.609672	0.637838	0.628827	0.540041	0.460177	0.619181	0.496788	0.611746	0.635434	0.645477	0.402312	0.560547	0.231261	0.568665	0.618792	0.641867	0.606440	0.631845	0.646220	0.226804	0.357995	0.640260	0.594406	0.471545	0.619500	0.611465	0.613303	0.562685	0.623201	0.643644	0.529231	0.643783	0.600368	0.508975	0.357995	0.513684	0.303329	0.476087	0.467153	0.583493	0.513627	0.600713	0.617021	0.620609	0.620130	0.549310	0.640235	0.611888	0.262626	0.629962	0.623762	0.606440	0.612676	0.637766	0.594625	0.378824	0.401051	0.646928	0.639824	0.556213	0.625302	0.404255	0.624785	0.460860	0.371552	0.585507	0.626866	0.442697	0.600551	0.498476	0.247794	0.176705	0.515422	0.623116	0.440181	0.586466	0.623762	1.000000	0.352096	0.258228	0.625917	0.543590	0.516333	0.608470	0.554672	0.616253	0.502662	0.597209	0.153020	0.564961	0.251003	0.602366	0.460687	0.609819	0.561776	0.643815	0.641509	0.572417	0.460512	0.482007	0.618829	0.463576	0.637865	0.639566	0.434881	0.567829	0.648037	0.619085	0.211367	0.506864	0.647672	0.626991	0.344086	0.542535	0.581921	0.120385	0.594096	0.361474	0.434881	0.622184	0.518639	0.646884	0.564584	0.556660	0.042653	0.612533	0.556117	0.430180	0.481876	0.606498	0.517526	0.620186	0.549333	0.430839	0.630120	0.582303	0.643059	0.426454	0.609955	0.485693	0.610653	0.477558	0.622360	0.542543	0.466960	0.598714	0.350120	0.536831	0.524352	0.604693	0.624681	0.441441	0.610826	0.465270	0.313725	0.628463	0.461369	0.525000	0.303329	0.275641	0.627278	0.340169	0.507431	0.467475	0.645206	0.608541	0.623972	0.509524	0.539007	0.410138	0.504772	0.370989	0.386870	0.352096	0.406467	0.591628	0.634209	0.625103	0.626364	0.625628	0.644564	0.560804	0.651195	0.619902	0.574691	0.533062	0.623468	0.611080	0.189474	0.373522	0.545825	0.592315	0.642741	
0.558952	0.452119	0.348247	0.485612	0.592593	0.360736	0.289941	0.016414	0.461538	0.527778	0.538136	0.270718	0.558824	0.527559	0.470000	0.528067	0.377261	0.601583	0.558442	0.451923	0.180147	0.198515	0.457792	0.538631	0.509091	0.066306	0.294885	0.567308	0.581633	0.152253	0.608392	0.613466	0.547414	0.549654	0.206316	0.551570	0.465710	0.191033	0.602339	0.477612	0.401639	0.306889	0.225115	0.130493	0.544304	0.647727	0.215543	0.112903	0.424963	0.112000	0.550107	0.459283	0.138093	0.520076	0.607792	0.381699	0.576190	0.620879	0.546798	0.496324	0.138876	0.588235	0.378238	0.594005	0.322368	0.190045	0.584450	0.484321	0.603581	0.351254	0.537849	0.528689	0.149618	0.437406	0.511628	0.008495	0.565854	0.306569	0.148560	0.421053	0.592417	0.491682	0.612903	0.268248	0.592105	0.308499	0.490018	0.511450	0.613445	0.297872	0.042857	0.554545	0.398907	0.583554	0.322015	0.409537	0.063969	0.606557	0.377261	0.495968	0.480565	0.606557	0.477663	0.021112	0.335632	0.603448	0.372449	0.049578	0.180147	0.521236	0.600733	0.429429	0.618297	0.620896	0.421053	0.289941	0.047427	0.484740	0.210904	0.209402	0.116343	0.170237	0.559322	0.350000	0.020326	0.140401	0.506876	0.308499	0.513208	0.572944	0.138876	0.213198	0.597101	0.477032	0.415929	0.515213	0.090295	0.452033	0.636364	0.328859	0.347929	0.453968	0.451827	0.440994	0.402189	0.291667	0.337543	0.381323	0.551111	0.505976	0.469012	0.186194	0.510476	0.600000	0.213974	0.108208	0.477002	0.619048	0.337543	0.540084	0.109742	0.254766	0.587234	0.243781	0.255208	0.515385	0.557823	0.281071	0.441755	0.444444	0.232044	0.279734	0.447900	0.359413	0.227378	0.095953	0.571429	0.464345	0.453333	0.266063	0.223574	0.301848	0.104552	0.341463	0.201232	0.423529	0.437406	0.368222	0.424855	0.398305	0.627692	0.086547	0.300921	0.480969	0.268248	0.455285	0.359853	0.316469	0.401099	0.412518	0.167808	0.529774	0.397260	0.508475	0.514620	0.126072	0.592040	0.461794	0.517110	0.163697	0.579646	0.599496	0.327030	0.609053	0.568075	0.249153	0.465347	0.066216	0.249576	0.521385	0.578947	0.605263	0.542094	0.134247	0.536913	0.289086	0.201232	0.471601	0.329596	0.536000	0.572549	0.463333	0.537445	0.541833	0.564756	0.090545	0.450794	0.471429	0.479452	0.251067	0.595745	0.308176	0.291667	0.576369	0.622074	0.409027	0.597990	0.407407	0.069619	0.476821	0.464516	0.596244	0.500000	0.242775	0.043815	0.591837	0.636066	0.384211	0.125587	0.301538	0.548387	0.428994	0.559284	0.552885	0.589421	0.579710	0.528376	0.501916	0.185841	0.013496	0.135421	0.535787	0.571429	0.316129	0.461017	0.339100	0.587755	0.430956	0.573684	0.263205	0.230769	0.546256	0.493694	0.504032	0.511628	0.545455	0.488806	0.122653	0.281071	0.498127	0.595238	0.242374	0.592593	0.598870	0.135797	0.590278	0.409027	0.538793	0.411348	0.625641	0.375479	0.572770	0.602597	0.220390	0.506470	0.613569	0.578947	0.447900	0.054657	0.552885	0.079075	0.074790	0.605714	0.484099	0.403955	0.493601	0.660194	0.528689	0.407303	0.463533	0.387268	0.368421	0.568129	0.600551	0.236715	0.590331	0.417518	0.454976	0.422741	0.592593	0.534161	0.054354	0.527383	0.309800	0.354217	0.492201	0.442724	0.341463	0.544681	0.579125	0.294294	0.457711	0.128497	0.453074	0.337156	0.238443	0.546610	0.450000	0.358537	0.552995	0.381818	0.488073	0.149542	0.599327	0.581907	0.592593	0.606860	0.125856	0.510978	0.590799	0.457831	0.473595	0.251928	0.419682	0.197714	0.358100	0.474295	0.581673	0.287953	0.435171	0.481802	0.470588	0.358537	0.236145	0.608414	0.101906	0.362963	0.356364	0.558140	0.411429	0.103412	0.470209	0.595628	0.093126	0.546559	0.367960	0.607450	0.503650	0.141143	0.058659	0.040574	0.152886	0.431853	0.626087	0.493308	0.414307	0.352096	1.000000	0.602410	0.419825	0.562212	0.593137	0.457792	0.537634	0.238830	0.592965	0.509363	0.509804	0.509474	0.059502	0.494624	0.629834	0.458065	0.521212	0.364544	0.330337	0.198381	0.614525	0.590426	0.244796	0.580822	0.284608	0.314439	0.614035	0.521385	0.305613	0.393048	0.049254	0.586207	0.327394	0.432515	0.085020	0.166761	0.499040	0.027000	0.497238	0.626667	0.602339	0.473083	0.152569	0.364312	0.185139	0.541935	0.009269	0.479730	0.571429	0.576369	0.599496	0.486772	0.545455	0.304663	0.172030	0.598240	0.262735	0.513725	0.337543	0.577381	0.496454	0.134554	0.368687	0.131016	0.275023	0.572052	0.599455	0.500000	0.593857	0.537778	0.584906	0.479718	0.444795	0.599424	0.242175	0.590164	0.603636	0.280802	0.591781	0.577566	0.614815	0.066053	0.280000	0.611111	0.578554	0.617486	0.331081	0.480274	0.253230	0.148560	0.556054	0.623853	0.587065	0.092803	0.647436	0.625850	0.621538	0.509363	0.288235	0.421829	0.436923	0.279734	0.388889	0.546256	0.318182	0.423358	0.529412	0.579186	0.459235	0.235955	0.529680	0.590164	0.562358	0.509506	0.423358	
0.455206	0.344595	0.260870	0.395303	0.522876	0.264935	0.210526	0.011418	0.352332	0.440087	0.463700	0.195965	0.454756	0.427646	0.367568	0.440367	0.279835	0.526946	0.460432	0.348877	0.128544	0.142061	0.357268	0.470588	0.435556	0.046480	0.214286	0.506739	0.518732	0.108165	0.614108	0.522472	0.463007	0.484536	0.147826	0.473815	0.350515	0.136546	0.585859	0.399185	0.296943	0.223439	0.161776	0.092391	0.452214	0.566775	0.154663	0.079719	0.324841	0.079070	0.476415	0.355009	0.097889	0.405858	0.535294	0.283333	0.496000	0.545455	0.493075	0.408818	0.098456	0.549153	0.280605	0.559006	0.235294	0.135819	0.530488	0.385633	0.531792	0.257576	0.437637	0.437923	0.106250	0.330097	0.433121	0.005902	0.520548	0.223195	0.105481	0.319249	0.509284	0.399194	0.562691	0.194101	0.481752	0.224670	0.399209	0.421712	0.652850	0.216561	0.029934	0.501266	0.296943	0.536145	0.235023	0.305389	0.044825	0.566978	0.279835	0.430155	0.391555	0.554517	0.379888	0.014696	0.247273	0.588235	0.276049	0.034664	0.128544	0.422833	0.622807	0.328502	0.573529	0.613793	0.319249	0.210526	0.033149	0.398438	0.151223	0.150110	0.082192	0.121284	0.586387	0.256604	0.014148	0.099561	0.431034	0.224670	0.420619	0.518072	0.098456	0.152924	0.566667	0.391555	0.322275	0.441964	0.063532	0.357895	0.585551	0.240283	0.255000	0.348718	0.366248	0.340568	0.297376	0.211838	0.246973	0.280992	0.611111	0.424508	0.369565	0.132986	0.416667	0.569492	0.153499	0.076347	0.372694	0.584192	0.246973	0.447552	0.077449	0.183950	0.621053	0.175711	0.184282	0.425263	0.474747	0.203796	0.331169	0.354167	0.166939	0.202783	0.341137	0.263907	0.163462	0.067572	0.531856	0.365591	0.363964	0.192453	0.160630	0.219591	0.073726	0.250000	0.144068	0.321260	0.330097	0.272727	0.315301	0.307692	0.571429	0.060859	0.218884	0.382739	0.194101	0.354386	0.264249	0.230769	0.298682	0.310030	0.119508	0.452489	0.297810	0.411523	0.423077	0.089200	0.526611	0.366248	0.415800	0.116505	0.486486	0.505682	0.238876	0.626263	0.493438	0.179736	0.363636	0.046416	0.180053	0.439462	0.588235	0.610039	0.438914	0.095105	0.467662	0.209877	0.144068	0.376866	0.240850	0.443956	0.590476	0.367568	0.626374	0.437637	0.450704	0.063710	0.348718	0.380583	0.378479	0.181172	0.531722	0.224422	0.211838	0.529801	0.582677	0.307229	0.509915	0.310502	0.048827	0.364937	0.354783	0.493438	0.421712	0.174957	0.030608	0.541787	0.592308	0.285315	0.088850	0.219355	0.452328	0.323296	0.472637	0.501348	0.528409	0.514905	0.433476	0.415094	0.132726	0.009384	0.095955	0.441441	0.485333	0.230508	0.374312	0.248175	0.650000	0.332248	0.537313	0.190299	0.165989	0.484108	0.400000	0.425721	0.428875	0.605714	0.399185	0.086735	0.203796	0.417178	0.506667	0.174658	0.626263	0.563107	0.096226	0.609053	0.307229	0.453461	0.309091	0.527536	0.276423	0.493438	0.541176	0.158262	0.411290	0.578231	0.519403	0.341137	0.038245	0.501348	0.055540	0.052496	0.563934	0.387716	0.307692	0.402390	0.613636	0.424379	0.305847	0.356643	0.287729	0.270916	0.479381	0.534591	0.170426	0.511494	0.318750	0.346939	0.318253	0.566308	0.456621	0.038031	0.437500	0.225664	0.259873	0.383459	0.339434	0.250000	0.631579	0.603175	0.213836	0.365591	0.090950	0.356021	0.246675	0.171717	0.444965	0.342857	0.263226	0.483290	0.281379	0.400000	0.106195	0.619048	0.505495	0.595556	0.526946	0.089044	0.425439	0.505435	0.373134	0.376384	0.181818	0.315789	0.141470	0.262887	0.362007	0.640777	0.209016	0.325879	0.383459	0.367273	0.263226	0.170000	0.598485	0.071831	0.266667	0.261538	0.462617	0.311450	0.072909	0.354167	0.560748	0.065553	0.449889	0.270557	0.559211	0.397614	0.100098	0.041071	0.028329	0.108626	0.332237	0.573333	0.422594	0.322684	0.258228	0.602410	1.000000	0.318253	0.483290	0.512397	0.357268	0.466667	0.172007	0.515581	0.417178	0.553459	0.441860	0.041667	0.397661	0.580442	0.351304	0.440000	0.269841	0.241420	0.141962	0.568690	0.537764	0.176471	0.537500	0.206478	0.229213	0.545455	0.439462	0.222465	0.290185	0.034436	0.531856	0.239156	0.336079	0.059771	0.118743	0.411765	0.018812	0.401606	0.611765	0.579125	0.359155	0.108395	0.267717	0.132210	0.457143	0.006441	0.372943	0.476427	0.536424	0.528409	0.386973	0.479167	0.221739	0.122596	0.574324	0.189944	0.434409	0.246973	0.563574	0.389210	0.095327	0.273092	0.092769	0.199219	0.464891	0.546584	0.401590	0.596774	0.464198	0.496042	0.386973	0.346350	0.556291	0.174508	0.548287	0.600000	0.203593	0.531250	0.497326	0.648889	0.046300	0.202985	0.641975	0.511236	0.554517	0.241993	0.375465	0.182796	0.105481	0.478803	0.595745	0.504202	0.065322	0.584270	0.586345	0.578571	0.413088	0.209231	0.322275	0.337190	0.202783	0.286920	0.469438	0.232082	0.318750	0.430108	0.473552	0.366906	0.169858	0.597701	0.638462	0.479798	0.407484	0.318750	
0.583529	0.639456	0.623462	0.616034	0.503365	0.634631	0.586060	0.058897	0.641732	0.609375	0.594907	0.595399	0.605991	0.593333	0.631048	0.581901	0.624357	0.518807	0.587822	0.641732	0.500988	0.528564	0.646825	0.579882	0.606539	0.223373	0.619150	0.566832	0.538265	0.451141	0.407080	0.559899	0.586449	0.569697	0.537149	0.568019	0.635918	0.523045	0.495913	0.590517	0.637011	0.594074	0.554770	0.405293	0.595843	0.502688	0.542141	0.358478	0.634742	0.357309	0.606272	0.624254	0.416501	0.603279	0.545689	0.625756	0.568966	0.518519	0.553885	0.615385	0.420885	0.480874	0.637457	0.532279	0.621166	0.519856	0.525490	0.629400	0.541507	0.631408	0.624161	0.611364	0.442936	0.640758	0.596916	0.030800	0.553616	0.601036	0.445382	0.637546	0.579853	0.621651	0.528796	0.577957	0.589623	0.576952	0.604454	0.613537	0.288889	0.598985	0.148649	0.591346	0.647687	0.525358	0.614559	0.629864	0.216119	0.530343	0.624357	0.583333	0.607516	0.525066	0.630390	0.075290	0.618067	0.272436	0.627551	0.170516	0.489130	0.619780	0.378947	0.638941	0.456982	0.478680	0.628253	0.607397	0.163556	0.636459	0.536394	0.535635	0.368619	0.479471	0.283439	0.631494	0.072563	0.419952	0.612653	0.606691	0.613883	0.527958	0.424073	0.546584	0.488467	0.630480	0.611215	0.601130	0.295504	0.627607	0.445714	0.617418	0.625707	0.630137	0.637827	0.633205	0.630454	0.608571	0.627078	0.631126	0.252836	0.606264	0.614762	0.516489	0.599782	0.494536	0.526614	0.346735	0.616956	0.480769	0.615994	0.598152	0.351026	0.576973	0.280702	0.563204	0.577720	0.600877	0.581032	0.603616	0.636277	0.623889	0.561784	0.595981	0.633816	0.623140	0.548368	0.311921	0.551378	0.613065	0.631048	0.575818	0.555360	0.598829	0.336454	0.620910	0.510523	0.636194	0.619905	0.621097	0.634686	0.616364	0.479777	0.284508	0.616508	0.620619	0.590054	0.615690	0.626964	0.617714	0.633929	0.646575	0.478545	0.609784	0.636364	0.608884	0.620994	0.395742	0.551637	0.629779	0.616558	0.473492	0.601896	0.557668	0.616576	0.302362	0.572127	0.572519	0.641283	0.223096	0.579618	0.595696	0.361702	0.445402	0.596132	0.412084	0.581645	0.599006	0.531031	0.614594	0.607477	0.600897	0.333849	0.625000	0.258481	0.610738	0.579374	0.296235	0.634051	0.602941	0.620902	0.574536	0.523438	0.621100	0.590000	0.481732	0.419682	0.648501	0.546835	0.636197	0.233586	0.622490	0.636364	0.579462	0.606987	0.571429	0.151788	0.543367	0.436155	0.621528	0.393707	0.595465	0.599099	0.634831	0.591180	0.559406	0.555133	0.563275	0.615725	0.617068	0.511651	0.048609	0.416699	0.597049	0.573892	0.603631	0.629328	0.627482	0.307692	0.647003	0.525907	0.585818	0.569028	0.595745	0.627244	0.581081	0.603524	0.238562	0.607759	0.386518	0.599444	0.611231	0.566502	0.571963	0.302362	0.509383	0.418459	0.400000	0.621253	0.584112	0.616226	0.537084	0.641702	0.555012	0.537967	0.543453	0.608789	0.487004	0.518135	0.629952	0.186796	0.559406	0.262287	0.249364	0.517520	0.624217	0.625455	0.628328	0.450785	0.606818	0.634058	0.628345	0.626527	0.633613	0.569697	0.519205	0.563035	0.550318	0.635097	0.624390	0.640074	0.466480	0.603429	0.185830	0.596610	0.611484	0.644845	0.625387	0.628131	0.617717	0.280702	0.420900	0.596693	0.631156	0.402239	0.639604	0.588608	0.567385	0.597222	0.633721	0.646865	0.564165	0.645439	0.618997	0.442748	0.429608	0.561798	0.371601	0.544747	0.394428	0.593505	0.551553	0.614594	0.612870	0.574727	0.638966	0.505588	0.646331	0.633166	0.323484	0.584572	0.647225	0.635707	0.634245	0.636964	0.566891	0.447932	0.328959	0.632280	0.634347	0.591908	0.628205	0.333230	0.637710	0.517150	0.303748	0.600451	0.628044	0.499325	0.625532	0.430707	0.199482	0.141136	0.455292	0.622010	0.493894	0.612022	0.619003	0.625917	0.419825	0.318253	1.000000	0.578692	0.557500	0.623016	0.592765	0.570548	0.562025	0.622030	0.191275	0.576701	0.202138	0.640000	0.511936	0.634387	0.590755	0.626991	0.631825	0.521878	0.512000	0.531250	0.577527	0.520476	0.610526	0.620950	0.482289	0.597961	0.610044	0.640351	0.169470	0.558897	0.627907	0.632184	0.280000	0.486311	0.602410	0.095559	0.607487	0.430636	0.509537	0.626866	0.453644	0.645538	0.510101	0.588098	0.033571	0.630081	0.602381	0.500677	0.555133	0.629823	0.555420	0.601326	0.490243	0.491132	0.592985	0.609756	0.619161	0.486264	0.615063	0.415988	0.604730	0.408953	0.576318	0.583529	0.521739	0.623404	0.417518	0.567696	0.571078	0.615224	0.627680	0.495264	0.561644	0.522427	0.380810	0.603197	0.517834	0.564735	0.368580	0.222589	0.590846	0.402941	0.547289	0.530343	0.623437	0.611282	0.580811	0.447912	0.587112	0.478442	0.551637	0.302809	0.457386	0.413994	0.474198	0.617711	0.607649	0.642991	0.633397	0.597367	0.637631	0.588652	0.627660	0.636955	0.620843	0.580336	0.608258	0.570208	0.235679	0.427547	0.578631	0.610022	0.636955	
0.605351	0.604891	0.502585	0.626437	0.594705	0.540314	0.473137	0.031799	0.599476	0.639752	0.647059	0.461664	0.629870	0.648148	0.608108	0.631240	0.555799	0.635838	0.644518	0.586387	0.323928	0.354102	0.589947	0.644182	0.642520	0.125492	0.490765	0.618705	0.639098	0.277161	0.549296	0.639556	0.629139	0.663176	0.366773	0.617747	0.612777	0.341870	0.585062	0.594675	0.573394	0.473588	0.395574	0.239866	0.612378	0.601626	0.381649	0.209184	0.612546	0.207595	0.640394	0.618037	0.252975	0.609351	0.643810	0.550276	0.603571	0.623016	0.611722	0.622807	0.254320	0.604167	0.567982	0.642998	0.509506	0.340249	0.615984	0.607843	0.632768	0.526100	0.647975	0.633758	0.272684	0.610212	0.646341	0.016519	0.632727	0.491356	0.270882	0.582524	0.629893	0.619677	0.609375	0.446602	0.647651	0.477585	0.625181	0.629518	0.460317	0.477374	0.082000	0.641379	0.564220	0.603482	0.507123	0.579132	0.121199	0.624506	0.547046	0.622642	0.611898	0.644269	0.620499	0.040808	0.524752	0.435484	0.534632	0.094563	0.323928	0.632219	0.537530	0.588089	0.595186	0.597895	0.572816	0.471404	0.090551	0.622669	0.374185	0.371762	0.215223	0.307445	0.452128	0.530612	0.039304	0.256938	0.640986	0.495883	0.626866	0.591876	0.254320	0.377880	0.614433	0.600567	0.569682	0.631912	0.169022	0.609272	0.593750	0.518375	0.529949	0.600000	0.606469	0.591837	0.571757	0.475610	0.518299	0.548847	0.421918	0.632399	0.580733	0.333915	0.613534	0.604167	0.375165	0.200910	0.627235	0.609244	0.518299	0.641694	0.203618	0.431221	0.448000	0.423477	0.438080	0.606061	0.636833	0.470489	0.584270	0.575558	0.406539	0.461797	0.600255	0.544885	0.393580	0.179151	0.641026	0.602961	0.608108	0.441767	0.394502	0.482944	0.194444	0.527473	0.354778	0.580488	0.605230	0.550911	0.576923	0.549528	0.593548	0.162284	0.488809	0.626741	0.453074	0.593377	0.539185	0.503274	0.569124	0.581257	0.303383	0.628389	0.583908	0.646796	0.621746	0.232201	0.649446	0.603774	0.630631	0.296488	0.625000	0.633147	0.510106	0.480418	0.636042	0.431818	0.619303	0.125328	0.432473	0.637084	0.536946	0.581081	0.599681	0.246352	0.603066	0.473639	0.358526	0.613037	0.515504	0.625000	0.501266	0.602703	0.430518	0.632399	0.635025	0.169472	0.623377	0.614286	0.621547	0.428680	0.616279	0.489945	0.475610	0.579055	0.560364	0.560660	0.631970	0.584323	0.131561	0.602151	0.600000	0.639576	0.620482	0.423390	0.083796	0.624060	0.588764	0.524444	0.231358	0.487892	0.666667	0.578431	0.633731	0.654676	0.621974	0.624549	0.626728	0.625378	0.333333	0.026180	0.248377	0.626391	0.635714	0.497196	0.602740	0.516385	0.488312	0.605757	0.638462	0.448687	0.403112	0.629630	0.621583	0.606918	0.609756	0.405556	0.627219	0.226251	0.467116	0.623145	0.653571	0.419808	0.480418	0.623482	0.249024	0.551402	0.565371	0.645695	0.589349	0.622642	0.552546	0.632509	0.628571	0.388060	0.634361	0.630480	0.615385	0.607918	0.104004	0.654676	0.148782	0.140997	0.636735	0.606232	0.554245	0.625910	0.592428	0.624204	0.570423	0.605020	0.563758	0.541578	0.631763	0.632207	0.412446	0.622889	0.581818	0.623545	0.585956	0.590517	0.635634	0.103442	0.616114	0.492195	0.531959	0.622036	0.597964	0.529471	0.458667	0.572082	0.479368	0.608345	0.236409	0.614776	0.494071	0.413693	0.633987	0.605128	0.541667	0.627178	0.560440	0.621898	0.272555	0.572082	0.633880	0.531707	0.616570	0.231826	0.639626	0.650995	0.604716	0.635488	0.433053	0.577617	0.349109	0.543184	0.592194	0.511509	0.475452	0.594328	0.619247	0.604082	0.531250	0.410108	0.592428	0.189752	0.538947	0.532642	0.629690	0.569048	0.192424	0.612352	0.616601	0.174098	0.646688	0.530351	0.621677	0.616279	0.258210	0.111413	0.077715	0.278236	0.580076	0.602062	0.639517	0.589396	0.543590	0.562212	0.483290	0.578692	1.000000	0.645985	0.589947	0.634711	0.411379	0.650558	0.629080	0.331395	0.653659	0.112970	0.621777	0.641434	0.586842	0.614173	0.544102	0.514563	0.353884	0.654618	0.639535	0.420582	0.605941	0.482523	0.507907	0.580913	0.633914	0.491833	0.556306	0.093960	0.633700	0.526012	0.590909	0.159533	0.301629	0.620272	0.052045	0.614934	0.577273	0.605809	0.608234	0.277697	0.544879	0.332176	0.641322	0.018017	0.622951	0.646259	0.583162	0.618250	0.622348	0.597540	0.490498	0.310438	0.615385	0.454329	0.630769	0.514342	0.621849	0.627841	0.246882	0.532189	0.240772	0.454921	0.642140	0.635108	0.627907	0.558891	0.616949	0.659574	0.608204	0.607235	0.591376	0.418021	0.636364	0.544578	0.471778	0.633663	0.644007	0.531707	0.125027	0.458824	0.551402	0.628466	0.616601	0.517510	0.594744	0.431975	0.270882	0.621160	0.586724	0.634686	0.173519	0.575221	0.557604	0.606452	0.643917	0.481034	0.572127	0.592405	0.460118	0.560268	0.649832	0.507519	0.581818	0.627692	0.635739	0.620783	0.414141	0.401114	0.579775	0.636833	0.618619	0.584242	
0.597902	0.583222	0.482465	0.602985	0.640860	0.518837	0.443262	0.028960	0.588076	0.637540	0.645051	0.431667	0.647458	0.627010	0.621849	0.652101	0.527027	0.640974	0.635417	0.585366	0.298969	0.327273	0.572603	0.634921	0.620690	0.114776	0.464446	0.622642	0.664032	0.255257	0.555000	0.636893	0.629758	0.632541	0.339181	0.639286	0.599190	0.315789	0.618421	0.587692	0.557920	0.457090	0.367606	0.220532	0.605442	0.613734	0.353180	0.192053	0.581957	0.190581	0.641509	0.590659	0.232724	0.602826	0.649299	0.534699	0.625468	0.627615	0.611538	0.632219	0.233976	0.607930	0.541761	0.648649	0.487329	0.314269	0.632444	0.587209	0.633663	0.508938	0.636364	0.634551	0.251082	0.586873	0.641270	0.015034	0.633588	0.469711	0.249403	0.556391	0.634328	0.607634	0.629630	0.424793	0.645614	0.449859	0.622556	0.611285	0.505682	0.455949	0.074849	0.646209	0.546099	0.639511	0.482960	0.563482	0.110828	0.633333	0.515766	0.613115	0.602941	0.637500	0.603448	0.037179	0.500000	0.462428	0.510022	0.086367	0.298969	0.607595	0.573643	0.579487	0.607889	0.623608	0.558897	0.450355	0.082687	0.605067	0.346154	0.343874	0.197652	0.283542	0.485714	0.515723	0.035807	0.236413	0.622793	0.470478	0.621118	0.627291	0.233976	0.349632	0.640523	0.600000	0.540404	0.622735	0.154896	0.587106	0.620853	0.496032	0.502607	0.586022	0.586592	0.580475	0.556213	0.447415	0.501523	0.531073	0.448378	0.626623	0.582278	0.308328	0.632238	0.629956	0.348118	0.184387	0.582026	0.626667	0.493401	0.636054	0.186896	0.408517	0.481375	0.392424	0.409163	0.599369	0.648649	0.439655	0.570323	0.568707	0.376539	0.437768	0.581242	0.512876	0.368159	0.164254	0.634615	0.588563	0.602241	0.408532	0.365290	0.457721	0.178401	0.508718	0.331429	0.569270	0.589447	0.513782	0.573201	0.530414	0.619590	0.148676	0.461962	0.598266	0.426446	0.589849	0.515575	0.475551	0.546318	0.575275	0.279743	0.615641	0.554502	0.623256	0.647528	0.213410	0.670543	0.586592	0.618750	0.273298	0.628975	0.653620	0.487660	0.498599	0.637037	0.401855	0.608333	0.114625	0.404025	0.621488	0.547368	0.598086	0.605657	0.226562	0.591800	0.447392	0.331429	0.604317	0.475149	0.628664	0.542005	0.591036	0.463343	0.626623	0.618803	0.155311	0.591398	0.596439	0.621777	0.404669	0.624490	0.468165	0.458111	0.572668	0.585956	0.556501	0.644531	0.558824	0.120360	0.607242	0.602180	0.674074	0.614420	0.393962	0.076495	0.636364	0.615752	0.503432	0.212627	0.462810	0.645902	0.569620	0.623886	0.656604	0.630137	0.613636	0.614400	0.606918	0.307783	0.023837	0.228446	0.623549	0.614232	0.482759	0.585227	0.495413	0.501393	0.584735	0.659919	0.417547	0.376081	0.651408	0.618834	0.636066	0.609524	0.431138	0.609231	0.207885	0.437931	0.626543	0.647940	0.393369	0.515406	0.619658	0.229048	0.572139	0.551640	0.612457	0.561661	0.634921	0.526198	0.633333	0.641283	0.360497	0.613740	0.657837	0.643725	0.575958	0.095030	0.656604	0.136221	0.129048	0.646552	0.608824	0.549878	0.620272	0.614657	0.617940	0.547215	0.582763	0.539171	0.530702	0.658135	0.641509	0.384956	0.646943	0.563204	0.580991	0.567500	0.639269	0.643216	0.094514	0.616145	0.466604	0.510593	0.610709	0.589474	0.508718	0.469914	0.593674	0.458221	0.580195	0.217319	0.592896	0.478702	0.387528	0.655290	0.588859	0.511777	0.627737	0.549774	0.603945	0.250962	0.598540	0.642447	0.572917	0.632860	0.213061	0.627642	0.637571	0.587050	0.616262	0.405933	0.561491	0.324797	0.519786	0.602510	0.531507	0.440529	0.570701	0.604920	0.603667	0.507495	0.384106	0.609929	0.174058	0.528139	0.511182	0.643952	0.560197	0.176530	0.593197	0.625000	0.159584	0.634868	0.514786	0.652268	0.601208	0.237597	0.101834	0.070924	0.256259	0.565841	0.657952	0.631083	0.570701	0.516333	0.593137	0.512397	0.557500	0.645985	1.000000	0.572603	0.618307	0.386617	0.656250	0.629630	0.358491	0.628183	0.103264	0.622024	0.642857	0.580381	0.607553	0.522404	0.492032	0.327068	0.639831	0.632653	0.393916	0.609603	0.448126	0.480458	0.609649	0.621488	0.466543	0.535963	0.085813	0.650000	0.505929	0.579634	0.146137	0.278103	0.595276	0.047442	0.605784	0.613527	0.640351	0.588721	0.255757	0.523344	0.306698	0.632124	0.016398	0.606232	0.626335	0.616052	0.641879	0.616740	0.600368	0.463392	0.286341	0.619780	0.423358	0.625000	0.495431	0.648889	0.634218	0.227055	0.520971	0.221374	0.427726	0.632867	0.636175	0.628399	0.584767	0.638298	0.661710	0.596182	0.585561	0.611714	0.388554	0.654167	0.555270	0.442722	0.638831	0.656660	0.541667	0.114348	0.443299	0.572139	0.640777	0.637500	0.499002	0.591105	0.403137	0.249403	0.610714	0.621315	0.647287	0.159049	0.615023	0.588235	0.610478	0.629630	0.451499	0.568182	0.560209	0.439485	0.542529	0.644366	0.487476	0.570713	0.608974	0.643885	0.598601	0.383824	0.426426	0.591885	0.659459	0.615625	0.573217	
0.617949	0.633994	0.595300	0.612756	0.531947	0.620932	0.547904	0.051445	0.632135	0.619855	0.617128	0.559659	0.626566	0.621687	0.644252	0.572852	0.605839	0.556348	0.591837	0.630021	0.464688	0.494731	0.618337	0.598710	0.611995	0.197225	0.592873	0.604336	0.579832	0.411895	0.444079	0.564315	0.605598	0.572185	0.491128	0.617188	0.625922	0.481462	0.524096	0.671329	0.639469	0.598437	0.529484	0.364272	0.635678	0.540059	0.510083	0.320574	0.629146	0.318290	0.601770	0.613248	0.378621	0.636686	0.568600	0.605336	0.614555	0.556851	0.601648	0.625866	0.383764	0.504532	0.610603	0.566038	0.617504	0.467630	0.543885	0.654018	0.575035	0.617774	0.621359	0.587654	0.408395	0.627411	0.642005	0.026854	0.576503	0.612022	0.407649	0.634195	0.612903	0.614137	0.567723	0.574048	0.616967	0.563137	0.586483	0.628842	0.325000	0.597403	0.130604	0.614173	0.624288	0.572246	0.607287	0.631884	0.190728	0.546512	0.594891	0.613692	0.635135	0.549419	0.634956	0.065834	0.595638	0.306859	0.650995	0.150032	0.458547	0.628571	0.416807	0.635628	0.497653	0.535769	0.644135	0.576347	0.143843	0.623436	0.498834	0.516802	0.329238	0.442167	0.318996	0.600688	0.063438	0.387417	0.625752	0.588235	0.624413	0.557940	0.384584	0.503233	0.506747	0.639640	0.636000	0.596319	0.262158	0.625400	0.479365	0.590461	0.584404	0.626050	0.597403	0.610766	0.613485	0.600000	0.606873	0.600183	0.285192	0.577670	0.650707	0.475539	0.639906	0.534743	0.471698	0.308654	0.649065	0.513678	0.603521	0.592965	0.312562	0.550136	0.315978	0.545812	0.538670	0.631829	0.595020	0.565789	0.614446	0.625663	0.518565	0.579752	0.634197	0.612281	0.530031	0.277023	0.598901	0.652973	0.583514	0.560617	0.521686	0.583333	0.299298	0.581572	0.493550	0.608782	0.639594	0.582960	0.627219	0.625243	0.503864	0.252218	0.571209	0.635556	0.572638	0.608324	0.588235	0.604317	0.603810	0.640000	0.444552	0.605686	0.606464	0.593200	0.620359	0.353429	0.560773	0.623377	0.617925	0.433428	0.614987	0.559110	0.588043	0.339823	0.580214	0.552597	0.646552	0.196976	0.548000	0.605166	0.387755	0.469649	0.627936	0.373408	0.616385	0.555639	0.487942	0.620155	0.565074	0.608273	0.370884	0.648590	0.291439	0.611650	0.633039	0.262819	0.632353	0.643991	0.633554	0.542532	0.541547	0.592476	0.586466	0.535127	0.470209	0.624636	0.575000	0.615234	0.206381	0.619870	0.622081	0.609626	0.614657	0.528376	0.133390	0.574230	0.472089	0.630314	0.352234	0.606014	0.613692	0.631263	0.603381	0.550136	0.575800	0.592391	0.629052	0.620853	0.477941	0.042430	0.375451	0.614057	0.574124	0.605431	0.620614	0.593776	0.345679	0.627931	0.541311	0.539263	0.538847	0.603093	0.624857	0.625917	0.642005	0.269373	0.603730	0.344980	0.546784	0.630841	0.598383	0.545928	0.339823	0.532544	0.377161	0.449180	0.636275	0.638677	0.632911	0.567416	0.629864	0.609626	0.568600	0.508454	0.632677	0.517398	0.552707	0.623834	0.164533	0.550136	0.232178	0.220550	0.523810	0.626126	0.609709	0.596087	0.481775	0.580247	0.638298	0.628328	0.613383	0.621429	0.601325	0.540146	0.540921	0.562238	0.645482	0.638743	0.621032	0.495356	0.623602	0.163671	0.630675	0.586939	0.602431	0.618465	0.617769	0.603550	0.315978	0.471729	0.557154	0.611892	0.359387	0.636170	0.594640	0.528617	0.609572	0.619543	0.614711	0.616402	0.626374	0.590542	0.408217	0.462036	0.566347	0.412162	0.562054	0.352897	0.600243	0.598639	0.622370	0.633663	0.537273	0.615992	0.485351	0.601925	0.629189	0.363002	0.571854	0.644512	0.616240	0.610687	0.602452	0.544990	0.488114	0.292485	0.611307	0.613775	0.631447	0.602740	0.296367	0.634146	0.555233	0.269618	0.620098	0.620874	0.530551	0.620690	0.389189	0.175853	0.123943	0.414254	0.613333	0.539730	0.615385	0.594159	0.608470	0.457792	0.357268	0.623016	0.589947	0.572603	1.000000	0.594663	0.538313	0.588889	0.621495	0.216730	0.584693	0.178225	0.625000	0.543860	0.619958	0.648715	0.593054	0.592409	0.484479	0.544118	0.558739	0.530532	0.529840	0.577122	0.590294	0.533133	0.627306	0.590343	0.607477	0.149102	0.582418	0.601639	0.607803	0.248148	0.440288	0.600237	0.083668	0.658960	0.463023	0.524096	0.624599	0.414406	0.607617	0.471204	0.587039	0.029275	0.621444	0.612987	0.547085	0.578581	0.596175	0.593875	0.601399	0.448055	0.521870	0.569049	0.617788	0.598491	0.492401	0.634312	0.374152	0.624776	0.365549	0.570812	0.612821	0.528302	0.627586	0.452033	0.608808	0.584450	0.620922	0.606695	0.541106	0.533854	0.537791	0.412060	0.562454	0.544396	0.596491	0.412162	0.196522	0.572886	0.452459	0.564315	0.543605	0.598347	0.645304	0.542144	0.404172	0.617188	0.517720	0.588398	0.268768	0.492114	0.454545	0.510046	0.623832	0.582712	0.624000	0.625514	0.576839	0.608534	0.577320	0.595506	0.611718	0.610577	0.599476	0.611051	0.529337	0.266174	0.472089	0.579292	0.587264	0.621648	
0.607313	0.626238	0.533066	0.624484	0.593870	0.555781	0.497890	0.035173	0.598742	0.637037	0.640747	0.478918	0.624420	0.624448	0.612192	0.619632	0.575661	0.618182	0.657188	0.611321	0.352745	0.384988	0.592122	0.653846	0.621622	0.138111	0.513699	0.613288	0.611012	0.302569	0.525164	0.639860	0.645669	0.632450	0.394737	0.606159	0.619048	0.371930	0.588694	0.582744	0.593577	0.508415	0.427894	0.262376	0.623256	0.588910	0.409121	0.229189	0.601896	0.227468	0.640625	0.634395	0.276522	0.628242	0.611511	0.561966	0.605753	0.609346	0.606586	0.629371	0.277972	0.579256	0.579003	0.609665	0.533703	0.370198	0.591912	0.628188	0.640569	0.553571	0.647845	0.649469	0.297753	0.613909	0.622999	0.018287	0.616179	0.513274	0.295814	0.608187	0.620573	0.643258	0.611418	0.467245	0.644338	0.498221	0.628809	0.624460	0.435208	0.507772	0.090457	0.625205	0.589147	0.605839	0.525830	0.590498	0.133417	0.599628	0.571429	0.635682	0.626866	0.633147	0.626826	0.045116	0.545629	0.411911	0.559162	0.104245	0.352745	0.626996	0.509009	0.602151	0.581967	0.584980	0.589474	0.499578	0.099843	0.634615	0.402556	0.400000	0.235730	0.335090	0.427518	0.553907	0.043457	0.280795	0.632353	0.521352	0.619116	0.569343	0.277972	0.409032	0.596899	0.643148	0.593640	0.632530	0.185585	0.597964	0.576200	0.540845	0.541339	0.624220	0.615783	0.615951	0.592018	0.503817	0.552783	0.571125	0.383838	0.630015	0.593750	0.363429	0.614943	0.587084	0.400000	0.220222	0.617414	0.583826	0.541267	0.638760	0.223158	0.460377	0.428571	0.447349	0.468632	0.630970	0.647059	0.491372	0.605769	0.601010	0.439499	0.489362	0.616708	0.570273	0.423497	0.196600	0.610052	0.604651	0.609598	0.460815	0.421265	0.510044	0.213208	0.542636	0.383578	0.608696	0.597122	0.574689	0.586327	0.548350	0.596774	0.178251	0.512195	0.622163	0.481452	0.600509	0.550607	0.523636	0.582870	0.588101	0.330733	0.641337	0.594895	0.638177	0.643275	0.254095	0.642234	0.620957	0.637016	0.323335	0.632424	0.640845	0.543925	0.449275	0.629816	0.460400	0.612613	0.137931	0.461082	0.643505	0.498856	0.568421	0.617021	0.269377	0.601942	0.498316	0.389706	0.619681	0.524929	0.625931	0.478873	0.607004	0.402010	0.665676	0.632399	0.186074	0.619226	0.610123	0.625166	0.461997	0.617916	0.517333	0.498728	0.579151	0.536170	0.600000	0.639719	0.588774	0.144743	0.616774	0.619469	0.619765	0.633094	0.451520	0.092428	0.625222	0.567227	0.552095	0.253185	0.507853	0.650675	0.604486	0.611650	0.633731	0.612676	0.611966	0.645161	0.632035	0.362807	0.028967	0.271563	0.651515	0.636210	0.517711	0.630749	0.545279	0.451923	0.604819	0.602541	0.472050	0.431834	0.614400	0.636364	0.614693	0.628821	0.373402	0.636492	0.247664	0.494659	0.615603	0.629442	0.447977	0.434783	0.598095	0.272260	0.535948	0.575000	0.620472	0.602740	0.631016	0.566038	0.633166	0.629496	0.418605	0.637640	0.592157	0.602541	0.619165	0.114595	0.633731	0.163538	0.155046	0.606526	0.594301	0.584755	0.629526	0.566667	0.640364	0.575311	0.619289	0.588108	0.565531	0.605960	0.617978	0.438783	0.627660	0.577103	0.614428	0.606768	0.589899	0.636086	0.113978	0.599398	0.525000	0.553447	0.614973	0.619339	0.558140	0.418719	0.564103	0.509402	0.622739	0.258642	0.621039	0.504314	0.445869	0.631415	0.616523	0.554995	0.608264	0.575983	0.628492	0.297613	0.547009	0.617241	0.503401	0.621818	0.253690	0.622024	0.606164	0.617021	0.606860	0.458894	0.596288	0.373945	0.568548	0.617571	0.459716	0.498322	0.605701	0.631016	0.624021	0.567104	0.442090	0.566667	0.208115	0.570846	0.564257	0.642857	0.592423	0.211015	0.618687	0.603352	0.191106	0.631579	0.573196	0.596154	0.617524	0.282165	0.122709	0.085749	0.303725	0.614078	0.593023	0.628242	0.600950	0.554672	0.537634	0.466667	0.592765	0.634711	0.618307	0.594663	1.000000	0.445078	0.629174	0.618440	0.304000	0.643963	0.124413	0.644719	0.611632	0.611884	0.627628	0.557613	0.537229	0.384755	0.608696	0.636197	0.451895	0.608209	0.500000	0.529837	0.565302	0.637462	0.520741	0.572361	0.103583	0.634315	0.548176	0.602673	0.175255	0.328852	0.615607	0.057505	0.627451	0.543524	0.596491	0.617347	0.303146	0.560327	0.361569	0.635220	0.019944	0.605505	0.620355	0.575290	0.626761	0.626016	0.600000	0.501761	0.338298	0.589844	0.477519	0.613803	0.541267	0.595661	0.636735	0.269949	0.548287	0.263354	0.485484	0.635930	0.613383	0.634214	0.547414	0.624799	0.631933	0.620596	0.608696	0.575290	0.449097	0.610801	0.529148	0.487685	0.597015	0.657627	0.512472	0.137603	0.484848	0.553377	0.629371	0.633147	0.551464	0.618037	0.454955	0.295814	0.612642	0.574297	0.628272	0.190476	0.554865	0.550538	0.584677	0.643972	0.500420	0.607774	0.601705	0.487725	0.578209	0.630400	0.529680	0.605140	0.637298	0.629690	0.613990	0.446013	0.364103	0.550420	0.640523	0.619799	0.595794	
0.435842	0.562897	0.592971	0.514401	0.316770	0.606164	0.628396	0.115025	0.545804	0.477446	0.451384	0.654474	0.455768	0.480277	0.534808	0.462623	0.603156	0.352584	0.443174	0.548366	0.639938	0.628619	0.540889	0.434532	0.472067	0.397319	0.633919	0.397635	0.368698	0.599024	0.227310	0.379671	0.446824	0.411679	0.645216	0.423717	0.551151	0.642165	0.304926	0.494229	0.591971	0.601583	0.650022	0.581191	0.456414	0.318076	0.646675	0.526405	0.565217	0.539023	0.448080	0.545455	0.581213	0.491781	0.360061	0.599295	0.397937	0.333590	0.385704	0.498312	0.578913	0.302271	0.600351	0.337423	0.629529	0.638486	0.345038	0.524156	0.367470	0.618940	0.479500	0.465965	0.605100	0.568750	0.488644	0.060993	0.390497	0.626582	0.611111	0.565083	0.403238	0.496617	0.343774	0.632563	0.439340	0.606349	0.509409	0.487337	0.154894	0.620582	0.278056	0.421206	0.575195	0.350076	0.625946	0.586667	0.388578	0.336147	0.598480	0.475925	0.512309	0.336147	0.527979	0.145866	0.614278	0.145423	0.596165	0.315422	0.615025	0.483849	0.208264	0.567686	0.271132	0.295597	0.578655	0.638647	0.303812	0.515395	0.646933	0.635626	0.558891	0.623123	0.151748	0.617895	0.140770	0.578027	0.484094	0.631746	0.494888	0.350076	0.596595	0.648532	0.308892	0.524285	0.559752	0.469930	0.496065	0.545103	0.258635	0.623703	0.621773	0.553925	0.536712	0.560405	0.589928	0.623136	0.615044	0.604215	0.134251	0.482279	0.522816	0.628776	0.487004	0.302271	0.628299	0.536946	0.511811	0.296936	0.615044	0.449327	0.547013	0.641798	0.150171	0.637424	0.636668	0.480439	0.420900	0.646495	0.568210	0.527599	0.638838	0.628773	0.563291	0.605128	0.633184	0.503374	0.381236	0.527273	0.538712	0.618022	0.643872	0.627943	0.513204	0.617353	0.614679	0.572665	0.562500	0.609249	0.580724	0.564134	0.282092	0.480849	0.635319	0.532013	0.643384	0.552835	0.608894	0.629153	0.583784	0.591463	0.619561	0.463483	0.586683	0.500000	0.488276	0.575099	0.380881	0.540611	0.494874	0.623491	0.433405	0.374813	0.622004	0.162712	0.406456	0.642419	0.541802	0.400595	0.655319	0.462185	0.197839	0.253022	0.456461	0.578830	0.429191	0.636643	0.631359	0.520422	0.623291	0.471816	0.181208	0.530904	0.137457	0.483669	0.444602	0.498088	0.552648	0.499666	0.533859	0.641366	0.348819	0.625066	0.641645	0.311526	0.245955	0.585662	0.376030	0.583282	0.413953	0.543803	0.545922	0.407924	0.495551	0.652700	0.283510	0.368698	0.254428	0.573954	0.569860	0.629707	0.471738	0.579045	0.429191	0.397635	0.374813	0.395263	0.483425	0.489376	0.628027	0.095414	0.581725	0.460028	0.402358	0.628816	0.535691	0.617517	0.165821	0.570175	0.353834	0.643622	0.633198	0.438533	0.509383	0.475925	0.488644	0.126188	0.501018	0.570486	0.646495	0.507138	0.402358	0.640930	0.162712	0.320682	0.579626	0.230204	0.571081	0.435403	0.579781	0.366240	0.603488	0.402054	0.360061	0.639366	0.506089	0.300940	0.353834	0.553165	0.343255	0.397635	0.449409	0.436730	0.315462	0.518962	0.577508	0.509434	0.260032	0.463158	0.574894	0.541828	0.598462	0.605187	0.417518	0.332308	0.655346	0.369925	0.556104	0.554140	0.573013	0.280730	0.456338	0.341633	0.461538	0.629905	0.616865	0.525760	0.563487	0.624027	0.150171	0.243112	0.632231	0.528571	0.579845	0.537621	0.591487	0.643318	0.452803	0.558022	0.620376	0.414296	0.599883	0.514170	0.601447	0.243112	0.389302	0.203811	0.352584	0.575619	0.479833	0.394074	0.521739	0.535433	0.654943	0.583538	0.602310	0.613197	0.542857	0.175084	0.627171	0.569652	0.532365	0.543081	0.608993	0.631531	0.260032	0.526426	0.615913	0.608400	0.453901	0.576665	0.523810	0.543004	0.336147	0.499267	0.472397	0.595622	0.314152	0.505051	0.600000	0.364431	0.264940	0.602098	0.559748	0.308892	0.489041	0.567164	0.616253	0.238830	0.172007	0.570548	0.411379	0.386617	0.538313	0.445078	1.000000	0.376030	0.500340	0.099912	0.454674	0.368152	0.519064	0.331024	0.547206	0.469274	0.615650	0.631637	0.631666	0.325869	0.348819	0.642657	0.334869	0.637563	0.638889	0.304926	0.463585	0.648763	0.587537	0.313930	0.384214	0.629973	0.563877	0.472355	0.631852	0.488340	0.183325	0.505405	0.247373	0.304926	0.548387	0.607542	0.606651	0.635248	0.447932	0.066389	0.531066	0.430325	0.311526	0.374813	0.518617	0.411420	0.625657	0.623583	0.303599	0.650778	0.490670	0.620575	0.296936	0.519654	0.590006	0.586466	0.583464	0.625125	0.443011	0.337423	0.509091	0.237398	0.429704	0.407054	0.519947	0.549968	0.311526	0.640632	0.336147	0.211221	0.643145	0.334869	0.401180	0.203811	0.400148	0.642174	0.230204	0.379671	0.336147	0.629041	0.519737	0.653003	0.596022	0.423717	0.284810	0.380881	0.493544	0.264211	0.238830	0.282092	0.498980	0.635667	0.567183	0.557026	0.632797	0.596574	0.435658	0.632993	0.579531	0.479613	0.426396	0.538362	0.649565	0.124567	0.254428	0.423803	0.496241	0.577065	
0.604982	0.588394	0.476907	0.593939	0.619780	0.509249	0.438283	0.027866	0.576923	0.615132	0.628472	0.415126	0.641379	0.617647	0.588068	0.611966	0.521640	0.641822	0.643110	0.574176	0.289171	0.316719	0.561111	0.628366	0.634391	0.110621	0.448683	0.630769	0.633065	0.246683	0.543590	0.649505	0.630282	0.636872	0.328319	0.614545	0.585499	0.305539	0.591928	0.575000	0.547847	0.444444	0.356028	0.212983	0.612457	0.640351	0.341962	0.185377	0.550837	0.183950	0.642234	0.582173	0.224810	0.596491	0.613497	0.510932	0.618321	0.641026	0.603922	0.592593	0.226024	0.626126	0.529680	0.649682	0.472441	0.304058	0.641509	0.592920	0.646465	0.499469	0.633663	0.618243	0.242629	0.581486	0.629032	0.014462	0.638132	0.459078	0.240999	0.550761	0.634981	0.576744	0.630252	0.411667	0.632143	0.442763	0.607634	0.608280	0.485380	0.445463	0.072085	0.643382	0.538278	0.648649	0.468043	0.555692	0.106809	0.642553	0.514806	0.613333	0.585075	0.651064	0.606414	0.035780	0.492813	0.452381	0.513514	0.083195	0.289171	0.607717	0.572944	0.579221	0.612827	0.615034	0.545685	0.436494	0.079645	0.586989	0.335113	0.332891	0.190802	0.274167	0.494118	0.497881	0.034459	0.228389	0.606852	0.457900	0.602524	0.602911	0.226024	0.338503	0.632517	0.600000	0.534527	0.603015	0.149405	0.589708	0.606796	0.484970	0.486828	0.574932	0.592068	0.561497	0.541317	0.444245	0.486154	0.525714	0.449848	0.597360	0.562054	0.298277	0.604134	0.617117	0.338295	0.177951	0.587554	0.631818	0.486154	0.622837	0.180381	0.395866	0.471976	0.381679	0.399682	0.618590	0.627523	0.429565	0.559477	0.557241	0.366156	0.427706	0.570281	0.503254	0.356478	0.158460	0.615686	0.579915	0.579545	0.406948	0.353770	0.450835	0.172154	0.497409	0.320767	0.551020	0.568449	0.501672	0.555276	0.527094	0.610723	0.143388	0.449584	0.598240	0.415000	0.575800	0.505972	0.464666	0.528846	0.557621	0.270474	0.619289	0.551559	0.598425	0.615883	0.206076	0.660079	0.575071	0.638095	0.264211	0.633094	0.634731	0.476570	0.507205	0.622642	0.390966	0.600000	0.110475	0.391576	0.615126	0.545946	0.607843	0.605753	0.218832	0.591652	0.442462	0.320767	0.607299	0.471888	0.622517	0.534819	0.576705	0.453172	0.610561	0.619130	0.149806	0.588556	0.590361	0.598837	0.393725	0.604167	0.455577	0.442446	0.576497	0.575682	0.553506	0.633466	0.535980	0.116016	0.584746	0.566298	0.633962	0.621019	0.381749	0.073672	0.612903	0.616137	0.513889	0.205317	0.450417	0.630000	0.558974	0.617060	0.653846	0.646707	0.610039	0.621138	0.600639	0.297746	0.022934	0.220659	0.613828	0.618321	0.471954	0.579251	0.481977	0.515759	0.560944	0.628099	0.409500	0.364296	0.623656	0.591806	0.623333	0.619355	0.444444	0.600000	0.200720	0.427826	0.608150	0.641221	0.381169	0.501441	0.641921	0.221243	0.586735	0.546125	0.605634	0.548826	0.627530	0.529876	0.649057	0.646217	0.349096	0.595349	0.623025	0.636364	0.578313	0.091556	0.653846	0.131345	0.124411	0.629956	0.588060	0.534483	0.592934	0.605327	0.614865	0.534314	0.582524	0.547786	0.507761	0.640596	0.629550	0.372957	0.623742	0.547529	0.580733	0.559494	0.635514	0.613288	0.091058	0.619765	0.457740	0.496788	0.596182	0.568000	0.489119	0.477876	0.598504	0.446056	0.574257	0.209866	0.590028	0.473361	0.373972	0.625000	0.572581	0.508658	0.609665	0.530892	0.588598	0.242512	0.578554	0.623782	0.572193	0.629400	0.205738	0.621488	0.646035	0.575182	0.590449	0.394965	0.555975	0.315525	0.497297	0.591231	0.540845	0.432000	0.557419	0.604993	0.580830	0.504329	0.372128	0.615012	0.167949	0.522976	0.505920	0.610052	0.547264	0.170343	0.593103	0.600000	0.153941	0.612040	0.504983	0.622517	0.595092	0.229538	0.098124	0.068299	0.247657	0.560106	0.636971	0.615630	0.547097	0.502662	0.592965	0.515581	0.562025	0.650558	0.656250	0.588889	0.629174	0.376030	1.000000	0.617555	0.370130	0.618307	0.099504	0.613293	0.622318	0.574586	0.624374	0.508287	0.476861	0.316520	0.653680	0.645833	0.383142	0.635394	0.436236	0.467757	0.614350	0.611765	0.461538	0.521127	0.082661	0.627451	0.489022	0.558201	0.140932	0.268881	0.576000	0.045665	0.612056	0.599010	0.623318	0.585774	0.247169	0.515917	0.296690	0.625659	0.015775	0.589080	0.630435	0.589800	0.614770	0.593145	0.615385	0.452760	0.276889	0.611236	0.410466	0.622150	0.480000	0.627273	0.604790	0.219310	0.502232	0.213799	0.416027	0.626335	0.636943	0.616564	0.579345	0.624549	0.628788	0.593145	0.569106	0.589800	0.379363	0.621277	0.564644	0.430930	0.622601	0.642447	0.572193	0.110209	0.426343	0.607143	0.637624	0.617021	0.487903	0.579330	0.395257	0.240999	0.636364	0.626450	0.636364	0.153423	0.600962	0.587940	0.610723	0.617555	0.441281	0.562660	0.564987	0.425974	0.527907	0.627240	0.472763	0.555133	0.615635	0.652015	0.573050	0.371852	0.433437	0.621027	0.620183	0.596825	0.562738	
0.598854	0.633979	0.560450	0.633166	0.578680	0.606635	0.558214	0.042642	0.629630	0.637097	0.646067	0.529412	0.631285	0.636364	0.633333	0.646325	0.611440	0.600969	0.626781	0.625000	0.411325	0.441604	0.612150	0.634921	0.639456	0.165597	0.557801	0.603659	0.610759	0.356518	0.486692	0.617785	0.627841	0.635958	0.454054	0.606414	0.643599	0.432827	0.542955	0.595361	0.611111	0.532554	0.477361	0.310469	0.619048	0.570946	0.466334	0.272152	0.624315	0.270157	0.643159	0.653396	0.326720	0.621232	0.608000	0.604975	0.587879	0.576159	0.585139	0.645408	0.328384	0.589655	0.618577	0.593081	0.585069	0.428651	0.600326	0.621622	0.592710	0.590529	0.638814	0.659341	0.351020	0.637874	0.640212	0.022211	0.615385	0.552127	0.348806	0.616883	0.607251	0.655570	0.575163	0.516467	0.643678	0.531433	0.642225	0.636126	0.380753	0.537897	0.109014	0.638235	0.606996	0.602917	0.572420	0.640084	0.160050	0.577558	0.609467	0.611413	0.625310	0.597360	0.647202	0.054638	0.598198	0.360169	0.595703	0.125446	0.402778	0.625330	0.467836	0.635762	0.538600	0.566957	0.608225	0.551834	0.120205	0.647428	0.456548	0.454988	0.279725	0.392476	0.373950	0.596296	0.052639	0.330763	0.638184	0.559933	0.628571	0.557536	0.328384	0.465720	0.577778	0.640199	0.575163	0.630286	0.221396	0.638596	0.525547	0.578483	0.600922	0.629885	0.641330	0.642534	0.599382	0.543269	0.592259	0.611276	0.335484	0.638814	0.609319	0.421111	0.624837	0.562069	0.459727	0.261752	0.631197	0.572917	0.581458	0.624650	0.265159	0.509326	0.370526	0.503458	0.520115	0.621053	0.628488	0.556765	0.634850	0.610918	0.493696	0.534469	0.634202	0.597353	0.469667	0.234262	0.613003	0.604982	0.638095	0.499628	0.483601	0.556837	0.253604	0.592189	0.433862	0.630435	0.637874	0.607938	0.618026	0.569620	0.548673	0.212813	0.568611	0.640587	0.523952	0.633918	0.594134	0.568007	0.623967	0.629905	0.388554	0.632737	0.635052	0.653696	0.650730	0.300933	0.616822	0.636580	0.660574	0.379175	0.632948	0.602826	0.581212	0.393375	0.621622	0.505634	0.643026	0.165385	0.519041	0.651163	0.462451	0.525735	0.605227	0.318519	0.593886	0.552108	0.447972	0.638246	0.565371	0.654054	0.424242	0.611905	0.342612	0.636119	0.616034	0.221967	0.643678	0.600000	0.640777	0.511694	0.597403	0.559464	0.546474	0.555366	0.497217	0.638567	0.598746	0.622081	0.173426	0.646919	0.627907	0.621622	0.651832	0.505858	0.111367	0.613924	0.528440	0.576000	0.299884	0.544856	0.663043	0.624454	0.622999	0.628049	0.596546	0.581040	0.625832	0.640420	0.422613	0.035142	0.321029	0.614540	0.621212	0.548718	0.631325	0.592593	0.400000	0.642937	0.596774	0.518791	0.480845	0.628242	0.641509	0.625000	0.624339	0.317391	0.634021	0.293515	0.538103	0.627907	0.633333	0.503785	0.393375	0.582492	0.321830	0.496212	0.598525	0.599432	0.613757	0.603175	0.615836	0.618619	0.617600	0.471410	0.642766	0.576857	0.600000	0.636467	0.137747	0.628049	0.195553	0.185567	0.589831	0.617866	0.607595	0.642948	0.539162	0.640110	0.607143	0.613769	0.625755	0.595376	0.621100	0.593698	0.491228	0.606635	0.596757	0.613975	0.622030	0.563830	0.647303	0.137015	0.622101	0.570227	0.590654	0.651163	0.638826	0.588556	0.370526	0.495345	0.564972	0.631079	0.306171	0.631702	0.544964	0.498303	0.640449	0.652273	0.598113	0.584570	0.607921	0.631847	0.350861	0.517691	0.607088	0.466667	0.613893	0.300466	0.658570	0.600306	0.623630	0.652963	0.515991	0.633727	0.421540	0.603205	0.640569	0.419552	0.537669	0.630077	0.646267	0.646707	0.605660	0.491582	0.524590	0.247680	0.607619	0.599061	0.619916	0.612766	0.251054	0.645761	0.577558	0.227848	0.653951	0.592878	0.587436	0.652284	0.333190	0.147372	0.103393	0.357836	0.638298	0.567521	0.642202	0.647640	0.597209	0.509363	0.417178	0.622030	0.629080	0.629630	0.621495	0.618440	0.500340	0.617555	1.000000	0.256757	0.640559	0.149392	0.641604	0.601329	0.637209	0.590476	0.601345	0.591150	0.439024	0.588629	0.600649	0.510756	0.595041	0.554595	0.578723	0.567010	0.634747	0.567388	0.609312	0.124658	0.622291	0.590510	0.634529	0.209302	0.386420	0.614980	0.069548	0.633461	0.514815	0.570447	0.616647	0.357176	0.605540	0.419037	0.629787	0.024219	0.658654	0.627907	0.534923	0.587127	0.649318	0.609865	0.534440	0.396101	0.567986	0.541575	0.637333	0.579658	0.562500	0.646766	0.319175	0.575581	0.311594	0.516425	0.638968	0.593081	0.637056	0.517824	0.605797	0.626506	0.634449	0.613272	0.548552	0.499312	0.590759	0.466019	0.543901	0.601653	0.622155	0.458824	0.164997	0.537984	0.511364	0.605304	0.567657	0.585106	0.622114	0.511064	0.348806	0.615160	0.543210	0.610592	0.227113	0.532609	0.501873	0.552212	0.653747	0.553968	0.631808	0.640449	0.532920	0.618474	0.657061	0.585911	0.629189	0.632000	0.621701	0.639715	0.499327	0.313725	0.535780	0.643172	0.650131	0.642162	
0.309783	0.208410	0.154681	0.244635	0.413793	0.157241	0.123377	0.006397	0.213483	0.275362	0.298429	0.114458	0.295337	0.272727	0.223529	0.291560	0.166667	0.394464	0.306452	0.213483	0.073930	0.081955	0.216730	0.314050	0.281481	0.026243	0.125689	0.349693	0.377483	0.061923	0.500000	0.366559	0.304813	0.332362	0.085393	0.320225	0.212291	0.078675	0.428571	0.255605	0.177570	0.131336	0.093750	0.052705	0.296875	0.427481	0.089482	0.045346	0.195540	0.044970	0.300792	0.217557	0.055910	0.263279	0.386441	0.168889	0.345455	0.401460	0.354430	0.251101	0.056241	0.448000	0.167155	0.404332	0.138686	0.078243	0.388693	0.235537	0.378738	0.152610	0.276699	0.286432	0.060800	0.198953	0.267606	0.003303	0.356250	0.131185	0.060349	0.191919	0.343373	0.252772	0.397163	0.113320	0.311475	0.132097	0.247289	0.262673	0.608108	0.127090	0.016839	0.325714	0.177570	0.383275	0.138518	0.182986	0.025300	0.413043	0.166667	0.280788	0.239496	0.405797	0.231707	0.008239	0.146154	0.563380	0.164265	0.019521	0.073930	0.266355	0.546448	0.197917	0.475771	0.448980	0.191919	0.123377	0.018661	0.244111	0.087423	0.086758	0.046779	0.069640	0.589041	0.152000	0.007931	0.056886	0.272076	0.132097	0.259091	0.390244	0.056241	0.088441	0.447059	0.239496	0.193878	0.282878	0.036008	0.217143	0.495413	0.141791	0.150993	0.211111	0.222656	0.205776	0.177847	0.124183	0.145967	0.167401	0.533333	0.276699	0.224852	0.076561	0.262069	0.440000	0.088785	0.043396	0.229376	0.455285	0.145967	0.296875	0.044032	0.107143	0.593103	0.102151	0.107345	0.265116	0.324786	0.119247	0.199650	0.214689	0.096856	0.118626	0.206148	0.156593	0.094763	0.038332	0.360759	0.222222	0.223529	0.112315	0.093061	0.128959	0.041881	0.147860	0.083151	0.193220	0.198953	0.162162	0.189369	0.184466	0.485106	0.034472	0.128523	0.233607	0.113320	0.217143	0.156809	0.135876	0.178683	0.185971	0.068592	0.287154	0.178125	0.258503	0.269504	0.050847	0.365385	0.222656	0.261468	0.066823	0.314917	0.371336	0.140915	0.575163	0.339286	0.104587	0.220930	0.026207	0.104779	0.284289	0.545455	0.476636	0.287154	0.054286	0.313725	0.122977	0.083151	0.232179	0.142145	0.278049	0.557576	0.223529	0.569343	0.276699	0.299213	0.036110	0.211111	0.242553	0.230769	0.105458	0.391608	0.131944	0.124183	0.404669	0.516746	0.184168	0.363636	0.186275	0.027583	0.221790	0.215094	0.339286	0.262673	0.101695	0.017221	0.377483	0.502326	0.170149	0.050644	0.128814	0.280788	0.194539	0.319328	0.349693	0.371336	0.351852	0.270784	0.263889	0.076408	0.005255	0.054781	0.285714	0.345455	0.135714	0.228000	0.146718	0.554839	0.200351	0.386207	0.111003	0.096284	0.313187	0.245161	0.280788	0.267606	0.584615	0.255605	0.049415	0.119247	0.256757	0.345455	0.101514	0.601307	0.409091	0.054940	0.505051	0.184168	0.304813	0.185366	0.373333	0.164502	0.339286	0.386441	0.091640	0.252772	0.441767	0.393103	0.206148	0.021554	0.349693	0.031422	0.029680	0.423077	0.239496	0.184466	0.249453	0.502283	0.286432	0.183280	0.216319	0.171687	0.161017	0.332362	0.417582	0.098958	0.376238	0.191597	0.209945	0.191275	0.461538	0.290076	0.021433	0.282878	0.132712	0.154054	0.234086	0.205036	0.147860	0.565517	0.463768	0.125413	0.222222	0.051865	0.215909	0.145780	0.099738	0.298429	0.207273	0.156164	0.331395	0.167647	0.250549	0.060768	0.473430	0.357367	0.577778	0.394464	0.050757	0.277372	0.352941	0.232179	0.229376	0.105850	0.189684	0.081603	0.155951	0.222222	0.583851	0.122449	0.196213	0.234086	0.225743	0.156164	0.098701	0.493151	0.040787	0.158333	0.155102	0.297650	0.186885	0.041409	0.214689	0.413043	0.037170	0.282178	0.160790	0.440154	0.248908	0.057200	0.023161	0.015931	0.062193	0.202487	0.447059	0.263279	0.196213	0.153020	0.509804	0.553459	0.191275	0.331395	0.358491	0.216730	0.304000	0.099912	0.370130	0.256757	1.000000	0.296104	0.023500	0.243590	0.419118	0.215094	0.281481	0.160338	0.142500	0.081897	0.417910	0.391608	0.102610	0.392727	0.120891	0.134911	0.428571	0.284289	0.130734	0.173252	0.019391	0.360759	0.141089	0.202847	0.033848	0.068141	0.264501	0.010557	0.251656	0.476190	0.436508	0.217973	0.062058	0.158996	0.076101	0.304000	0.003604	0.227092	0.318436	0.404669	0.371336	0.238994	0.336283	0.130286	0.070414	0.414343	0.110787	0.271429	0.145967	0.439024	0.240506	0.054415	0.162393	0.052925	0.116445	0.309783	0.411552	0.248908	0.492611	0.316667	0.341317	0.238994	0.209559	0.428016	0.101423	0.413043	0.518919	0.119122	0.407273	0.346505	0.511111	0.026141	0.118750	0.505051	0.366559	0.398551	0.142857	0.231237	0.106443	0.060349	0.314607	0.472574	0.365385	0.037037	0.486486	0.509804	0.459574	0.256757	0.122581	0.193878	0.203571	0.118626	0.171171	0.313187	0.136691	0.191597	0.271429	0.323864	0.223092	0.098616	0.666667	0.474419	0.324786	0.261468	0.191597	
0.582160	0.608802	0.539683	0.635007	0.575188	0.568273	0.512134	0.036259	0.593789	0.642336	0.643185	0.495659	0.617960	0.626996	0.622279	0.640483	0.580105	0.614286	0.631415	0.588820	0.361831	0.393502	0.609787	0.643533	0.624260	0.142145	0.524618	0.609715	0.603839	0.310606	0.505353	0.597938	0.641860	0.641694	0.404732	0.583732	0.616337	0.381395	0.543021	0.577406	0.576123	0.486392	0.439812	0.269515	0.580153	0.555347	0.422006	0.235548	0.625293	0.233785	0.618462	0.631447	0.283983	0.607955	0.579505	0.553911	0.555740	0.579817	0.568995	0.617931	0.285466	0.579655	0.600210	0.605839	0.547118	0.379630	0.599278	0.617219	0.601399	0.546169	0.629575	0.651719	0.305685	0.620853	0.628407	0.018857	0.622673	0.521053	0.303704	0.601156	0.606965	0.626039	0.578662	0.483947	0.618524	0.513228	0.655738	0.632624	0.405728	0.513699	0.093169	0.605475	0.584885	0.587814	0.531993	0.617450	0.137325	0.585009	0.573822	0.626292	0.621151	0.603291	0.618611	0.046502	0.559467	0.382567	0.559585	0.107347	0.360728	0.606581	0.493392	0.602125	0.562249	0.558140	0.582659	0.503766	0.102821	0.617886	0.413968	0.408833	0.242245	0.343816	0.417266	0.562194	0.044793	0.288352	0.626087	0.525573	0.624473	0.569892	0.285466	0.420513	0.608365	0.618474	0.575087	0.640950	0.190864	0.610553	0.548057	0.543256	0.565302	0.614057	0.648787	0.606061	0.605263	0.496215	0.549430	0.571429	0.359606	0.647145	0.586118	0.372727	0.597734	0.579655	0.414148	0.226363	0.601562	0.584139	0.539924	0.647328	0.229371	0.468914	0.403846	0.457102	0.474119	0.610556	0.627010	0.510187	0.593824	0.603491	0.453039	0.491883	0.618932	0.576577	0.426052	0.202157	0.609881	0.612245	0.627401	0.472784	0.435829	0.522944	0.219178	0.562380	0.394641	0.606272	0.627962	0.583162	0.602520	0.557930	0.565217	0.183343	0.521589	0.611331	0.485513	0.613065	0.565130	0.515315	0.598460	0.597285	0.339369	0.619760	0.603732	0.648876	0.619597	0.261043	0.624357	0.628352	0.619519	0.331816	0.597156	0.598616	0.551852	0.429245	0.619440	0.470242	0.612452	0.141961	0.473878	0.645833	0.487696	0.540206	0.589820	0.276677	0.573248	0.519199	0.399513	0.629921	0.544268	0.634361	0.467890	0.601793	0.392157	0.629575	0.601227	0.191365	0.618989	0.591093	0.632680	0.468935	0.603232	0.521586	0.511354	0.537879	0.504167	0.597753	0.621762	0.600227	0.148955	0.642038	0.599251	0.616145	0.632624	0.465517	0.095197	0.596859	0.539095	0.533475	0.260111	0.525952	0.670606	0.585764	0.592357	0.673367	0.608997	0.598319	0.612717	0.625889	0.372093	0.029864	0.278912	0.602985	0.608985	0.514851	0.614786	0.557252	0.436620	0.597619	0.606061	0.485362	0.435739	0.629921	0.633152	0.605613	0.625538	0.364090	0.647141	0.254461	0.500407	0.623776	0.642263	0.463415	0.429245	0.568224	0.279625	0.511727	0.582022	0.613953	0.595937	0.577933	0.566390	0.612850	0.618375	0.422442	0.645429	0.584615	0.606061	0.604369	0.117986	0.673367	0.168248	0.159533	0.602637	0.591700	0.591676	0.645604	0.542857	0.645740	0.575588	0.614035	0.596791	0.561798	0.631922	0.580882	0.449754	0.613240	0.579677	0.609337	0.592849	0.582178	0.611446	0.117352	0.590504	0.525664	0.559842	0.638522	0.621524	0.562380	0.418269	0.518828	0.525424	0.630102	0.265695	0.623279	0.516619	0.455446	0.615620	0.628502	0.561439	0.591870	0.582545	0.647383	0.305543	0.523013	0.630508	0.496674	0.592857	0.260628	0.642229	0.589226	0.622047	0.632812	0.474777	0.598624	0.382494	0.570858	0.602041	0.449074	0.510815	0.593897	0.651715	0.618557	0.565435	0.443198	0.538776	0.213960	0.573158	0.566600	0.614679	0.610670	0.216931	0.610973	0.574040	0.196525	0.616296	0.542857	0.603774	0.631001	0.289753	0.126324	0.088326	0.311787	0.611511	0.562738	0.636364	0.619718	0.564961	0.509474	0.441860	0.576701	0.653659	0.628183	0.584693	0.643963	0.454674	0.618307	0.640559	0.296104	1.000000	0.128075	0.638701	0.607735	0.611735	0.576923	0.588595	0.556489	0.394468	0.601113	0.610413	0.464544	0.575092	0.515651	0.541219	0.543021	0.630952	0.526684	0.579117	0.106667	0.616695	0.552363	0.626651	0.180269	0.337449	0.635328	0.059259	0.610497	0.515593	0.581262	0.622166	0.311195	0.562753	0.370831	0.647059	0.020564	0.610608	0.607313	0.545455	0.612457	0.639037	0.586885	0.504363	0.347090	0.593870	0.487692	0.633864	0.541825	0.591876	0.633557	0.277261	0.536485	0.270515	0.494400	0.619718	0.613139	0.603567	0.552743	0.599049	0.628099	0.612299	0.625767	0.530303	0.454480	0.606947	0.504386	0.501629	0.586081	0.613333	0.492239	0.141623	0.493907	0.533049	0.615120	0.581353	0.553789	0.607330	0.469449	0.303704	0.586922	0.562992	0.596913	0.195879	0.535497	0.530526	0.573123	0.640559	0.514571	0.584400	0.608905	0.488636	0.580576	0.651969	0.546606	0.614319	0.630970	0.606742	0.629156	0.451296	0.355000	0.539095	0.652733	0.633663	0.625866	
0.121841	0.185466	0.248447	0.157217	0.081633	0.244599	0.306306	0.420605	0.180990	0.138614	0.126978	0.327577	0.128440	0.140058	0.172670	0.130265	0.231323	0.092320	0.123312	0.180990	0.458990	0.427546	0.178225	0.120000	0.135356	0.601696	0.301205	0.106261	0.097242	0.499544	0.056355	0.100634	0.124046	0.112598	0.416996	0.117416	0.182025	0.439056	0.078172	0.150106	0.217513	0.289384	0.386696	0.525507	0.127709	0.082016	0.400266	0.553855	0.197744	0.578933	0.125880	0.177533	0.524203	0.145455	0.094595	0.228381	0.107756	0.086609	0.102513	0.152957	0.509758	0.077401	0.230670	0.087754	0.275229	0.440749	0.090040	0.163570	0.096864	0.251641	0.137891	0.132814	0.499698	0.194350	0.142940	0.244249	0.104014	0.289690	0.505584	0.201463	0.108503	0.151889	0.089659	0.330489	0.121105	0.287857	0.155444	0.145813	0.037257	0.298190	0.627097	0.115196	0.217513	0.091561	0.275540	0.211194	0.647409	0.087373	0.231323	0.135718	0.160752	0.087373	0.166380	0.490712	0.262099	0.034843	0.234579	0.628912	0.449753	0.143659	0.051220	0.195370	0.068493	0.075472	0.201463	0.306306	0.644293	0.157571	0.407548	0.409850	0.563702	0.471290	0.036453	0.252597	0.479828	0.512980	0.140419	0.287857	0.147962	0.091561	0.519811	0.405908	0.079327	0.160752	0.199437	0.134630	0.614450	0.177879	0.064985	0.269626	0.254188	0.183059	0.173366	0.187866	0.217181	0.304509	0.262414	0.230343	0.032020	0.137891	0.171625	0.441696	0.146172	0.077401	0.405580	0.586095	0.168131	0.075858	0.262414	0.127709	0.578761	0.347182	0.036051	0.361182	0.346611	0.144378	0.115566	0.315826	0.193670	0.179954	0.378086	0.317304	0.187524	0.245563	0.383502	0.569057	0.102513	0.173714	0.172670	0.333102	0.389131	0.294254	0.560665	0.259259	0.414538	0.200113	0.194350	0.237500	0.204158	0.209524	0.071601	0.618100	0.295164	0.164976	0.330489	0.177879	0.245242	0.280488	0.216186	0.207850	0.470386	0.132450	0.216850	0.148320	0.141860	0.549936	0.101010	0.173366	0.146530	0.486419	0.119631	0.099128	0.271186	0.039264	0.109994	0.354213	0.174757	0.633432	0.353991	0.133904	0.048443	0.063422	0.132450	0.523036	0.117786	0.307203	0.424034	0.166029	0.269002	0.137167	0.044064	0.172670	0.032827	0.137891	0.126612	0.597922	0.183059	0.158633	0.167081	0.352011	0.091181	0.288163	0.304509	0.080096	0.061464	0.209858	0.099504	0.207515	0.641263	0.174062	0.179609	0.109994	0.145813	0.363264	0.631681	0.097242	0.063813	0.226743	0.537779	0.294557	0.135718	0.198760	0.117786	0.106261	0.099128	0.105513	0.141140	0.145096	0.441483	0.362666	0.529774	0.133178	0.107756	0.280796	0.169181	0.261153	0.040065	0.192989	0.092699	0.336572	0.377977	0.120369	0.156863	0.135718	0.142940	0.029998	0.150106	0.553379	0.315826	0.149392	0.107756	0.362116	0.039264	0.082783	0.518203	0.057143	0.209858	0.124046	0.208520	0.096486	0.234254	0.109994	0.094595	0.394917	0.151889	0.077016	0.092699	0.187524	0.646120	0.106261	0.590795	0.616927	0.081249	0.160752	0.209524	0.154024	0.065375	0.132814	0.210860	0.178571	0.224773	0.239118	0.112598	0.086228	0.371201	0.097619	0.201800	0.184091	0.202138	0.071213	0.130994	0.642204	0.134630	0.286633	0.249407	0.164625	0.188551	0.259259	0.036051	0.060680	0.301807	0.173714	0.543043	0.178917	0.262729	0.369048	0.126978	0.186495	0.246204	0.112970	0.230017	0.153313	0.495085	0.060680	0.103639	0.050031	0.092320	0.543033	0.137529	0.105138	0.166029	0.168131	0.350877	0.203822	0.424845	0.246525	0.173714	0.042466	0.308398	0.197067	0.164625	0.170927	0.246204	0.372030	0.065375	0.586830	0.242991	0.247807	0.127344	0.206845	0.560748	0.179954	0.087373	0.603537	0.134993	0.239442	0.080865	0.154379	0.524220	0.621389	0.621710	0.498326	0.190943	0.079327	0.145455	0.197067	0.251003	0.059502	0.041667	0.202138	0.112970	0.103264	0.178225	0.124413	0.368152	0.099504	0.149392	0.023500	0.128075	1.000000	0.157925	0.085845	0.179609	0.135356	0.240088	0.268376	0.427802	0.084316	0.091181	0.360465	0.086991	0.311972	0.282336	0.078172	0.133904	0.290604	0.222799	0.639601	0.102513	0.270875	0.190602	0.620605	0.482683	0.144737	0.549434	0.152601	0.061856	0.078172	0.177186	0.498631	0.242024	0.443625	0.124413	0.263653	0.169880	0.118155	0.080096	0.099128	0.161105	0.111111	0.291518	0.471051	0.077787	0.337149	0.140780	0.262414	0.075858	0.160046	0.535714	0.237176	0.536062	0.322603	0.121841	0.087754	0.154379	0.059109	0.118893	0.109249	0.161105	0.184435	0.080096	0.363760	0.087373	0.052011	0.316122	0.086991	0.107383	0.050031	0.641679	0.317009	0.057143	0.100634	0.087373	0.267751	0.166730	0.349174	0.511017	0.117416	0.072376	0.101010	0.581190	0.066546	0.059502	0.071601	0.149392	0.308100	0.199437	0.189919	0.317304	0.225430	0.120369	0.278945	0.201800	0.140780	0.115936	0.173018	0.372306	0.029593	0.063813	0.115566	0.146530	0.201800	
0.612188	0.652608	0.579285	0.643902	0.582114	0.604263	0.555556	0.045227	0.648649	0.635417	0.633152	0.551111	0.643243	0.629534	0.650463	0.628188	0.614644	0.600311	0.625344	0.632883	0.431435	0.456160	0.636364	0.635983	0.632411	0.174968	0.582078	0.611765	0.594512	0.372665	0.476364	0.586466	0.631868	0.625538	0.470101	0.614085	0.650954	0.451470	0.544554	0.615000	0.622490	0.548282	0.495541	0.326579	0.634146	0.564935	0.484029	0.286611	0.633938	0.284528	0.654843	0.635535	0.343502	0.645489	0.588598	0.618076	0.599415	0.576433	0.614925	0.641089	0.345233	0.562914	0.621622	0.573693	0.591837	0.442849	0.590267	0.649165	0.595420	0.603088	0.642298	0.659574	0.368775	0.636462	0.653846	0.023572	0.590504	0.572363	0.366473	0.626582	0.609329	0.638509	0.566038	0.529412	0.636111	0.547247	0.645399	0.629442	0.362550	0.557954	0.115385	0.630682	0.618474	0.595944	0.579439	0.630502	0.169136	0.593651	0.618497	0.650000	0.619277	0.596825	0.654846	0.057928	0.601411	0.342742	0.601145	0.132709	0.418776	0.631714	0.461825	0.632258	0.530120	0.554257	0.624473	0.568075	0.127186	0.638246	0.471653	0.470024	0.294518	0.410849	0.356000	0.610507	0.055812	0.347752	0.654592	0.576828	0.642317	0.577223	0.345233	0.484480	0.568144	0.645783	0.605096	0.634082	0.233523	0.630262	0.517483	0.585492	0.600541	0.639821	0.648961	0.638767	0.625126	0.550314	0.602643	0.610628	0.319018	0.639687	0.622532	0.435160	0.633714	0.556291	0.463980	0.275746	0.618096	0.563333	0.581498	0.647696	0.279307	0.526093	0.352705	0.510204	0.532486	0.619898	0.632624	0.555725	0.637838	0.612429	0.510777	0.549049	0.643881	0.600739	0.485549	0.246995	0.594030	0.625144	0.634259	0.517166	0.493984	0.570275	0.267230	0.611556	0.454493	0.629237	0.632147	0.605487	0.631799	0.586420	0.553480	0.224529	0.572119	0.646081	0.542647	0.632537	0.601295	0.563286	0.641129	0.637022	0.405754	0.623169	0.625755	0.646541	0.658945	0.316641	0.609610	0.653580	0.648101	0.397087	0.614525	0.608169	0.588134	0.378698	0.620290	0.520776	0.650575	0.174745	0.533981	0.635762	0.437736	0.514085	0.607190	0.334963	0.610408	0.549571	0.461449	0.624852	0.583045	0.636126	0.416185	0.629630	0.325866	0.642298	0.612245	0.234121	0.651007	0.606796	0.653302	0.519861	0.600000	0.581281	0.562893	0.543372	0.507993	0.633094	0.610272	0.623188	0.183196	0.652074	0.644796	0.623188	0.639594	0.522034	0.117866	0.600610	0.516696	0.587891	0.315547	0.560129	0.639474	0.636170	0.618847	0.614706	0.614221	0.589971	0.645161	0.631043	0.438787	0.037281	0.337577	0.629482	0.625731	0.577889	0.641686	0.599469	0.385069	0.643554	0.602484	0.532947	0.496749	0.629526	0.652015	0.634211	0.625641	0.301653	0.650000	0.308906	0.543511	0.634085	0.619883	0.510494	0.378698	0.572816	0.338411	0.481884	0.604317	0.598901	0.623323	0.602446	0.630372	0.611594	0.597843	0.476846	0.638509	0.567164	0.599379	0.652701	0.145667	0.614706	0.206429	0.195948	0.573290	0.633735	0.633745	0.653514	0.523560	0.638298	0.608607	0.635641	0.630648	0.602637	0.622669	0.577352	0.508632	0.605784	0.606955	0.637681	0.642105	0.544218	0.631861	0.144897	0.615588	0.577082	0.601463	0.658740	0.641758	0.604444	0.352705	0.495544	0.571655	0.625144	0.322100	0.632653	0.556338	0.515698	0.649457	0.639381	0.623616	0.616046	0.618956	0.647713	0.368610	0.499109	0.591382	0.441948	0.612753	0.316154	0.630065	0.608567	0.620118	0.650999	0.526904	0.624084	0.443175	0.602765	0.643599	0.400000	0.550973	0.639572	0.639715	0.640279	0.594096	0.502319	0.513089	0.261035	0.608939	0.595041	0.635007	0.620332	0.264564	0.644068	0.561905	0.240281	0.638522	0.603951	0.570962	0.625616	0.350234	0.155800	0.109454	0.375857	0.639040	0.555008	0.640407	0.618182	0.602366	0.494624	0.397661	0.640000	0.621777	0.622024	0.625000	0.644719	0.519064	0.613293	0.641604	0.243590	0.638701	0.157925	1.000000	0.587859	0.647059	0.598155	0.612207	0.599653	0.459336	0.578778	0.593750	0.522867	0.581876	0.565921	0.587156	0.567657	0.622517	0.579119	0.626482	0.131879	0.602985	0.597246	0.639738	0.220849	0.402565	0.629299	0.073702	0.624535	0.510638	0.567657	0.643101	0.374258	0.616246	0.438445	0.631001	0.025701	0.647196	0.623596	0.546645	0.596067	0.647413	0.600289	0.566314	0.414597	0.545455	0.543745	0.651163	0.592070	0.560000	0.649758	0.335647	0.581439	0.327751	0.537134	0.634349	0.586371	0.647783	0.491921	0.633053	0.619186	0.635379	0.634744	0.553191	0.511502	0.580952	0.448980	0.556827	0.581876	0.623719	0.445693	0.174337	0.544901	0.485507	0.604511	0.584127	0.602431	0.628099	0.523509	0.366473	0.628169	0.544839	0.603604	0.239510	0.517361	0.494624	0.546689	0.636591	0.566978	0.639066	0.638950	0.550570	0.619608	0.632312	0.585859	0.623815	0.638243	0.626062	0.635838	0.513907	0.298137	0.506151	0.621277	0.648101	0.640674	
0.596958	0.544681	0.440223	0.573718	0.630072	0.466591	0.395564	0.023917	0.563584	0.604895	0.625926	0.372617	0.613971	0.604167	0.556886	0.601093	0.486936	0.630872	0.618868	0.537572	0.252941	0.277598	0.546784	0.610365	0.586146	0.095513	0.403756	0.615702	0.621739	0.215108	0.581921	0.631130	0.635338	0.626747	0.288011	0.610895	0.558273	0.267579	0.619512	0.559603	0.502500	0.407407	0.312955	0.185265	0.612546	0.614286	0.300279	0.160928	0.531714	0.159673	0.629423	0.557185	0.195721	0.582064	0.644592	0.482593	0.614754	0.638889	0.616034	0.588235	0.196796	0.651961	0.488095	0.652874	0.432653	0.266254	0.630385	0.563863	0.636166	0.461878	0.610526	0.586331	0.211510	0.541724	0.589041	0.012401	0.627615	0.410906	0.210064	0.529255	0.648980	0.594417	0.631818	0.369416	0.625954	0.401567	0.571890	0.604730	0.535948	0.400000	0.062067	0.641732	0.500000	0.633708	0.432212	0.519846	0.092196	0.645161	0.484561	0.588652	0.577287	0.649770	0.569231	0.030727	0.445629	0.520000	0.481221	0.071691	0.252941	0.587031	0.592375	0.536785	0.644156	0.665012	0.526596	0.391867	0.068613	0.592000	0.294118	0.292120	0.165703	0.239554	0.526316	0.458150	0.029590	0.198890	0.599653	0.419197	0.588629	0.602247	0.196796	0.297167	0.629540	0.574132	0.517426	0.609626	0.129362	0.553441	0.617021	0.444906	0.451260	0.547278	0.546269	0.542135	0.495620	0.395911	0.451544	0.481526	0.491468	0.600000	0.541353	0.261081	0.586847	0.647059	0.298197	0.154399	0.561832	0.638614	0.445154	0.597786	0.156534	0.350245	0.521452	0.337520	0.352459	0.588435	0.632613	0.384201	0.534979	0.545718	0.322097	0.384272	0.556962	0.471783	0.315944	0.137292	0.628692	0.557377	0.559880	0.363171	0.310918	0.406910	0.149306	0.449946	0.281230	0.529412	0.536252	0.476190	0.515789	0.489691	0.615776	0.124098	0.405742	0.569659	0.369416	0.556369	0.463277	0.427282	0.500000	0.508431	0.236264	0.590991	0.501253	0.590985	0.592083	0.179167	0.642553	0.558209	0.589226	0.230687	0.623077	0.619355	0.438469	0.533762	0.635628	0.344551	0.551929	0.095386	0.345104	0.622540	0.580838	0.623656	0.576577	0.190434	0.601942	0.394470	0.281230	0.567026	0.437500	0.623239	0.569659	0.556886	0.515254	0.596491	0.608534	0.129713	0.538682	0.573248	0.570552	0.347054	0.621622	0.418787	0.395911	0.616867	0.572207	0.509653	0.622318	0.516883	0.100210	0.562500	0.561047	0.639676	0.591216	0.336200	0.063441	0.634783	0.595174	0.478261	0.178497	0.406520	0.617021	0.529570	0.625243	0.623967	0.632258	0.605809	0.597582	0.583051	0.260606	0.019677	0.192050	0.592460	0.631148	0.420842	0.565350	0.444920	0.549521	0.541953	0.647321	0.362869	0.320417	0.620690	0.584270	0.585106	0.575342	0.493056	0.579470	0.174442	0.382406	0.601329	0.631148	0.335675	0.553055	0.630332	0.192566	0.589888	0.509653	0.590226	0.507115	0.663755	0.488837	0.619433	0.626932	0.306705	0.594417	0.638821	0.647321	0.548523	0.078943	0.623967	0.113576	0.107527	0.660287	0.564669	0.502577	0.578862	0.625995	0.586331	0.510256	0.551825	0.503650	0.478060	0.626747	0.635731	0.328244	0.629067	0.512616	0.550642	0.535809	0.637755	0.613430	0.078510	0.595365	0.416912	0.456570	0.586047	0.543417	0.449946	0.547855	0.619178	0.401125	0.554396	0.182513	0.548105	0.431915	0.330515	0.611111	0.553672	0.470721	0.605578	0.486874	0.564437	0.211406	0.602740	0.628931	0.597633	0.639821	0.178869	0.590510	0.619543	0.554700	0.558779	0.348178	0.524374	0.276527	0.465692	0.557377	0.564263	0.393021	0.533153	0.561240	0.570136	0.475225	0.327494	0.625995	0.145615	0.476082	0.470325	0.609982	0.505208	0.147716	0.551524	0.626728	0.133333	0.594306	0.472895	0.637890	0.584416	0.199907	0.084646	0.058791	0.215972	0.527046	0.653753	0.605753	0.519621	0.460687	0.629834	0.580442	0.511936	0.641434	0.642857	0.543860	0.611632	0.331024	0.622318	0.601329	0.419118	0.607735	0.085845	0.587859	1.000000	0.543605	0.593250	0.471807	0.440501	0.277419	0.661972	0.639640	0.338849	0.637413	0.390554	0.424726	0.604878	0.604651	0.417476	0.495098	0.071227	0.641350	0.443064	0.530556	0.121951	0.234844	0.560272	0.039244	0.566285	0.625000	0.614634	0.555066	0.215539	0.475429	0.259662	0.596623	0.013528	0.569697	0.612403	0.612048	0.636559	0.595276	0.603622	0.410455	0.241981	0.625917	0.362258	0.591696	0.443024	0.628713	0.575949	0.190857	0.472093	0.185986	0.376429	0.623574	0.657471	0.587662	0.609418	0.602317	0.646341	0.560630	0.535613	0.612048	0.335413	0.645161	0.594752	0.385650	0.632794	0.640657	0.609467	0.095154	0.381038	0.606742	0.626866	0.649770	0.443515	0.565284	0.348251	0.210064	0.603113	0.632911	0.629787	0.132880	0.647368	0.596685	0.656489	0.601329	0.391544	0.530831	0.518106	0.384272	0.490291	0.624521	0.429435	0.523240	0.595156	0.627451	0.559043	0.327245	0.480836	0.654155	0.636542	0.589226	0.520584	
0.589286	0.650052	0.589766	0.634921	0.511078	0.615250	0.580597	0.051873	0.623158	0.607229	0.606516	0.566572	0.598504	0.618705	0.611231	0.612144	0.627273	0.561702	0.601523	0.642105	0.464760	0.495849	0.630573	0.605905	0.616322	0.198739	0.597128	0.563342	0.565460	0.412051	0.434641	0.572215	0.612658	0.600791	0.508281	0.577720	0.637985	0.487936	0.505988	0.582367	0.637051	0.552960	0.526961	0.366809	0.605000	0.516224	0.513609	0.322184	0.636637	0.320569	0.608805	0.646809	0.385336	0.586572	0.565401	0.623281	0.554960	0.533333	0.560109	0.622989	0.385591	0.525526	0.642987	0.539683	0.610662	0.479445	0.546495	0.640000	0.563459	0.613929	0.608696	0.614251	0.409428	0.632963	0.615202	0.027080	0.567935	0.582101	0.408677	0.621782	0.577540	0.636678	0.544413	0.548523	0.613811	0.545739	0.631699	0.609412	0.322695	0.566641	0.131645	0.584856	0.629490	0.534851	0.606941	0.623677	0.192198	0.528902	0.623636	0.605839	0.596413	0.549133	0.625551	0.066377	0.605351	0.304659	0.601802	0.151215	0.453524	0.623223	0.410684	0.633065	0.494557	0.505295	0.617822	0.589552	0.144981	0.638732	0.508140	0.504046	0.331581	0.448125	0.316726	0.631218	0.063962	0.383471	0.625150	0.597342	0.623832	0.520626	0.387229	0.516129	0.527571	0.632287	0.583665	0.617827	0.264098	0.646121	0.482650	0.606557	0.623399	0.638075	0.650862	0.641237	0.622517	0.577211	0.608187	0.627165	0.283122	0.630435	0.589382	0.474541	0.615746	0.516517	0.508235	0.310877	0.619934	0.519637	0.609858	0.617500	0.314809	0.550000	0.313725	0.540470	0.564276	0.605201	0.597132	0.587464	0.642351	0.597677	0.529818	0.566449	0.629515	0.618881	0.523780	0.279056	0.571038	0.607104	0.645788	0.545073	0.524071	0.581538	0.301466	0.608256	0.479015	0.630219	0.630940	0.625559	0.632613	0.580271	0.509985	0.254096	0.606293	0.621681	0.562588	0.631243	0.622922	0.599203	0.629981	0.639456	0.443696	0.619926	0.632576	0.630105	0.631704	0.355907	0.571429	0.637931	0.619718	0.439208	0.601542	0.575380	0.613878	0.337434	0.579787	0.552457	0.648069	0.198489	0.561170	0.602203	0.398649	0.469841	0.610086	0.375994	0.584735	0.592703	0.495803	0.610805	0.592775	0.605327	0.364888	0.619870	0.289331	0.637681	0.594730	0.264764	0.646444	0.602709	0.641758	0.546426	0.555556	0.600000	0.589205	0.517088	0.448000	0.643478	0.569061	0.630350	0.207958	0.647312	0.640592	0.587766	0.618824	0.549122	0.134451	0.571031	0.472266	0.594843	0.354706	0.574942	0.625304	0.636727	0.608021	0.598383	0.575380	0.559459	0.616487	0.622642	0.476939	0.042784	0.378855	0.591411	0.584450	0.568471	0.628821	0.613579	0.343257	0.649746	0.549575	0.569647	0.531250	0.592308	0.631101	0.603406	0.603325	0.267399	0.635731	0.347411	0.580175	0.609302	0.597855	0.551007	0.337434	0.532353	0.379767	0.429967	0.628019	0.584810	0.626576	0.581006	0.631199	0.579787	0.576653	0.518072	0.622837	0.523308	0.563739	0.608875	0.165819	0.598383	0.233927	0.222222	0.532544	0.612108	0.618956	0.625430	0.478740	0.624079	0.608863	0.634146	0.622222	0.610320	0.592885	0.542816	0.540816	0.570236	0.601385	0.621481	0.638340	0.498462	0.605686	0.164952	0.603175	0.596078	0.626298	0.626800	0.637860	0.608256	0.313725	0.446228	0.588679	0.607104	0.361897	0.612288	0.557596	0.542656	0.611529	0.641822	0.612565	0.568421	0.611314	0.617681	0.405759	0.459069	0.587755	0.402685	0.558865	0.355372	0.631197	0.579161	0.613010	0.630887	0.557267	0.635202	0.473249	0.631212	0.635091	0.357019	0.571641	0.631896	0.631229	0.647123	0.635253	0.535964	0.466142	0.294612	0.630282	0.618593	0.610763	0.627680	0.298517	0.635692	0.526012	0.271605	0.612195	0.618667	0.536296	0.631579	0.391864	0.177220	0.124934	0.417074	0.635342	0.518629	0.628975	0.635908	0.609819	0.458065	0.351304	0.634387	0.586842	0.580381	0.619958	0.611884	0.547206	0.574586	0.637209	0.215094	0.611735	0.179609	0.647059	0.543605	1.000000	0.594397	0.615794	0.616776	0.493363	0.543860	0.555556	0.551408	0.535456	0.591611	0.610626	0.494012	0.611995	0.605590	0.629423	0.150278	0.587432	0.612745	0.635992	0.250000	0.447104	0.613932	0.084351	0.621404	0.460064	0.514970	0.621938	0.414558	0.619594	0.477534	0.604298	0.029521	0.627451	0.589147	0.505201	0.558783	0.629339	0.569536	0.585593	0.456020	0.503748	0.579931	0.619617	0.618212	0.513595	0.620225	0.376742	0.581395	0.368093	0.554839	0.607143	0.559885	0.624714	0.455574	0.585052	0.594667	0.636058	0.625000	0.520059	0.541558	0.566474	0.419301	0.581209	0.538350	0.579866	0.399329	0.198032	0.571221	0.439739	0.574966	0.537572	0.617792	0.618262	0.558171	0.407809	0.590674	0.502297	0.568681	0.270750	0.485893	0.451613	0.497696	0.644186	0.586924	0.629482	0.649590	0.585330	0.645102	0.602564	0.608000	0.648863	0.619617	0.593750	0.634304	0.553435	0.264220	0.469097	0.597132	0.629108	0.629080	
0.634294	0.599045	0.540856	0.612946	0.579710	0.578740	0.488889	0.038428	0.615758	0.624113	0.632987	0.508159	0.635155	0.640339	0.626717	0.589443	0.572308	0.617241	0.627451	0.620606	0.379705	0.411415	0.602203	0.617737	0.614943	0.150162	0.535893	0.651540	0.590219	0.326454	0.537988	0.584718	0.616541	0.567823	0.419434	0.673879	0.618357	0.398851	0.611418	0.664858	0.606645	0.553926	0.453882	0.283619	0.640000	0.593128	0.435783	0.248128	0.601831	0.246285	0.629851	0.606135	0.298712	0.635359	0.617747	0.569358	0.650564	0.608850	0.632619	0.633557	0.300259	0.550832	0.563207	0.588028	0.558850	0.393593	0.550523	0.624516	0.611486	0.560694	0.642959	0.595065	0.321330	0.604167	0.652720	0.019995	0.615385	0.556897	0.319266	0.601130	0.635634	0.601078	0.621291	0.511951	0.639269	0.540728	0.595745	0.651034	0.414579	0.543771	0.098570	0.620905	0.615220	0.602076	0.554758	0.590810	0.145091	0.603175	0.564103	0.614060	0.644068	0.599647	0.625798	0.049267	0.550887	0.392610	0.601015	0.113521	0.377523	0.656467	0.493671	0.611303	0.536680	0.597015	0.614689	0.521811	0.108750	0.643799	0.425078	0.431153	0.255132	0.360996	0.393593	0.549472	0.047460	0.303268	0.622535	0.532062	0.634747	0.626298	0.300259	0.432911	0.556777	0.607562	0.646189	0.616715	0.201331	0.602941	0.538310	0.547945	0.537285	0.613718	0.572852	0.586982	0.587983	0.539289	0.567164	0.551440	0.366197	0.566145	0.651629	0.391011	0.628099	0.580407	0.411429	0.238520	0.672589	0.566108	0.557836	0.622222	0.241667	0.491513	0.394495	0.476190	0.481892	0.651872	0.619938	0.500401	0.584687	0.639903	0.453678	0.517572	0.611374	0.575074	0.455154	0.213170	0.645799	0.651741	0.576779	0.499234	0.449868	0.527660	0.230999	0.534840	0.416366	0.578888	0.611111	0.539235	0.606943	0.613861	0.551331	0.193441	0.516129	0.662388	0.505783	0.598039	0.557957	0.550442	0.561895	0.606195	0.356375	0.627907	0.590763	0.603825	0.624650	0.274773	0.620232	0.592777	0.627235	0.348523	0.633997	0.602007	0.530909	0.418919	0.606061	0.492397	0.627014	0.149968	0.482959	0.621387	0.462527	0.534653	0.665698	0.291092	0.654321	0.509031	0.410349	0.616368	0.514181	0.636234	0.447368	0.656679	0.369159	0.605974	0.642857	0.201856	0.611312	0.685940	0.611465	0.476676	0.599653	0.524675	0.516129	0.598540	0.532000	0.589011	0.587646	0.582503	0.157324	0.593789	0.616322	0.606061	0.634483	0.464589	0.100709	0.630691	0.525692	0.607700	0.273800	0.542517	0.625538	0.624857	0.614198	0.576985	0.612040	0.637398	0.651685	0.608575	0.390353	0.031657	0.293423	0.657971	0.615137	0.553492	0.624526	0.556180	0.430493	0.611628	0.571429	0.485584	0.463729	0.613740	0.608466	0.645624	0.666667	0.346793	0.583446	0.267898	0.503609	0.631293	0.611916	0.478076	0.418919	0.569369	0.294167	0.531697	0.613187	0.652632	0.611479	0.609137	0.589431	0.625199	0.593857	0.435179	0.611860	0.570370	0.592083	0.616114	0.124731	0.576985	0.177596	0.168441	0.588022	0.641460	0.589659	0.585561	0.517647	0.595065	0.604600	0.635697	0.571728	0.594595	0.608833	0.570922	0.464310	0.602694	0.650113	0.623501	0.608794	0.552381	0.660819	0.124064	0.648415	0.532174	0.552861	0.606684	0.602125	0.549906	0.403670	0.546185	0.508333	0.619403	0.279630	0.627595	0.575955	0.474198	0.615156	0.611177	0.570029	0.633071	0.593203	0.600536	0.321181	0.506024	0.603279	0.479830	0.575862	0.274340	0.598291	0.628664	0.616368	0.604061	0.472222	0.587444	0.405213	0.559687	0.616915	0.451327	0.525368	0.619266	0.604113	0.608040	0.554358	0.473029	0.556863	0.225535	0.575668	0.576998	0.643917	0.572697	0.228647	0.635036	0.627866	0.207266	0.627338	0.590000	0.556364	0.603471	0.304729	0.133512	0.093460	0.327684	0.578454	0.597070	0.616022	0.584862	0.561776	0.521212	0.440000	0.590755	0.614173	0.607553	0.648715	0.627628	0.469274	0.624374	0.590476	0.281481	0.576923	0.135356	0.598155	0.593250	0.594397	1.000000	0.556886	0.529789	0.409982	0.604651	0.603120	0.462197	0.575972	0.517018	0.542254	0.581952	0.641618	0.543422	0.575342	0.112804	0.619440	0.551410	0.574443	0.190216	0.354379	0.623269	0.062759	0.647849	0.558882	0.556169	0.621622	0.327068	0.575397	0.389044	0.585586	0.021805	0.597730	0.607088	0.598540	0.615385	0.598958	0.600000	0.542024	0.364398	0.586716	0.500000	0.613221	0.542910	0.562384	0.609150	0.291702	0.596173	0.284663	0.516535	0.619120	0.588028	0.611482	0.497976	0.645161	0.592000	0.622396	0.615569	0.602190	0.465018	0.592593	0.495798	0.498397	0.572438	0.609677	0.488323	0.149613	0.508393	0.507157	0.614618	0.603175	0.552801	0.642857	0.480176	0.319266	0.636785	0.587121	0.613599	0.206589	0.549708	0.492929	0.570342	0.609524	0.520885	0.596132	0.582844	0.506390	0.562173	0.601527	0.549333	0.577878	0.641350	0.612753	0.588529	0.456116	0.342857	0.513834	0.607477	0.585970	0.593679	
0.522280	0.631119	0.620690	0.611477	0.447552	0.639939	0.612755	0.071017	0.627763	0.591494	0.576098	0.630257	0.559512	0.585222	0.616079	0.587045	0.635441	0.494357	0.553148	0.611848	0.534829	0.554326	0.612645	0.581250	0.590818	0.264724	0.639628	0.511376	0.507230	0.501231	0.350567	0.495595	0.556128	0.548936	0.578675	0.533054	0.641975	0.565982	0.442874	0.558006	0.640839	0.611604	0.605626	0.458696	0.548420	0.456345	0.592197	0.401800	0.644068	0.413155	0.565574	0.638715	0.478756	0.586408	0.493274	0.628931	0.511327	0.463835	0.508215	0.601332	0.466463	0.441558	0.655199	0.482838	0.645525	0.567673	0.488636	0.597595	0.494432	0.626488	0.592666	0.586935	0.500809	0.664957	0.592375	0.037249	0.534351	0.623465	0.494771	0.626364	0.523143	0.601145	0.470990	0.612601	0.558671	0.620548	0.620038	0.595538	0.244295	0.621151	0.177549	0.536431	0.635997	0.484163	0.628169	0.650820	0.256320	0.476518	0.641686	0.578265	0.611370	0.481100	0.618916	0.090626	0.649237	0.230041	0.625871	0.203200	0.534829	0.587317	0.323077	0.632566	0.412621	0.432304	0.616289	0.618014	0.195049	0.601504	0.580747	0.554683	0.427818	0.541629	0.239569	0.648849	0.087369	0.464437	0.594488	0.647945	0.599807	0.479638	0.483232	0.595970	0.457746	0.602050	0.616034	0.596000	0.347595	0.620321	0.392638	0.635261	0.655325	0.629727	0.651037	0.632493	0.641357	0.607261	0.641509	0.629108	0.213115	0.598612	0.597826	0.553212	0.571705	0.443920	0.582669	0.404467	0.606947	0.436536	0.624093	0.579001	0.410546	0.622517	0.237197	0.602452	0.628089	0.599805	0.542194	0.634900	0.635274	0.625887	0.622322	0.621309	0.633043	0.641509	0.584444	0.366284	0.519168	0.612613	0.621500	0.598015	0.605928	0.634706	0.391684	0.654971	0.555894	0.633530	0.642735	0.650769	0.627189	0.613992	0.420673	0.335041	0.633423	0.602765	0.628821	0.638146	0.648036	0.630919	0.634818	0.639669	0.528552	0.571429	0.649960	0.610790	0.596078	0.453681	0.517052	0.627592	0.592449	0.524533	0.548488	0.513274	0.652916	0.256000	0.535906	0.618850	0.618149	0.264403	0.612463	0.575150	0.307891	0.384710	0.561368	0.470894	0.547170	0.648294	0.578252	0.608456	0.647605	0.579940	0.283465	0.614273	0.217984	0.586720	0.552147	0.348428	0.627968	0.581068	0.639780	0.620977	0.486976	0.624230	0.642904	0.444965	0.377171	0.634868	0.517127	0.646816	0.276533	0.626463	0.605146	0.542337	0.591659	0.621653	0.181239	0.491657	0.386700	0.607735	0.446629	0.620783	0.600199	0.632291	0.549266	0.552546	0.508850	0.516830	0.573674	0.598639	0.555290	0.058676	0.472741	0.554217	0.519957	0.615170	0.603464	0.652111	0.260638	0.627787	0.502818	0.636700	0.586188	0.570239	0.612053	0.570289	0.576735	0.200825	0.617450	0.446970	0.636188	0.593660	0.535059	0.601163	0.256000	0.462253	0.467814	0.354717	0.625000	0.562307	0.638614	0.499443	0.635659	0.525188	0.504484	0.584465	0.604962	0.446809	0.493799	0.619130	0.222222	0.552546	0.309586	0.294727	0.457410	0.609506	0.643621	0.616698	0.394608	0.590955	0.626743	0.622776	0.658208	0.643678	0.538298	0.468966	0.603774	0.511111	0.617450	0.619298	0.633697	0.416366	0.569697	0.221095	0.552000	0.637363	0.647719	0.616236	0.633131	0.652047	0.237197	0.373134	0.646746	0.614414	0.457961	0.624000	0.594634	0.611494	0.569969	0.631212	0.645064	0.524973	0.645262	0.621673	0.493328	0.373134	0.539301	0.316602	0.483070	0.448118	0.597222	0.517391	0.630515	0.621572	0.630824	0.641068	0.531595	0.643072	0.625225	0.274406	0.630890	0.624788	0.634686	0.626134	0.631500	0.585616	0.392157	0.385613	0.646925	0.635135	0.567347	0.654515	0.390448	0.629433	0.471936	0.356987	0.561439	0.611026	0.457944	0.597156	0.491120	0.236999	0.168709	0.493827	0.625862	0.446009	0.596117	0.646859	0.643815	0.364544	0.269841	0.626991	0.544102	0.522404	0.593054	0.557613	0.615650	0.508287	0.601345	0.160338	0.588595	0.240088	0.612207	0.471807	0.615794	0.556886	1.000000	0.637079	0.570136	0.471676	0.480181	0.622951	0.461009	0.637662	0.650485	0.438163	0.579158	0.652144	0.611952	0.201977	0.516977	0.661922	0.643658	0.329887	0.533921	0.597276	0.114777	0.580952	0.376704	0.449941	0.621429	0.506984	0.628615	0.561337	0.578189	0.040588	0.616924	0.554974	0.447307	0.515487	0.631285	0.521368	0.614130	0.541516	0.445755	0.624846	0.597837	0.642961	0.436536	0.621849	0.475483	0.609700	0.462377	0.624365	0.547150	0.478261	0.600948	0.365000	0.547544	0.526316	0.607076	0.652060	0.454333	0.603138	0.478809	0.327366	0.631918	0.467890	0.516199	0.316602	0.263816	0.633269	0.354717	0.519824	0.474227	0.648029	0.594495	0.619904	0.499598	0.535152	0.419664	0.499450	0.355918	0.395604	0.367041	0.423077	0.603266	0.632613	0.626160	0.648228	0.613607	0.646081	0.568158	0.651293	0.642617	0.576205	0.535300	0.629964	0.613805	0.198347	0.386700	0.563291	0.611810	0.651007	
0.519924	0.621249	0.612790	0.597222	0.422386	0.635011	0.644720	0.080294	0.606557	0.552727	0.541199	0.630202	0.542910	0.556159	0.590301	0.544104	0.642336	0.459487	0.525520	0.613115	0.575404	0.602792	0.622112	0.533842	0.553621	0.295427	0.645323	0.492095	0.473684	0.523941	0.315193	0.485456	0.532075	0.522838	0.609599	0.512476	0.601799	0.589227	0.413646	0.537102	0.631024	0.599743	0.613039	0.487890	0.547664	0.419831	0.603061	0.436875	0.620961	0.450171	0.533333	0.609917	0.497615	0.548704	0.470948	0.621602	0.498031	0.435417	0.485030	0.577193	0.493918	0.405983	0.638889	0.442368	0.636605	0.587961	0.460268	0.593162	0.466059	0.650384	0.561020	0.559041	0.532604	0.625894	0.559353	0.042211	0.487078	0.619936	0.531262	0.629687	0.491159	0.580475	0.450413	0.605201	0.522814	0.588767	0.589364	0.567857	0.218225	0.622868	0.199303	0.511583	0.628012	0.452210	0.638834	0.632544	0.286210	0.442827	0.648175	0.542125	0.569707	0.440748	0.601019	0.102328	0.642565	0.205314	0.624638	0.227705	0.567325	0.558348	0.289988	0.613312	0.372399	0.401719	0.609375	0.639752	0.218690	0.598439	0.604020	0.593000	0.462376	0.556177	0.213942	0.644847	0.098672	0.498885	0.564706	0.637831	0.568384	0.446043	0.512348	0.612658	0.416578	0.592083	0.577708	0.558310	0.385254	0.606111	0.356195	0.644295	0.641221	0.601958	0.607679	0.619355	0.623964	0.625935	0.636673	0.648135	0.190012	0.561020	0.569992	0.566437	0.551293	0.408120	0.589848	0.441292	0.581572	0.401288	0.633947	0.532710	0.447023	0.624000	0.211793	0.611543	0.635011	0.553763	0.524590	0.650426	0.626889	0.585045	0.616210	0.627808	0.615012	0.640736	0.597141	0.402732	0.477046	0.587156	0.607023	0.598471	0.612245	0.634395	0.424883	0.643789	0.556150	0.630094	0.608419	0.652268	0.630435	0.588957	0.386536	0.372151	0.643357	0.591141	0.625296	0.601156	0.645435	0.633443	0.637462	0.634334	0.557070	0.552170	0.627451	0.574978	0.562669	0.484290	0.482966	0.617696	0.565062	0.551839	0.532443	0.479355	0.640803	0.228844	0.499022	0.625000	0.607321	0.295075	0.638106	0.555658	0.276102	0.348889	0.535549	0.499641	0.521572	0.633602	0.590180	0.581138	0.635753	0.560219	0.253819	0.585284	0.194411	0.566485	0.530459	0.386677	0.615008	0.562284	0.598305	0.616865	0.454733	0.638710	0.637157	0.415695	0.339665	0.637548	0.478873	0.624037	0.308363	0.616667	0.620066	0.506849	0.573214	0.631987	0.203394	0.475709	0.350721	0.615044	0.482125	0.622533	0.560440	0.624214	0.529243	0.498024	0.477341	0.485149	0.563686	0.568873	0.571166	0.066396	0.501626	0.541935	0.498031	0.612058	0.596965	0.645249	0.233056	0.613546	0.463115	0.626970	0.611765	0.531429	0.585578	0.543956	0.552158	0.178922	0.574205	0.483127	0.629720	0.561062	0.501969	0.609176	0.228844	0.431579	0.497646	0.319005	0.611494	0.532075	0.617986	0.468560	0.643945	0.508806	0.472987	0.602073	0.583993	0.408556	0.459016	0.587571	0.248703	0.498024	0.343996	0.328253	0.424947	0.576592	0.613497	0.584427	0.358011	0.551661	0.611621	0.605111	0.641481	0.629842	0.511176	0.440042	0.615887	0.475228	0.597970	0.593979	0.633385	0.382609	0.546803	0.247460	0.532599	0.642071	0.642356	0.601876	0.621578	0.638298	0.211793	0.335946	0.640752	0.600500	0.490291	0.598023	0.602180	0.622198	0.541199	0.626214	0.641243	0.497087	0.625183	0.581946	0.523810	0.335946	0.493532	0.284065	0.461538	0.486357	0.567001	0.493558	0.577740	0.610313	0.630743	0.623155	0.554969	0.653493	0.607173	0.245573	0.614719	0.628256	0.606991	0.617968	0.651130	0.610538	0.358011	0.424016	0.650071	0.630542	0.536950	0.640432	0.425124	0.609696	0.438669	0.395417	0.559633	0.632258	0.423280	0.585664	0.518104	0.264979	0.189492	0.533545	0.616493	0.408077	0.573727	0.618785	0.641509	0.330337	0.241420	0.631825	0.514563	0.492032	0.592409	0.537229	0.631637	0.476861	0.591150	0.142500	0.556489	0.268376	0.599653	0.440501	0.616776	0.529789	0.637079	1.000000	0.593840	0.429769	0.454733	0.635504	0.439126	0.653161	0.645330	0.402985	0.539098	0.637997	0.632440	0.226352	0.483034	0.646586	0.618590	0.366552	0.562103	0.580125	0.129386	0.567164	0.341518	0.411514	0.610422	0.535870	0.648610	0.578755	0.539114	0.045985	0.614478	0.519157	0.409332	0.473313	0.593293	0.501463	0.618834	0.571800	0.401281	0.643732	0.564195	0.640763	0.401288	0.591379	0.504135	0.595101	0.498592	0.618619	0.535104	0.444444	0.587413	0.328459	0.506692	0.511765	0.586414	0.603252	0.419936	0.615470	0.444906	0.293915	0.639075	0.441207	0.512315	0.284065	0.294432	0.625759	0.319005	0.483450	0.444906	0.648248	0.586938	0.622652	0.531262	0.520154	0.385699	0.478958	0.392667	0.363436	0.330337	0.386536	0.587611	0.633663	0.623234	0.622793	0.633880	0.643491	0.535238	0.648684	0.633880	0.573237	0.514451	0.603175	0.627579	0.176687	0.348502	0.530376	0.575758	0.635441	
0.377886	0.498630	0.569727	0.455275	0.265107	0.559161	0.601272	0.139798	0.493377	0.417258	0.391566	0.617414	0.394231	0.416274	0.479866	0.399041	0.570846	0.296107	0.381818	0.486755	0.631915	0.642188	0.484479	0.371725	0.408794	0.448595	0.604119	0.335411	0.310127	0.621994	0.188602	0.319698	0.383777	0.352869	0.638347	0.364749	0.498072	0.640997	0.254902	0.437355	0.539583	0.586207	0.636728	0.600988	0.391095	0.266234	0.641066	0.563819	0.513702	0.578547	0.387447	0.486127	0.610190	0.431327	0.302606	0.544803	0.339552	0.279639	0.324969	0.450346	0.585779	0.252618	0.557143	0.282958	0.585714	0.646435	0.289558	0.466515	0.309056	0.572840	0.414201	0.405728	0.629876	0.513236	0.428404	0.074589	0.329161	0.597112	0.618251	0.526709	0.341615	0.444187	0.288462	0.602452	0.374696	0.591312	0.454284	0.429907	0.127630	0.597701	0.331759	0.359951	0.543750	0.293930	0.589243	0.542872	0.447095	0.281853	0.559633	0.410926	0.460661	0.281853	0.473446	0.176657	0.581147	0.119718	0.550710	0.373139	0.632624	0.426729	0.172485	0.509169	0.225914	0.246881	0.520299	0.606721	0.361446	0.457307	0.622773	0.635031	0.597039	0.637393	0.125000	0.570020	0.170585	0.613041	0.420742	0.606259	0.437718	0.293930	0.623903	0.649007	0.258317	0.459521	0.521972	0.409280	0.545005	0.490294	0.215241	0.597502	0.578455	0.496150	0.482682	0.508734	0.546118	0.595628	0.575036	0.558448	0.110403	0.415385	0.481793	0.638959	0.431991	0.252618	0.639344	0.580794	0.473239	0.248031	0.576008	0.393502	0.589087	0.631085	0.123682	0.624896	0.632479	0.428571	0.360958	0.619517	0.518118	0.486457	0.641141	0.611880	0.510104	0.573280	0.638452	0.547037	0.324969	0.476829	0.484340	0.607065	0.640831	0.593895	0.555000	0.591508	0.618347	0.531049	0.506753	0.569409	0.522340	0.525316	0.235294	0.535224	0.612471	0.465459	0.612084	0.485857	0.569576	0.590458	0.537578	0.528821	0.621769	0.402388	0.541189	0.439791	0.427984	0.602273	0.320755	0.484916	0.430572	0.635389	0.371951	0.315457	0.597988	0.134172	0.345725	0.635135	0.482720	0.455224	0.629755	0.405003	0.163686	0.210456	0.400000	0.611604	0.366972	0.620408	0.636467	0.472583	0.585577	0.414692	0.149688	0.472036	0.113074	0.411834	0.388186	0.551071	0.491749	0.455378	0.474041	0.626537	0.292839	0.609711	0.612022	0.260586	0.204438	0.530311	0.316520	0.534392	0.464979	0.483259	0.495575	0.345725	0.432243	0.643602	0.338060	0.310127	0.211654	0.545175	0.601303	0.596394	0.412114	0.520386	0.365749	0.335411	0.315457	0.333333	0.420247	0.435088	0.638989	0.116223	0.619827	0.404293	0.339552	0.569405	0.478065	0.589781	0.136776	0.516513	0.297194	0.634273	0.636881	0.373934	0.454389	0.408551	0.423709	0.103693	0.443155	0.608089	0.623098	0.440186	0.339552	0.623907	0.134172	0.268482	0.602446	0.191057	0.526094	0.380145	0.528262	0.307985	0.559107	0.345725	0.302606	0.628866	0.441874	0.251473	0.297194	0.506827	0.400792	0.335411	0.503465	0.492674	0.263979	0.454960	0.539030	0.449568	0.216433	0.403341	0.528421	0.488643	0.550978	0.568983	0.352869	0.278530	0.636214	0.311195	0.514682	0.497529	0.520811	0.234127	0.396170	0.404123	0.408090	0.599906	0.568880	0.464589	0.507088	0.581747	0.123682	0.202020	0.616369	0.483529	0.614499	0.488372	0.563107	0.643536	0.391566	0.502188	0.579681	0.353884	0.556691	0.450087	0.613824	0.202020	0.328115	0.168724	0.296107	0.603859	0.410894	0.332292	0.471453	0.474366	0.639490	0.520490	0.613084	0.574415	0.481295	0.144545	0.615663	0.509952	0.469122	0.481211	0.574701	0.616523	0.216433	0.574515	0.569570	0.580229	0.388922	0.525424	0.566113	0.491985	0.281853	0.556962	0.405470	0.558631	0.262850	0.445853	0.632223	0.425484	0.316576	0.625522	0.508419	0.258317	0.428989	0.522862	0.572417	0.198381	0.141962	0.521878	0.353884	0.327068	0.484479	0.384755	0.631666	0.316520	0.439024	0.081897	0.394468	0.427802	0.459336	0.277419	0.493363	0.409982	0.570136	0.593840	1.000000	0.272962	0.292839	0.643784	0.280747	0.620441	0.596326	0.254902	0.407385	0.605581	0.547521	0.372502	0.324969	0.595398	0.510870	0.523031	0.640461	0.431831	0.221081	0.442519	0.205645	0.254902	0.489728	0.624077	0.569424	0.644813	0.383545	0.081138	0.474157	0.367971	0.260586	0.315457	0.460399	0.348794	0.594519	0.637901	0.253761	0.625921	0.419317	0.589607	0.248031	0.458904	0.627335	0.551515	0.618881	0.606114	0.376671	0.282958	0.445853	0.197164	0.368742	0.343672	0.461538	0.501647	0.260586	0.634471	0.281853	0.174983	0.613870	0.280747	0.338519	0.168724	0.458592	0.600536	0.191057	0.319698	0.281853	0.588632	0.465274	0.625798	0.633407	0.364749	0.237624	0.320755	0.543159	0.220000	0.198381	0.235294	0.437863	0.614130	0.517685	0.504897	0.612774	0.553498	0.373934	0.601326	0.524293	0.419317	0.361963	0.485187	0.641742	0.102345	0.211654	0.360958	0.431739	0.527496	
0.597701	0.556348	0.435466	0.567742	0.621687	0.461889	0.387755	0.023477	0.549419	0.612676	0.608209	0.366957	0.611111	0.597902	0.554217	0.609174	0.484487	0.650113	0.627376	0.540698	0.248821	0.273139	0.526471	0.615087	0.604651	0.093819	0.395853	0.612500	0.627193	0.211529	0.605714	0.645161	0.602273	0.639839	0.283412	0.611765	0.555716	0.263256	0.630542	0.560000	0.497487	0.399217	0.308029	0.182132	0.594796	0.615385	0.295518	0.158171	0.529172	0.156936	0.630394	0.551622	0.192430	0.596252	0.650334	0.482509	0.623967	0.654206	0.604255	0.582237	0.193489	0.613861	0.485646	0.640371	0.430328	0.261949	0.617849	0.573668	0.650549	0.455050	0.593640	0.615942	0.207984	0.580468	0.603448	0.012171	0.628692	0.412512	0.206559	0.518717	0.633745	0.568595	0.642202	0.363793	0.626923	0.401180	0.572358	0.581633	0.543046	0.397716	0.060947	0.619048	0.505025	0.630385	0.423746	0.514801	0.090558	0.641860	0.472554	0.596429	0.565079	0.665116	0.563467	0.030164	0.438972	0.500000	0.471698	0.070404	0.248821	0.597938	0.623145	0.528767	0.619423	0.626566	0.513369	0.387755	0.067380	0.579710	0.289438	0.287466	0.162871	0.235623	0.540000	0.449115	0.029047	0.195551	0.600349	0.411013	0.606061	0.594104	0.193489	0.292446	0.635697	0.568254	0.514825	0.606822	0.127108	0.547865	0.650538	0.432150	0.453245	0.550432	0.552553	0.536723	0.495597	0.389925	0.444920	0.474251	0.512111	0.583039	0.535552	0.256847	0.587436	0.613861	0.293463	0.151744	0.565284	0.635000	0.442781	0.620818	0.153846	0.346470	0.535117	0.332283	0.347039	0.582192	0.629703	0.380180	0.526897	0.528467	0.317055	0.378475	0.534653	0.460317	0.310980	0.134910	0.608511	0.548726	0.536145	0.359281	0.306019	0.404624	0.146732	0.443243	0.276721	0.513441	0.541953	0.471412	0.526455	0.500000	0.642674	0.121930	0.405379	0.573209	0.363793	0.533137	0.463110	0.416918	0.492424	0.521512	0.232379	0.595281	0.508816	0.591597	0.599653	0.176127	0.656652	0.534535	0.596610	0.226882	0.612403	0.650759	0.427830	0.547231	0.628571	0.339228	0.564179	0.093694	0.339775	0.616216	0.606061	0.641304	0.580762	0.187223	0.587084	0.388529	0.276721	0.558140	0.424686	0.609929	0.583072	0.551205	0.515464	0.600707	0.613084	0.127454	0.547550	0.564103	0.564815	0.341700	0.604545	0.408644	0.393657	0.608273	0.600551	0.509702	0.636364	0.501305	0.098437	0.544910	0.555556	0.640816	0.581633	0.330980	0.062297	0.631579	0.650407	0.470874	0.175468	0.400385	0.625000	0.527027	0.614481	0.637500	0.642082	0.623431	0.594783	0.597270	0.256379	0.019314	0.188814	0.596745	0.623967	0.420523	0.568807	0.440387	0.543689	0.536653	0.617117	0.357324	0.315396	0.625483	0.568659	0.592857	0.582759	0.492958	0.580000	0.171475	0.380180	0.585284	0.871901	0.330462	0.579805	0.636364	0.189323	0.607955	0.499353	0.609848	0.504551	0.625551	0.474616	0.632653	0.641425	0.301860	0.588430	0.645161	0.630631	0.545969	0.077531	0.637500	0.111581	0.105632	0.628019	0.580952	0.494819	0.576105	0.632708	0.597826	0.500000	0.566814	0.491443	0.468677	0.619718	0.637002	0.323124	0.638950	0.510013	0.550933	0.522667	0.644330	0.610603	0.077106	0.585278	0.412636	0.449664	0.567863	0.543662	0.445405	0.528428	0.603878	0.396990	0.551724	0.179422	0.551320	0.420940	0.325366	0.623134	0.548295	0.461538	0.618474	0.486811	0.581281	0.207882	0.614958	0.625793	0.598802	0.627540	0.175833	0.591150	0.628931	0.551938	0.552995	0.342811	0.516556	0.272083	0.454237	0.542729	0.577778	0.388940	0.519728	0.558502	0.552352	0.459276	0.322383	0.627346	0.143099	0.471396	0.465692	0.599628	0.510471	0.145167	0.560584	0.627907	0.131015	0.616487	0.465817	0.648910	0.571895	0.196553	0.083136	0.057729	0.212380	0.529986	0.660147	0.575809	0.511565	0.460512	0.614525	0.568690	0.512000	0.654618	0.639831	0.544118	0.608696	0.325869	0.653680	0.588629	0.417910	0.601113	0.084316	0.578778	0.661972	0.543860	0.604651	0.471676	0.429769	0.272962	1.000000	0.645455	0.333597	0.634033	0.384686	0.420420	0.625616	0.590991	0.409357	0.492611	0.069949	0.634043	0.434511	0.539106	0.119818	0.230980	0.557265	0.038528	0.589786	0.626374	0.640394	0.555391	0.211954	0.470723	0.255448	0.616257	0.013278	0.560976	0.621094	0.598540	0.629067	0.583201	0.600406	0.406220	0.238015	0.632099	0.356720	0.595819	0.438503	0.640000	0.579618	0.187639	0.462617	0.182842	0.372462	0.624521	0.635731	0.578431	0.621849	0.607004	0.631148	0.564184	0.544413	0.622871	0.330203	0.627907	0.589971	0.378038	0.620047	0.654244	0.574850	0.093466	0.378815	0.642045	0.623656	0.632558	0.436975	0.553323	0.344490	0.206559	0.592157	0.659847	0.639485	0.130569	0.638298	0.631285	0.647815	0.605351	0.389299	0.506739	0.532213	0.376682	0.485366	0.629344	0.427126	0.518024	0.592334	0.652174	0.553383	0.322137	0.487633	0.628726	0.629703	0.579661	0.531375	
0.611111	0.570236	0.455446	0.598746	0.623557	0.488294	0.408759	0.025454	0.569405	0.610922	0.624549	0.390411	0.623656	0.606780	0.565982	0.596803	0.500000	0.646421	0.613971	0.572238	0.267211	0.293026	0.558739	0.601869	0.620451	0.101417	0.422614	0.626506	0.632911	0.227521	0.581522	0.625259	0.622711	0.621359	0.303915	0.594697	0.569817	0.282542	0.632075	0.576052	0.525799	0.421154	0.329971	0.196146	0.611511	0.622120	0.316736	0.170514	0.548344	0.169191	0.613430	0.574713	0.207146	0.591736	0.642398	0.500590	0.605578	0.654709	0.614754	0.603834	0.208276	0.620853	0.501171	0.668151	0.448692	0.281154	0.597802	0.582317	0.630021	0.476605	0.609589	0.607018	0.223742	0.563758	0.625418	0.013203	0.601626	0.430355	0.222222	0.543081	0.623016	0.577849	0.629956	0.388795	0.628253	0.421256	0.578199	0.600660	0.512500	0.426567	0.065975	0.624521	0.518428	0.649237	0.452261	0.520755	0.097905	0.651786	0.488318	0.598616	0.570988	0.629464	0.593373	0.032696	0.462185	0.484076	0.501155	0.076181	0.267211	0.610000	0.529577	0.542781	0.611529	0.613909	0.535248	0.410584	0.072918	0.604069	0.310298	0.308210	0.175546	0.253179	0.522013	0.477223	0.031486	0.210478	0.602369	0.434783	0.607843	0.596950	0.208276	0.313484	0.627635	0.577160	0.526316	0.608696	0.137208	0.559541	0.641026	0.454918	0.466019	0.550562	0.564327	0.537190	0.526445	0.418349	0.467996	0.501758	0.482085	0.578767	0.550810	0.275738	0.596376	0.625592	0.314560	0.163630	0.576981	0.631579	0.463799	0.625899	0.165882	0.370550	0.517350	0.355590	0.371151	0.591362	0.623327	0.402482	0.549125	0.557610	0.339511	0.400706	0.546207	0.491111	0.333091	0.145582	0.639344	0.557664	0.557185	0.379107	0.327845	0.429924	0.158258	0.460233	0.296824	0.511811	0.550336	0.484571	0.540052	0.496203	0.638821	0.131647	0.423041	0.587879	0.388795	0.559541	0.476085	0.437191	0.518519	0.527389	0.249727	0.590510	0.522167	0.603589	0.605042	0.189727	0.644628	0.564327	0.592105	0.243876	0.640449	0.634656	0.448522	0.504615	0.629921	0.362916	0.587209	0.101283	0.363492	0.607330	0.580460	0.590674	0.608084	0.201585	0.593573	0.407643	0.296824	0.561086	0.445585	0.604811	0.563798	0.580645	0.485437	0.609589	0.600362	0.137579	0.561798	0.588785	0.579580	0.363927	0.646288	0.434363	0.414679	0.578089	0.619423	0.515803	0.616667	0.525510	0.106388	0.571429	0.569801	0.657480	0.597360	0.354215	0.067432	0.616034	0.594315	0.496437	0.189022	0.427625	0.608997	0.538259	0.627599	0.626506	0.634656	0.616935	0.600337	0.579470	0.275240	0.020945	0.203285	0.623468	0.621514	0.446640	0.565476	0.457323	0.532110	0.550607	0.619048	0.378649	0.337758	0.623134	0.593407	0.629758	0.605351	0.463576	0.566343	0.184752	0.402482	0.587662	0.641434	0.353668	0.529231	0.633028	0.203827	0.600000	0.528445	0.589744	0.536213	0.652542	0.499422	0.610236	0.616702	0.323446	0.584270	0.636580	0.619048	0.554483	0.083867	0.626506	0.120526	0.114129	0.652778	0.586420	0.506329	0.559618	0.613811	0.600000	0.521411	0.577969	0.516746	0.490909	0.621359	0.615730	0.345921	0.635789	0.529335	0.570629	0.541667	0.615764	0.619469	0.083409	0.626087	0.432590	0.469298	0.582701	0.546703	0.462354	0.511041	0.596306	0.414431	0.548905	0.193249	0.557143	0.450734	0.348289	0.613718	0.551247	0.481153	0.616279	0.507042	0.580542	0.223633	0.591029	0.635438	0.556818	0.633406	0.189413	0.603774	0.658586	0.579186	0.594918	0.366693	0.530401	0.291906	0.478405	0.575182	0.540541	0.411605	0.560425	0.579666	0.558346	0.474501	0.345139	0.629156	0.154365	0.491031	0.480706	0.612613	0.514066	0.156581	0.574680	0.633929	0.141402	0.618056	0.488082	0.645012	0.584127	0.211547	0.089910	0.062500	0.228429	0.536054	0.608899	0.598347	0.515272	0.482007	0.590426	0.537764	0.531250	0.639535	0.632653	0.558739	0.636197	0.348819	0.645833	0.600649	0.391608	0.610413	0.091181	0.593750	0.639640	0.555556	0.603120	0.480181	0.454733	0.292839	0.645455	1.000000	0.356976	0.612975	0.410762	0.446411	0.641509	0.621291	0.431034	0.501205	0.075690	0.635246	0.461224	0.539510	0.129379	0.248238	0.573798	0.041746	0.604800	0.612565	0.641509	0.587050	0.227974	0.494938	0.274251	0.599634	0.014402	0.560831	0.603774	0.601399	0.622129	0.576271	0.610568	0.422159	0.255723	0.605201	0.381349	0.611486	0.455404	0.602871	0.594427	0.202029	0.487414	0.196905	0.396177	0.644444	0.645880	0.584127	0.586667	0.620301	0.640316	0.591680	0.555866	0.634033	0.353395	0.629464	0.582633	0.403897	0.617450	0.654691	0.579545	0.101037	0.399293	0.589189	0.645963	0.629464	0.468041	0.574436	0.366854	0.222222	0.617424	0.650367	0.636364	0.140923	0.614213	0.574468	0.638821	0.597403	0.413793	0.534211	0.538251	0.400706	0.501193	0.619403	0.445328	0.534550	0.618243	0.648855	0.568082	0.344880	0.465116	0.599483	0.619503	0.582237	0.547588	
0.435165	0.550518	0.606690	0.526316	0.324324	0.609756	0.635086	0.112020	0.556499	0.480510	0.455402	0.643251	0.459870	0.481979	0.530856	0.465418	0.616300	0.360809	0.447042	0.553886	0.627019	0.631491	0.554169	0.441176	0.473609	0.388691	0.632353	0.399093	0.375674	0.598309	0.233026	0.386850	0.452225	0.420896	0.644940	0.427199	0.554107	0.645135	0.312250	0.483714	0.586943	0.599464	0.640759	0.560127	0.454743	0.325655	0.649053	0.519510	0.570886	0.537373	0.449128	0.545694	0.583004	0.483916	0.366873	0.595694	0.403919	0.341463	0.389947	0.505858	0.551587	0.309543	0.605122	0.345369	0.630016	0.640587	0.353125	0.526671	0.374422	0.615826	0.481192	0.473118	0.594708	0.579618	0.489108	0.059355	0.396355	0.616292	0.604297	0.571967	0.406321	0.504144	0.351837	0.624064	0.437271	0.608602	0.517147	0.496157	0.158952	0.616684	0.271405	0.429102	0.588164	0.358255	0.623077	0.588889	0.381973	0.344069	0.616300	0.481825	0.522743	0.344069	0.533244	0.142116	0.631401	0.149254	0.589001	0.308322	0.611264	0.485614	0.213559	0.564526	0.277778	0.302738	0.563168	0.634045	0.296651	0.512295	0.633638	0.623972	0.553873	0.621868	0.155731	0.615913	0.137141	0.569144	0.481638	0.633333	0.494085	0.358255	0.589286	0.647419	0.316294	0.518669	0.556467	0.471429	0.487629	0.549277	0.265021	0.625208	0.624429	0.550423	0.544732	0.562218	0.589744	0.625587	0.611924	0.607867	0.137809	0.486870	0.525266	0.621883	0.487430	0.309543	0.634809	0.536976	0.526104	0.304103	0.620922	0.456191	0.539877	0.638525	0.154116	0.634169	0.644973	0.483532	0.428783	0.644137	0.566327	0.541885	0.655014	0.629213	0.563871	0.609855	0.629091	0.490557	0.389947	0.529801	0.545455	0.616302	0.649865	0.623073	0.509277	0.622172	0.605574	0.582231	0.571975	0.624706	0.575360	0.565944	0.288961	0.471654	0.638004	0.525253	0.627059	0.550591	0.613689	0.623094	0.594495	0.580124	0.605491	0.470588	0.592547	0.503477	0.488732	0.567459	0.388083	0.547382	0.506629	0.616352	0.434143	0.380368	0.637874	0.166957	0.411103	0.645903	0.545935	0.391621	0.650360	0.476395	0.202899	0.259290	0.456241	0.571521	0.429838	0.643451	0.636824	0.528226	0.628127	0.479033	0.185886	0.530856	0.141093	0.479773	0.449927	0.492537	0.556929	0.500341	0.536553	0.639076	0.356976	0.630844	0.640209	0.318979	0.252073	0.591584	0.383142	0.590429	0.406238	0.541363	0.548788	0.418605	0.496157	0.660057	0.276749	0.375674	0.260726	0.574685	0.559113	0.617428	0.476123	0.567277	0.428360	0.405140	0.383436	0.399697	0.485190	0.495451	0.623544	0.092896	0.585445	0.465616	0.411454	0.605335	0.527722	0.621195	0.170139	0.567050	0.362082	0.641304	0.636405	0.443791	0.521204	0.468995	0.477864	0.129547	0.508663	0.567797	0.647209	0.496877	0.409947	0.636792	0.166957	0.328311	0.573568	0.235983	0.564356	0.443472	0.574442	0.373169	0.602367	0.411103	0.368421	0.642570	0.506906	0.308186	0.362082	0.561290	0.335348	0.405140	0.438919	0.431170	0.322991	0.518669	0.585759	0.513067	0.266447	0.477419	0.574429	0.543307	0.602047	0.598240	0.420896	0.340157	0.643090	0.378462	0.555276	0.548052	0.577527	0.287571	0.458993	0.333756	0.460000	0.625000	0.616005	0.530997	0.564070	0.626697	0.154116	0.249169	0.653725	0.541722	0.575900	0.542951	0.586847	0.655140	0.455402	0.562379	0.610307	0.420582	0.601073	0.515152	0.584755	0.249169	0.396657	0.209006	0.360809	0.560592	0.485795	0.398485	0.529570	0.532798	0.648023	0.576971	0.595656	0.615741	0.544371	0.179620	0.627593	0.570342	0.541779	0.541944	0.612623	0.628253	0.266447	0.520570	0.615026	0.607390	0.450725	0.583696	0.513067	0.545812	0.344069	0.494094	0.466809	0.609613	0.321656	0.520962	0.597324	0.356141	0.258555	0.599293	0.565385	0.316294	0.495105	0.576679	0.618829	0.244796	0.176471	0.577527	0.420582	0.393916	0.530532	0.451895	0.642657	0.383142	0.510756	0.102610	0.464544	0.360465	0.522867	0.338849	0.551408	0.462197	0.622951	0.635504	0.643784	0.333597	0.356976	1.000000	0.342767	0.642268	0.644951	0.312250	0.473534	0.640984	0.592145	0.306574	0.392993	0.628255	0.568313	0.465979	0.623221	0.497199	0.178705	0.499310	0.253521	0.312250	0.550000	0.602682	0.607935	0.622846	0.456268	0.064611	0.543029	0.435424	0.318979	0.380368	0.526459	0.414671	0.621795	0.629969	0.310897	0.653504	0.495413	0.628796	0.304103	0.523453	0.584735	0.579164	0.578864	0.630567	0.448352	0.345369	0.508591	0.243333	0.430361	0.414726	0.516961	0.560675	0.318979	0.653465	0.344069	0.216582	0.650972	0.342767	0.407240	0.209006	0.392684	0.629535	0.235983	0.388379	0.344069	0.635097	0.524832	0.651838	0.601525	0.428677	0.291734	0.386555	0.485399	0.270714	0.244796	0.288961	0.502429	0.637260	0.570347	0.560051	0.640449	0.603728	0.440852	0.635718	0.582915	0.484121	0.428466	0.547745	0.652113	0.127886	0.260726	0.430267	0.501047	0.582915	
0.620038	0.542373	0.434298	0.564593	0.625592	0.471783	0.400000	0.024246	0.561151	0.591304	0.589319	0.376837	0.599634	0.580311	0.548435	0.601449	0.489941	0.604444	0.604128	0.532374	0.256019	0.280928	0.524017	0.595420	0.572438	0.096781	0.404494	0.599589	0.613391	0.217782	0.571429	0.648305	0.620561	0.630952	0.291444	0.576402	0.553009	0.270807	0.576271	0.550247	0.508095	0.412051	0.316630	0.187608	0.598165	0.581560	0.303833	0.162991	0.526882	0.161721	0.618519	0.560584	0.198182	0.569024	0.618421	0.485646	0.586558	0.620690	0.587002	0.572358	0.199269	0.618005	0.495848	0.598174	0.437436	0.269468	0.626126	0.561240	0.636364	0.466960	0.593368	0.590340	0.214145	0.531335	0.579216	0.012572	0.619543	0.421359	0.212683	0.537748	0.624746	0.578431	0.627540	0.370180	0.611006	0.402344	0.549839	0.601681	0.524272	0.408318	0.062906	0.614481	0.513076	0.647321	0.439024	0.517857	0.093422	0.594966	0.485207	0.596120	0.552590	0.640732	0.569678	0.031150	0.437832	0.488449	0.474854	0.072655	0.256019	0.590832	0.581395	0.521031	0.608247	0.620690	0.513907	0.398157	0.069537	0.579618	0.297611	0.295593	0.167821	0.242492	0.482085	0.458836	0.029997	0.201386	0.575862	0.421875	0.579035	0.602679	0.199269	0.300690	0.620192	0.587127	0.499332	0.570922	0.131049	0.551020	0.559367	0.443523	0.449782	0.556348	0.558692	0.551049	0.496259	0.402224	0.450106	0.482185	0.459459	0.568935	0.535928	0.264242	0.577181	0.598540	0.301730	0.156385	0.562310	0.614251	0.454352	0.568807	0.158545	0.355918	0.496732	0.341425	0.356500	0.558376	0.640625	0.388541	0.540984	0.534682	0.325859	0.388592	0.543417	0.479190	0.319648	0.139075	0.595388	0.534125	0.542474	0.365646	0.314574	0.411483	0.151231	0.444206	0.284595	0.529960	0.525886	0.476852	0.513761	0.480103	0.601010	0.125721	0.414122	0.560863	0.373608	0.530612	0.475225	0.428000	0.508135	0.529716	0.239166	0.577061	0.499376	0.594684	0.602740	0.181440	0.608879	0.540862	0.586265	0.233530	0.619503	0.628205	0.439175	0.522293	0.619718	0.348521	0.576071	0.096653	0.349079	0.612100	0.540059	0.613333	0.566308	0.192835	0.586873	0.395221	0.284595	0.555215	0.429907	0.602452	0.509202	0.551416	0.476510	0.603839	0.612546	0.131404	0.550642	0.564184	0.546565	0.351047	0.604027	0.425366	0.398517	0.583732	0.545946	0.515385	0.631130	0.514877	0.101537	0.554074	0.567294	0.603622	0.578151	0.340094	0.064297	0.660907	0.606383	0.478941	0.180763	0.405354	0.603175	0.530120	0.617761	0.599589	0.606838	0.593814	0.580756	0.573356	0.263763	0.019949	0.194469	0.589286	0.635438	0.411588	0.550681	0.449893	0.544304	0.545205	0.607539	0.367003	0.324164	0.590476	0.555911	0.582011	0.555366	0.467354	0.579901	0.176661	0.390331	0.575207	0.610998	0.339564	0.522293	0.625882	0.194991	0.562674	0.489744	0.557009	0.505155	0.655098	0.487119	0.627767	0.622807	0.310320	0.571895	0.604878	0.629712	0.537815	0.080000	0.599589	0.115070	0.108946	0.617577	0.543171	0.495507	0.572816	0.589474	0.568873	0.513410	0.546512	0.487273	0.474108	0.607143	0.612903	0.332064	0.603448	0.492063	0.542614	0.533686	0.602532	0.595668	0.079562	0.581560	0.419608	0.457270	0.577160	0.549512	0.452790	0.503268	0.597826	0.403738	0.528190	0.184824	0.534107	0.415695	0.334356	0.589319	0.559775	0.464646	0.586139	0.494649	0.558442	0.214040	0.597826	0.575000	0.563050	0.635556	0.181138	0.583916	0.603306	0.530675	0.559271	0.352181	0.519685	0.279846	0.468610	0.554896	0.546584	0.395604	0.525606	0.546296	0.552553	0.475870	0.331307	0.578947	0.147497	0.476731	0.466518	0.584559	0.503243	0.149623	0.549133	0.599542	0.135068	0.580531	0.487356	0.623810	0.575121	0.202414	0.085776	0.059587	0.218656	0.530387	0.644231	0.585859	0.530997	0.463576	0.580822	0.537500	0.520476	0.605941	0.609603	0.529840	0.608209	0.334869	0.635394	0.595041	0.392727	0.575092	0.086991	0.581876	0.637413	0.535456	0.575972	0.461009	0.439126	0.280747	0.634033	0.612975	0.342767	1.000000	0.394928	0.431412	0.585956	0.587189	0.420136	0.505495	0.072185	0.595388	0.445820	0.520055	0.123548	0.237732	0.547297	0.039781	0.543974	0.592992	0.585956	0.546784	0.218218	0.482916	0.262809	0.611940	0.013715	0.573152	0.608863	0.578947	0.623932	0.573668	0.616000	0.411197	0.244944	0.626214	0.366387	0.564544	0.452229	0.609337	0.563780	0.193262	0.461182	0.188337	0.375439	0.608696	0.621005	0.581583	0.598901	0.560461	0.626263	0.579937	0.530496	0.583732	0.339300	0.613272	0.572254	0.388193	0.628440	0.648980	0.557185	0.096418	0.383586	0.601671	0.572034	0.608696	0.450469	0.544343	0.352273	0.212683	0.603482	0.613065	0.630021	0.134609	0.616188	0.597260	0.616162	0.591736	0.397800	0.510013	0.527046	0.388592	0.498186	0.620952	0.430151	0.510582	0.564544	0.627680	0.559524	0.331055	0.462069	0.632979	0.585938	0.572864	0.526455	
0.491228	0.594477	0.620690	0.566795	0.374312	0.639640	0.634341	0.095013	0.595745	0.534191	0.508671	0.647671	0.506996	0.532478	0.576550	0.514754	0.635823	0.415027	0.502914	0.589875	0.603121	0.618018	0.588930	0.496644	0.528363	0.341775	0.652074	0.453680	0.429708	0.576779	0.271220	0.438596	0.503741	0.469283	0.626617	0.482700	0.595900	0.627744	0.360777	0.536471	0.621346	0.624632	0.644499	0.536765	0.502885	0.375802	0.643842	0.481603	0.606232	0.491082	0.506623	0.595713	0.552301	0.543582	0.418149	0.622340	0.457291	0.393472	0.445415	0.554949	0.537115	0.357739	0.628723	0.397830	0.660206	0.615923	0.406475	0.568165	0.428319	0.629442	0.528606	0.528117	0.569527	0.611983	0.535458	0.050132	0.447346	0.630153	0.565857	0.611384	0.458226	0.553125	0.403240	0.641962	0.490377	0.626478	0.567442	0.544735	0.186285	0.647740	0.233189	0.476675	0.622706	0.408602	0.641646	0.628099	0.332146	0.396380	0.630535	0.519838	0.567050	0.396380	0.569266	0.120832	0.651336	0.175077	0.631648	0.265707	0.589625	0.536197	0.249012	0.610676	0.321970	0.350093	0.602952	0.637764	0.255405	0.564815	0.630098	0.616892	0.510104	0.595296	0.182564	0.643445	0.116556	0.544299	0.535256	0.650118	0.545311	0.408602	0.556723	0.639282	0.365314	0.560920	0.585745	0.529221	0.437547	0.598227	0.307545	0.649112	0.643939	0.601899	0.581655	0.597252	0.628571	0.644533	0.645963	0.626490	0.161826	0.533441	0.571856	0.611734	0.544304	0.357739	0.614292	0.491319	0.574661	0.351628	0.636025	0.516076	0.495026	0.647649	0.180698	0.641645	0.644104	0.538523	0.479661	0.640896	0.602857	0.582353	0.643071	0.644693	0.602026	0.635838	0.633858	0.453852	0.448908	0.573770	0.585512	0.629067	0.634859	0.658494	0.474233	0.643750	0.606364	0.613108	0.601997	0.640992	0.609364	0.583276	0.334586	0.423114	0.649184	0.567957	0.652861	0.586411	0.641388	0.646283	0.613497	0.614424	0.596548	0.517129	0.626276	0.554331	0.544728	0.526864	0.443471	0.583147	0.547036	0.591716	0.495382	0.438380	0.652015	0.195519	0.470386	0.654508	0.584387	0.342151	0.655190	0.523577	0.236816	0.301055	0.508972	0.544213	0.483980	0.652620	0.627273	0.575758	0.641324	0.526231	0.217304	0.575056	0.165631	0.531829	0.500826	0.443051	0.590212	0.565050	0.583522	0.635602	0.410762	0.627289	0.652547	0.368324	0.292871	0.616022	0.436236	0.620402	0.356711	0.589724	0.584253	0.468670	0.546318	0.640000	0.237884	0.429708	0.302682	0.629753	0.526623	0.641774	0.531174	0.603534	0.485666	0.460606	0.436620	0.450997	0.532800	0.545599	0.620422	0.078672	0.549141	0.519544	0.464193	0.632714	0.576373	0.652553	0.199187	0.603720	0.414656	0.650862	0.636860	0.491199	0.564142	0.516599	0.538645	0.152242	0.553725	0.531250	0.646499	0.548311	0.462468	0.642418	0.195519	0.378774	0.549587	0.274586	0.610497	0.502078	0.610803	0.428698	0.634691	0.470386	0.421708	0.630005	0.550000	0.356215	0.416443	0.594790	0.289637	0.460606	0.395782	0.379443	0.372819	0.563985	0.616448	0.558320	0.309160	0.528117	0.617505	0.595870	0.643001	0.641509	0.477816	0.390200	0.648157	0.432862	0.599719	0.591837	0.618947	0.333020	0.513912	0.288224	0.519481	0.642180	0.643722	0.569909	0.603610	0.642500	0.180698	0.289575	0.647871	0.585693	0.538487	0.595431	0.617008	0.638945	0.505367	0.604786	0.626042	0.467178	0.630881	0.557632	0.568577	0.289575	0.452962	0.243806	0.411449	0.529431	0.538710	0.453125	0.572727	0.576169	0.644281	0.616783	0.582210	0.637179	0.581222	0.210101	0.647727	0.614184	0.574468	0.580210	0.633740	0.622984	0.309160	0.478477	0.640413	0.638107	0.504950	0.625434	0.478504	0.602941	0.396380	0.447125	0.522303	0.618986	0.371324	0.557887	0.559178	0.308120	0.221916	0.572502	0.604885	0.365314	0.545166	0.609929	0.637865	0.284608	0.206478	0.610526	0.482523	0.448126	0.577122	0.500000	0.637563	0.436236	0.554595	0.120891	0.515651	0.311972	0.565921	0.390554	0.591611	0.517018	0.637662	0.653161	0.620441	0.384686	0.410762	0.642268	0.394928	1.000000	0.652330	0.360777	0.528455	0.649030	0.614660	0.264162	0.445415	0.643861	0.599569	0.416011	0.594724	0.544444	0.152391	0.552262	0.294514	0.360777	0.594675	0.573143	0.627426	0.615385	0.503322	0.054594	0.574005	0.495366	0.368324	0.434859	0.575804	0.469178	0.631455	0.595588	0.359259	0.650161	0.533227	0.645963	0.351628	0.566385	0.546512	0.613978	0.540396	0.643805	0.497911	0.397830	0.559441	0.282946	0.487805	0.466036	0.568147	0.601602	0.368324	0.635945	0.394570	0.252465	0.652856	0.394928	0.457686	0.243806	0.341426	0.656233	0.274586	0.442105	0.396380	0.649047	0.571861	0.642105	0.571008	0.484388	0.337711	0.436459	0.442283	0.313987	0.284608	0.334586	0.554595	0.646958	0.605505	0.604752	0.639106	0.630100	0.499581	0.645821	0.617978	0.542834	0.482642	0.582090	0.641814	0.150313	0.302682	0.484746	0.547036	0.620787	
0.520473	0.618153	0.617166	0.583124	0.409274	0.649725	0.632024	0.084950	0.603953	0.560699	0.526505	0.640417	0.531782	0.555265	0.599517	0.547237	0.637456	0.449020	0.529465	0.610277	0.593049	0.606032	0.601432	0.524680	0.545775	0.310542	0.642247	0.480605	0.460794	0.545101	0.299892	0.476008	0.526697	0.502793	0.607938	0.505980	0.619874	0.600917	0.396745	0.559048	0.635106	0.622889	0.631741	0.511403	0.541704	0.408862	0.617456	0.455470	0.624049	0.458665	0.527928	0.610359	0.518412	0.554983	0.456140	0.625889	0.488219	0.427861	0.479465	0.573840	0.507614	0.393476	0.642604	0.430556	0.651642	0.594150	0.443787	0.592593	0.465116	0.635995	0.552931	0.552702	0.545664	0.628834	0.560069	0.044710	0.483349	0.643750	0.545038	0.621887	0.494826	0.575296	0.438302	0.632124	0.523245	0.626098	0.575503	0.566524	0.207053	0.636364	0.210105	0.512488	0.640932	0.444008	0.647362	0.633678	0.300936	0.427011	0.633216	0.555849	0.583264	0.430983	0.598528	0.108190	0.644606	0.194731	0.625965	0.239842	0.570172	0.562554	0.275711	0.618210	0.354906	0.383197	0.629434	0.642900	0.230409	0.577629	0.618182	0.602445	0.477273	0.576014	0.202965	0.645510	0.104336	0.516271	0.554783	0.644918	0.572161	0.445972	0.527194	0.619802	0.401623	0.584921	0.601971	0.559083	0.402874	0.605096	0.339305	0.638436	0.647376	0.607396	0.604988	0.616342	0.628280	0.651304	0.638889	0.638810	0.180139	0.554681	0.581583	0.591892	0.574614	0.393476	0.597519	0.455033	0.586319	0.386899	0.634921	0.538117	0.460241	0.635097	0.200913	0.623714	0.633575	0.551249	0.506470	0.631891	0.628264	0.594295	0.622642	0.637116	0.626168	0.644277	0.626680	0.420513	0.473734	0.593248	0.602740	0.613975	0.619632	0.639009	0.441935	0.648469	0.582303	0.622256	0.618098	0.638773	0.627157	0.601927	0.368530	0.389302	0.636588	0.593929	0.644790	0.600318	0.647462	0.639490	0.634039	0.635417	0.569996	0.547872	0.649161	0.573379	0.564991	0.501177	0.477469	0.614642	0.568980	0.568732	0.516011	0.472062	0.648052	0.217195	0.496720	0.633718	0.604651	0.310175	0.638813	0.551237	0.262404	0.332275	0.535461	0.515012	0.503676	0.641737	0.604186	0.589198	0.628832	0.552147	0.241071	0.601128	0.184332	0.559930	0.521583	0.405350	0.608969	0.567860	0.602449	0.636865	0.446411	0.633229	0.650091	0.400810	0.323404	0.634074	0.473532	0.640357	0.324013	0.604016	0.616971	0.498594	0.569957	0.637149	0.214393	0.456922	0.334038	0.623840	0.496982	0.631188	0.552331	0.627183	0.516544	0.495743	0.470135	0.479621	0.555556	0.570937	0.592892	0.070276	0.516358	0.539823	0.490104	0.640356	0.591389	0.641910	0.221219	0.620000	0.452498	0.639363	0.621410	0.531507	0.591973	0.557608	0.561798	0.169570	0.576041	0.497696	0.649674	0.573617	0.497644	0.621359	0.217195	0.414070	0.516037	0.303552	0.619259	0.524887	0.628529	0.463628	0.641854	0.492971	0.454191	0.609620	0.590525	0.391837	0.452498	0.609034	0.261794	0.495743	0.361551	0.344707	0.409687	0.574979	0.625649	0.582492	0.341053	0.543844	0.629712	0.605723	0.643728	0.632384	0.506518	0.426295	0.633032	0.466151	0.612368	0.605965	0.649586	0.366839	0.544484	0.260496	0.541446	0.638994	0.641740	0.597701	0.623155	0.647137	0.200913	0.319829	0.648780	0.596463	0.508023	0.594122	0.604098	0.638207	0.540881	0.624512	0.646133	0.500465	0.642098	0.591906	0.537016	0.319829	0.483810	0.270033	0.447059	0.495129	0.555166	0.487666	0.587561	0.600977	0.644912	0.624625	0.571429	0.641587	0.612540	0.233184	0.635379	0.629573	0.596059	0.601942	0.635181	0.628844	0.341053	0.441293	0.642316	0.637108	0.536804	0.618941	0.440873	0.605388	0.428997	0.413902	0.549780	0.622222	0.408081	0.578638	0.534508	0.278790	0.199822	0.545242	0.622875	0.401623	0.572165	0.617378	0.639566	0.314439	0.229213	0.620950	0.507907	0.480458	0.590294	0.529837	0.638889	0.467757	0.578723	0.134911	0.541219	0.282336	0.587156	0.424726	0.610626	0.542254	0.650485	0.645330	0.596326	0.420420	0.446411	0.644951	0.431412	0.652330	1.000000	0.392675	0.549470	0.648784	0.630670	0.238427	0.471824	0.652372	0.610982	0.383020	0.573211	0.564544	0.136687	0.574324	0.325186	0.396745	0.604466	0.551402	0.645028	0.594886	0.535262	0.048702	0.601784	0.514233	0.402834	0.468208	0.597682	0.500935	0.635118	0.579574	0.389002	0.648864	0.566464	0.646825	0.386899	0.592531	0.518754	0.616888	0.514385	0.631579	0.527753	0.434524	0.575273	0.312634	0.518790	0.497653	0.581126	0.611765	0.400810	0.626415	0.432969	0.279476	0.644550	0.429423	0.488679	0.270033	0.309505	0.641041	0.303552	0.476008	0.430983	0.652714	0.588235	0.642619	0.543511	0.518859	0.371901	0.471716	0.410081	0.346275	0.314439	0.368530	0.571915	0.638170	0.618650	0.627421	0.634752	0.634216	0.518721	0.658147	0.631976	0.564726	0.518929	0.603865	0.629571	0.167442	0.334038	0.513863	0.582691	0.628959	
0.581028	0.531387	0.422857	0.566225	0.636591	0.444959	0.361582	0.021716	0.535714	0.583333	0.611538	0.343915	0.583969	0.571942	0.533951	0.544423	0.452555	0.641686	0.592157	0.532738	0.232143	0.255069	0.515060	0.590818	0.581952	0.087015	0.373206	0.637931	0.609091	0.197069	0.610778	0.596882	0.593750	0.561331	0.264766	0.595142	0.536296	0.245747	0.635897	0.551370	0.482051	0.385686	0.288035	0.169492	0.601533	0.650000	0.276204	0.147059	0.496533	0.145903	0.568665	0.525680	0.179146	0.577933	0.628176	0.455105	0.628205	0.640777	0.607930	0.560811	0.180139	0.592784	0.453659	0.636145	0.406250	0.244514	0.579572	0.556270	0.637813	0.429379	0.596364	0.559701	0.193741	0.514768	0.581560	0.011253	0.598253	0.387289	0.192403	0.491803	0.612766	0.529711	0.652381	0.340909	0.599206	0.377622	0.540902	0.559441	0.538462	0.376812	0.056456	0.627049	0.484615	0.640000	0.403746	0.457293	0.083979	0.637681	0.440389	0.569853	0.540717	0.623188	0.561905	0.027909	0.416122	0.528571	0.456731	0.065239	0.232143	0.583039	0.598131	0.498599	0.608219	0.621410	0.502732	0.367232	0.062430	0.558678	0.270458	0.268595	0.151456	0.219718	0.514085	0.425676	0.026874	0.182073	0.578097	0.389610	0.595156	0.621176	0.180139	0.273301	0.615776	0.530945	0.495868	0.569316	0.118039	0.512821	0.612360	0.407643	0.423292	0.522124	0.504615	0.491329	0.482670	0.369318	0.417845	0.454212	0.520147	0.530909	0.555039	0.239705	0.589878	0.649485	0.274262	0.141049	0.544882	0.625000	0.417845	0.563218	0.143014	0.324459	0.544170	0.311005	0.325000	0.580986	0.584867	0.356490	0.504937	0.532138	0.296578	0.354868	0.503618	0.438799	0.290828	0.125321	0.629956	0.543779	0.496914	0.338248	0.286134	0.379648	0.136364	0.418042	0.258449	0.472527	0.503516	0.432818	0.502703	0.481481	0.627346	0.113208	0.376585	0.571885	0.340909	0.521870	0.436994	0.397134	0.471649	0.484687	0.216667	0.586916	0.475578	0.556131	0.577540	0.163866	0.622222	0.513846	0.550523	0.211497	0.620000	0.593258	0.403379	0.522337	0.590717	0.317590	0.544343	0.086898	0.318108	0.578850	0.573248	0.630682	0.605607	0.174263	0.614141	0.364319	0.258449	0.537361	0.397872	0.569343	0.561056	0.558642	0.501818	0.578182	0.593449	0.118361	0.510324	0.565789	0.547468	0.319934	0.632075	0.383234	0.367424	0.582278	0.639769	0.478203	0.582960	0.477333	0.091314	0.515337	0.505988	0.607595	0.559441	0.309770	0.057709	0.613636	0.600567	0.455446	0.163248	0.381232	0.558824	0.502762	0.602020	0.568966	0.615730	0.597403	0.586762	0.529825	0.239264	0.017863	0.175755	0.607076	0.619658	0.396728	0.520376	0.415301	0.573379	0.506365	0.602804	0.334764	0.295008	0.597610	0.550580	0.599265	0.570922	0.477612	0.551370	0.159509	0.354662	0.577320	0.623932	0.309278	0.522337	0.646766	0.176231	0.648810	0.488771	0.589844	0.491368	0.648402	0.457280	0.611814	0.586605	0.282200	0.550085	0.620155	0.616822	0.518090	0.071863	0.568966	0.103558	0.098015	0.623116	0.570033	0.484127	0.537815	0.605042	0.541045	0.492105	0.538346	0.463840	0.451537	0.602911	0.608273	0.302326	0.616780	0.507503	0.528634	0.498638	0.586022	0.617702	0.071468	0.595194	0.387161	0.428246	0.537600	0.495677	0.418042	0.530035	0.608696	0.372493	0.519201	0.166952	0.531532	0.410870	0.304450	0.569231	0.514535	0.440092	0.601660	0.464548	0.539629	0.193644	0.626087	0.582057	0.597484	0.608899	0.163591	0.557377	0.603037	0.524642	0.544882	0.320988	0.484438	0.254072	0.437284	0.534562	0.548495	0.364827	0.517385	0.544000	0.513219	0.437788	0.301624	0.627451	0.132970	0.445221	0.437572	0.587332	0.470588	0.134901	0.529148	0.623188	0.121685	0.583026	0.453365	0.599496	0.546980	0.183013	0.077075	0.053469	0.197869	0.493581	0.636132	0.556918	0.472879	0.434881	0.614035	0.545455	0.482289	0.580913	0.609649	0.533133	0.565302	0.304926	0.614350	0.567010	0.428571	0.543021	0.078172	0.567657	0.604878	0.494012	0.581952	0.438163	0.402985	0.254902	0.625616	0.641509	0.312250	0.585956	0.360777	0.392675	1.000000	0.582560	0.384158	0.459799	0.064816	0.612335	0.410148	0.508571	0.111238	0.215351	0.541301	0.035659	0.571912	0.609195	0.610256	0.541604	0.197468	0.444444	0.238386	0.573099	0.012277	0.531250	0.584677	0.617722	0.606742	0.520325	0.612159	0.383021	0.221969	0.647815	0.334190	0.580645	0.409140	0.588542	0.562092	0.174653	0.445238	0.170157	0.349150	0.600791	0.592771	0.567114	0.592375	0.618474	0.605932	0.517073	0.524927	0.617722	0.309033	0.608696	0.582043	0.356164	0.600484	0.595289	0.591195	0.086686	0.355191	0.619048	0.614699	0.628019	0.414530	0.557845	0.322581	0.192403	0.603239	0.634667	0.617778	0.121269	0.633333	0.573099	0.648794	0.553265	0.365169	0.493113	0.501433	0.354868	0.455224	0.581673	0.395062	0.488404	0.566308	0.616327	0.511556	0.301391	0.479401	0.600567	0.572597	0.554007	0.491132	
0.629008	0.604317	0.548828	0.618858	0.562044	0.583004	0.508671	0.037994	0.623630	0.636234	0.639761	0.509743	0.618128	0.641135	0.629862	0.625369	0.580844	0.597222	0.634294	0.618758	0.376162	0.410012	0.619926	0.640000	0.632948	0.148564	0.527638	0.632953	0.617997	0.323308	0.538302	0.618729	0.638427	0.606349	0.414303	0.656299	0.638350	0.396313	0.601113	0.638472	0.600646	0.529870	0.451098	0.280816	0.619970	0.590164	0.434337	0.245627	0.613793	0.243799	0.624625	0.618989	0.295787	0.638889	0.604811	0.569647	0.615883	0.598930	0.620232	0.645074	0.297321	0.569832	0.596491	0.620567	0.555455	0.391055	0.589474	0.625162	0.625850	0.558994	0.638054	0.618978	0.318224	0.606977	0.645161	0.019767	0.632619	0.529412	0.316176	0.610670	0.639742	0.631436	0.622144	0.505800	0.637060	0.528696	0.622995	0.629681	0.404598	0.527027	0.097492	0.634223	0.604952	0.609756	0.549550	0.615385	0.143543	0.625222	0.576725	0.614719	0.644823	0.614565	0.626444	0.048715	0.556701	0.396270	0.587156	0.112290	0.375068	0.654545	0.497872	0.604867	0.544747	0.601504	0.608400	0.513625	0.107567	0.644562	0.423633	0.423485	0.252570	0.357588	0.401848	0.553520	0.046927	0.300306	0.640227	0.537391	0.629986	0.620209	0.297321	0.431472	0.586716	0.623853	0.619429	0.626087	0.199247	0.613300	0.558416	0.555454	0.558541	0.626360	0.613267	0.599287	0.588362	0.534440	0.548689	0.561983	0.364929	0.595136	0.639798	0.387387	0.639889	0.592179	0.416295	0.236102	0.647959	0.585366	0.559925	0.628912	0.239221	0.481125	0.407407	0.471846	0.486286	0.630404	0.623824	0.508447	0.603730	0.628362	0.459016	0.516026	0.635714	0.583251	0.451007	0.210978	0.643449	0.622500	0.602258	0.488479	0.447090	0.524338	0.228647	0.557656	0.410133	0.613455	0.613953	0.571717	0.596175	0.605525	0.570881	0.191430	0.528109	0.616774	0.507347	0.608374	0.571992	0.547069	0.583784	0.602222	0.353002	0.631579	0.597627	0.631868	0.633803	0.272044	0.624374	0.628285	0.627939	0.345208	0.628659	0.626263	0.554745	0.427273	0.629213	0.480755	0.637609	0.148372	0.477091	0.636628	0.479482	0.542914	0.646199	0.288228	0.658385	0.514003	0.408926	0.645244	0.528926	0.639885	0.451327	0.637390	0.372642	0.635193	0.643713	0.199768	0.619105	0.642008	0.627401	0.472222	0.610820	0.533449	0.519502	0.599265	0.520161	0.596026	0.588235	0.591769	0.155656	0.621723	0.629131	0.629213	0.621359	0.463068	0.099609	0.611205	0.537849	0.580982	0.271080	0.532423	0.643579	0.616266	0.618012	0.616639	0.622896	0.648118	0.644068	0.628651	0.386734	0.031298	0.290541	0.650146	0.619125	0.534161	0.617535	0.558271	0.438914	0.630841	0.599653	0.490107	0.456832	0.614439	0.630319	0.611833	0.631136	0.350120	0.608458	0.265227	0.511665	0.621067	0.622366	0.475177	0.427273	0.584392	0.291279	0.515464	0.607064	0.650530	0.605322	0.613288	0.583673	0.626003	0.604811	0.429784	0.626016	0.574627	0.599653	0.616667	0.123386	0.616639	0.175734	0.166667	0.585009	0.642202	0.605525	0.629032	0.541502	0.624818	0.596260	0.633907	0.574132	0.598995	0.622222	0.578571	0.468381	0.623729	0.621315	0.612048	0.607022	0.575816	0.644118	0.122726	0.637681	0.535777	0.572541	0.627907	0.607355	0.565217	0.407407	0.538462	0.526756	0.627500	0.276861	0.630675	0.546305	0.460140	0.621824	0.618877	0.564405	0.630745	0.591520	0.603774	0.318077	0.518219	0.603960	0.496788	0.593750	0.271615	0.621777	0.609836	0.637532	0.630102	0.473607	0.599099	0.399050	0.567780	0.610000	0.455357	0.513957	0.631336	0.622739	0.616162	0.570305	0.461859	0.557312	0.223232	0.581927	0.589041	0.647761	0.586399	0.226316	0.640587	0.618117	0.205128	0.628075	0.580321	0.575092	0.617450	0.301754	0.132079	0.092436	0.324528	0.600000	0.608856	0.630556	0.603687	0.567829	0.521385	0.439462	0.597961	0.633914	0.621488	0.627306	0.637462	0.463585	0.611765	0.634747	0.284289	0.630952	0.133904	0.622517	0.604651	0.611995	0.641618	0.579158	0.539098	0.407385	0.590991	0.621291	0.473534	0.587189	0.528455	0.549470	0.582560	1.000000	0.533218	0.573545	0.111580	0.640133	0.560731	0.607774	0.188235	0.351020	0.626741	0.062060	0.621622	0.539235	0.571429	0.619753	0.323917	0.567729	0.385434	0.604230	0.021557	0.623574	0.607752	0.602941	0.629630	0.620419	0.610224	0.519793	0.360965	0.591078	0.501520	0.622348	0.552434	0.562852	0.636005	0.288833	0.584429	0.281852	0.505529	0.629008	0.602837	0.644295	0.526531	0.621329	0.615137	0.633508	0.620939	0.591912	0.467753	0.600355	0.512712	0.506431	0.580071	0.616883	0.492505	0.148021	0.502005	0.511340	0.618729	0.596803	0.551152	0.638462	0.474227	0.316176	0.618974	0.576336	0.617696	0.204458	0.530452	0.529532	0.559387	0.632011	0.520953	0.603429	0.592680	0.500000	0.591815	0.623656	0.553078	0.591837	0.622348	0.619718	0.614035	0.457380	0.346154	0.533865	0.626959	0.608575	0.623583	
0.511545	0.608429	0.615385	0.576797	0.398430	0.637896	0.625446	0.087733	0.605263	0.547782	0.526316	0.639681	0.531469	0.545918	0.589905	0.543081	0.636616	0.435530	0.511504	0.605263	0.590435	0.607725	0.599688	0.515611	0.543422	0.319483	0.651051	0.472325	0.456604	0.554829	0.291405	0.465856	0.522968	0.495913	0.622074	0.491921	0.611583	0.604440	0.386139	0.551495	0.631429	0.622386	0.631206	0.517631	0.528897	0.401961	0.622047	0.462714	0.618941	0.470088	0.517150	0.605304	0.523418	0.549118	0.442545	0.628053	0.477941	0.414729	0.467412	0.574257	0.518492	0.382937	0.645833	0.425121	0.646835	0.600451	0.428434	0.576490	0.449481	0.639203	0.547009	0.543253	0.551462	0.614576	0.552365	0.046207	0.474954	0.636755	0.551568	0.613905	0.477064	0.564103	0.423077	0.629252	0.516014	0.618137	0.582445	0.553691	0.200883	0.633233	0.216525	0.503610	0.621429	0.434450	0.640101	0.625634	0.309650	0.421663	0.643551	0.542955	0.578606	0.419729	0.593600	0.111690	0.641092	0.188889	0.626722	0.247045	0.567826	0.554806	0.267800	0.623688	0.345178	0.374875	0.612426	0.645660	0.237367	0.581224	0.611057	0.599421	0.484507	0.576200	0.196903	0.644562	0.107719	0.519189	0.553951	0.648982	0.562604	0.430622	0.538600	0.624328	0.388944	0.583468	0.604755	0.551249	0.413354	0.595479	0.329918	0.641485	0.649042	0.607088	0.600000	0.608232	0.634739	0.627685	0.645874	0.626824	0.174692	0.545299	0.584980	0.591010	0.551551	0.382937	0.600392	0.464402	0.589641	0.376494	0.634178	0.523643	0.474455	0.633370	0.194906	0.630736	0.641758	0.552189	0.503156	0.645274	0.621520	0.589604	0.641860	0.631763	0.613272	0.633917	0.621112	0.431404	0.465549	0.580645	0.602524	0.620417	0.626324	0.630938	0.448276	0.644866	0.592767	0.617211	0.608565	0.636550	0.623529	0.590116	0.358510	0.399508	0.649240	0.589085	0.646259	0.606391	0.638384	0.642455	0.628940	0.619985	0.575207	0.533333	0.626609	0.563803	0.555461	0.502000	0.465421	0.600000	0.556114	0.580357	0.500000	0.458216	0.634333	0.210757	0.488117	0.636364	0.593407	0.319107	0.641387	0.541846	0.254818	0.323045	0.522944	0.521344	0.502242	0.645697	0.609676	0.574860	0.638462	0.556507	0.234020	0.588328	0.178771	0.548718	0.519754	0.415326	0.605547	0.566775	0.594249	0.637303	0.431034	0.633785	0.643198	0.392118	0.314374	0.636166	0.461538	0.627737	0.333265	0.602201	0.594720	0.488117	0.562081	0.643960	0.220927	0.449057	0.324769	0.603641	0.508475	0.632988	0.542955	0.616071	0.505830	0.479705	0.460094	0.467652	0.549618	0.557983	0.592000	0.072596	0.526946	0.528954	0.479779	0.622028	0.578696	0.635831	0.214677	0.610399	0.437023	0.639776	0.626159	0.511586	0.572363	0.534364	0.550676	0.164414	0.563123	0.505057	0.651109	0.565724	0.479779	0.619883	0.210757	0.405088	0.523826	0.294979	0.611474	0.514134	0.617626	0.451796	0.639559	0.480804	0.444444	0.615385	0.557486	0.381331	0.438931	0.614798	0.269555	0.479705	0.371181	0.354425	0.398821	0.576985	0.627907	0.572840	0.331627	0.539792	0.610145	0.613230	0.635724	0.633015	0.499546	0.417071	0.627225	0.458058	0.606061	0.601076	0.623338	0.356855	0.533449	0.268224	0.532300	0.639456	0.638184	0.581526	0.614916	0.644866	0.194906	0.310881	0.644271	0.588513	0.513532	0.595645	0.611688	0.627038	0.522807	0.613150	0.639785	0.484574	0.631433	0.573784	0.546697	0.310881	0.475395	0.262260	0.439351	0.510652	0.542344	0.477336	0.594075	0.596016	0.640872	0.616630	0.565197	0.639355	0.596381	0.226333	0.645352	0.609410	0.583133	0.600158	0.634409	0.616832	0.331627	0.450887	0.634641	0.632284	0.522349	0.631579	0.453432	0.594259	0.415861	0.421438	0.540448	0.638037	0.395280	0.567434	0.539440	0.286972	0.205964	0.549595	0.607116	0.390918	0.557515	0.609410	0.648037	0.305613	0.222465	0.610044	0.491833	0.466543	0.590343	0.520741	0.648763	0.461538	0.567388	0.130734	0.526684	0.290604	0.579119	0.417476	0.605590	0.543422	0.652144	0.637997	0.605581	0.409357	0.431034	0.640984	0.420136	0.649030	0.648784	0.384158	0.533218	1.000000	0.614407	0.245593	0.469274	0.652618	0.613636	0.392632	0.581654	0.556770	0.141040	0.558216	0.316116	0.386139	0.591725	0.553372	0.631864	0.594858	0.522507	0.050329	0.598413	0.508961	0.394089	0.452582	0.587854	0.486782	0.629516	0.582247	0.382557	0.648013	0.550085	0.651072	0.376494	0.579545	0.527164	0.619178	0.520604	0.640184	0.520426	0.421256	0.574013	0.303850	0.508050	0.479853	0.589474	0.605223	0.392118	0.635494	0.421663	0.271474	0.644898	0.420136	0.482061	0.262260	0.318422	0.635623	0.294979	0.463985	0.417795	0.643959	0.570743	0.645161	0.550057	0.500898	0.361809	0.463551	0.420229	0.336735	0.305613	0.358510	0.564060	0.649289	0.616642	0.608498	0.632926	0.639045	0.518717	0.643216	0.620843	0.546689	0.499099	0.597321	0.646813	0.162345	0.324769	0.499549	0.559464	0.617886	
0.565789	0.623281	0.593286	0.603960	0.484472	0.611505	0.628065	0.065451	0.638219	0.590814	0.572354	0.603896	0.584946	0.588358	0.612903	0.579679	0.636808	0.506603	0.580786	0.614100	0.534995	0.559173	0.607477	0.564498	0.581665	0.245908	0.620262	0.533333	0.515366	0.475472	0.372973	0.535673	0.577342	0.561443	0.564130	0.546667	0.629047	0.547918	0.457286	0.585859	0.635750	0.587819	0.581818	0.433690	0.584052	0.466501	0.567657	0.387181	0.626442	0.389087	0.589382	0.623596	0.443670	0.593654	0.517282	0.621821	0.530892	0.501222	0.527907	0.603206	0.443407	0.463476	0.634584	0.484775	0.626647	0.545727	0.510278	0.614786	0.523077	0.650658	0.602510	0.588110	0.471269	0.628469	0.591753	0.034282	0.527778	0.602972	0.477600	0.632689	0.554795	0.605025	0.506053	0.578065	0.571429	0.578536	0.599005	0.603272	0.263006	0.589868	0.164342	0.550336	0.630691	0.515042	0.623263	0.634105	0.238020	0.490244	0.631922	0.576842	0.588235	0.502439	0.610039	0.083588	0.616314	0.247813	0.607431	0.188283	0.512943	0.586420	0.346630	0.617857	0.438392	0.448669	0.629174	0.604905	0.180670	0.619189	0.557359	0.571582	0.401879	0.506190	0.257971	0.630603	0.080574	0.451334	0.585670	0.615494	0.605691	0.503008	0.456632	0.573923	0.463079	0.629412	0.595406	0.578669	0.323989	0.632367	0.412073	0.627596	0.626636	0.627306	0.615530	0.628415	0.639662	0.616963	0.624906	0.656327	0.229750	0.583682	0.603235	0.521397	0.590398	0.455919	0.549234	0.379060	0.587896	0.460759	0.636981	0.579741	0.383658	0.572139	0.255443	0.580723	0.592777	0.579055	0.567598	0.617333	0.645740	0.589767	0.568274	0.604651	0.621696	0.633648	0.573555	0.341671	0.518605	0.597919	0.618596	0.563182	0.569813	0.599440	0.367422	0.629658	0.516971	0.638448	0.619517	0.631917	0.628272	0.590361	0.444159	0.312127	0.628931	0.622093	0.589677	0.608045	0.635720	0.616052	0.636210	0.639585	0.504080	0.582359	0.619932	0.594924	0.605998	0.426418	0.518692	0.623106	0.600000	0.501333	0.565121	0.524089	0.622321	0.275466	0.550000	0.583843	0.630189	0.245607	0.604167	0.596825	0.330556	0.403694	0.552604	0.445537	0.554939	0.606390	0.538903	0.604831	0.598811	0.578616	0.304654	0.601518	0.234949	0.589958	0.581622	0.324777	0.638376	0.579882	0.614644	0.580923	0.506024	0.630682	0.606019	0.464419	0.398406	0.636285	0.539906	0.643599	0.257002	0.627599	0.642458	0.534091	0.591002	0.594595	0.167783	0.531915	0.413702	0.601318	0.422182	0.592022	0.585263	0.628319	0.559378	0.549425	0.524089	0.529954	0.588601	0.590164	0.529470	0.054049	0.444952	0.579003	0.549199	0.580925	0.614943	0.617714	0.280401	0.636119	0.508393	0.602164	0.579861	0.570485	0.620416	0.572632	0.573196	0.216617	0.608081	0.418800	0.612000	0.599190	0.560641	0.565087	0.275466	0.485149	0.442153	0.377358	0.613929	0.557734	0.610871	0.526066	0.646726	0.568182	0.522050	0.559284	0.613065	0.466583	0.510791	0.610757	0.206069	0.549425	0.288111	0.274116	0.482587	0.598039	0.604131	0.603397	0.419397	0.564756	0.612350	0.608777	0.634106	0.624601	0.559188	0.504284	0.584906	0.517119	0.600527	0.616375	0.642105	0.444730	0.586980	0.205014	0.565998	0.608696	0.621495	0.624636	0.636364	0.637262	0.255443	0.394141	0.616655	0.592242	0.431802	0.610075	0.576169	0.590397	0.570194	0.650823	0.640502	0.540541	0.632353	0.586587	0.471074	0.396804	0.521437	0.339779	0.516206	0.430108	0.592670	0.528258	0.597101	0.614793	0.592227	0.634061	0.525502	0.638431	0.633869	0.295035	0.583051	0.631111	0.611057	0.621544	0.646782	0.586227	0.411533	0.359988	0.626582	0.627052	0.567422	0.610052	0.364574	0.628837	0.485366	0.332872	0.586498	0.638468	0.473225	0.610778	0.458021	0.219905	0.156104	0.483803	0.625113	0.470588	0.599795	0.611556	0.619085	0.393048	0.290185	0.640351	0.556306	0.535963	0.607477	0.572361	0.587537	0.521127	0.609312	0.173252	0.579117	0.222799	0.626482	0.495098	0.629423	0.575342	0.611952	0.632440	0.547521	0.492611	0.501205	0.592145	0.505495	0.614660	0.630670	0.459799	0.573545	0.614407	1.000000	0.187140	0.523256	0.636095	0.634720	0.307260	0.508796	0.574359	0.105968	0.581745	0.400531	0.474874	0.611059	0.476270	0.651864	0.525955	0.572361	0.037361	0.634799	0.563193	0.474407	0.528790	0.622919	0.563986	0.608879	0.517799	0.455346	0.611570	0.595436	0.618868	0.463291	0.607073	0.444865	0.600321	0.441067	0.581747	0.565789	0.499391	0.608782	0.388220	0.548673	0.560364	0.599412	0.593750	0.479401	0.583933	0.500000	0.351166	0.614257	0.503053	0.558992	0.339779	0.245056	0.589096	0.377358	0.519298	0.487805	0.646796	0.597878	0.575851	0.479244	0.557778	0.443022	0.530374	0.331861	0.428198	0.390374	0.446727	0.607287	0.624152	0.623675	0.628623	0.612625	0.641322	0.570485	0.640058	0.632133	0.585062	0.560268	0.619905	0.594118	0.213967	0.413702	0.551955	0.593878	0.635645	
0.101419	0.155260	0.209166	0.131279	0.067707	0.205855	0.259232	0.474010	0.151453	0.115553	0.105743	0.277770	0.106974	0.116772	0.144382	0.108512	0.194449	0.076644	0.102656	0.151453	0.402628	0.372275	0.149102	0.099869	0.112804	0.594520	0.254796	0.088327	0.080765	0.445964	0.046636	0.083608	0.103274	0.093648	0.359718	0.097696	0.152333	0.383976	0.064816	0.125262	0.182613	0.244535	0.332044	0.482593	0.106359	0.068027	0.345788	0.518420	0.165721	0.540482	0.104818	0.148513	0.482829	0.121329	0.078548	0.191925	0.089582	0.071866	0.085183	0.127673	0.468172	0.064173	0.193889	0.072824	0.232276	0.386043	0.074735	0.136662	0.080448	0.211916	0.114943	0.110660	0.455497	0.162827	0.119205	0.289055	0.086442	0.244800	0.457539	0.168894	0.090208	0.126770	0.074417	0.280313	0.100799	0.243211	0.129778	0.121633	0.030780	0.252177	0.627523	0.095830	0.182613	0.076008	0.232544	0.177207	0.634018	0.072505	0.194449	0.113110	0.134273	0.072505	0.139044	0.539360	0.220932	0.028779	0.197244	0.632314	0.400712	0.119813	0.042367	0.163697	0.056742	0.062562	0.168894	0.259232	0.648307	0.131579	0.352808	0.355135	0.527432	0.420697	0.030113	0.212740	0.528030	0.467499	0.117076	0.243211	0.123449	0.076008	0.477413	0.349305	0.065781	0.134273	0.167165	0.112192	0.586049	0.148808	0.053819	0.227432	0.214110	0.153212	0.144974	0.157303	0.182329	0.257669	0.221204	0.193608	0.026441	0.114943	0.143495	0.389854	0.121935	0.064173	0.348134	0.547188	0.140530	0.062885	0.221204	0.106359	0.541537	0.294919	0.029780	0.307804	0.294419	0.120420	0.096141	0.267520	0.162247	0.150572	0.322674	0.268808	0.157012	0.206684	0.328932	0.542396	0.085183	0.145269	0.144382	0.282596	0.334192	0.248759	0.528809	0.218482	0.366592	0.167742	0.162827	0.199753	0.171195	0.175779	0.059333	0.591490	0.249549	0.137854	0.280313	0.148808	0.206408	0.236826	0.181477	0.174349	0.419820	0.110354	0.182045	0.123751	0.118293	0.508555	0.083923	0.144974	0.122238	0.432874	0.099559	0.082345	0.228780	0.032443	0.091460	0.301386	0.146155	0.619476	0.300890	0.111580	0.040061	0.052517	0.110354	0.483408	0.098007	0.260012	0.367993	0.138747	0.226892	0.114332	0.036425	0.144382	0.027109	0.114943	0.105434	0.569827	0.153212	0.132478	0.139639	0.299153	0.075690	0.243476	0.257669	0.066423	0.050887	0.176065	0.082661	0.174063	0.614872	0.145565	0.150278	0.091460	0.121633	0.309033	0.638514	0.080765	0.052843	0.190521	0.499251	0.249023	0.113110	0.166588	0.098007	0.088327	0.082345	0.087699	0.117685	0.121026	0.390519	0.419592	0.486872	0.110967	0.089582	0.237093	0.141421	0.220116	0.033108	0.161667	0.076961	0.285630	0.324363	0.100179	0.130979	0.113110	0.119205	0.024767	0.125262	0.511397	0.267520	0.124658	0.089582	0.309524	0.032443	0.068668	0.476786	0.047292	0.176065	0.103274	0.174922	0.080132	0.196965	0.091460	0.078548	0.338707	0.126770	0.063851	0.076961	0.157012	0.646282	0.088327	0.578729	0.597543	0.067386	0.134273	0.175779	0.128576	0.054144	0.110660	0.176922	0.149396	0.188832	0.201143	0.093648	0.071547	0.316611	0.081081	0.169182	0.154090	0.169470	0.059010	0.109126	0.638037	0.112192	0.242150	0.209992	0.137556	0.157886	0.218482	0.029780	0.050234	0.255319	0.145269	0.499058	0.149690	0.221475	0.314418	0.105743	0.156136	0.207236	0.093960	0.193328	0.127974	0.451773	0.050234	0.086128	0.041379	0.076644	0.500062	0.114637	0.087385	0.138747	0.140530	0.298158	0.170908	0.372242	0.207512	0.145269	0.035100	0.261051	0.165143	0.137556	0.142903	0.207236	0.317341	0.054144	0.553505	0.204472	0.208615	0.106051	0.173490	0.536276	0.150572	0.072505	0.571784	0.112498	0.201421	0.067065	0.128877	0.472029	0.616450	0.641436	0.447486	0.159924	0.065781	0.121329	0.165143	0.211367	0.049254	0.034436	0.169470	0.093960	0.085813	0.149102	0.103583	0.313930	0.082661	0.124658	0.019391	0.106667	0.639601	0.131879	0.071227	0.150278	0.112804	0.201977	0.226352	0.372502	0.069949	0.075690	0.306574	0.072185	0.264162	0.238427	0.064816	0.111580	0.245593	0.187140	1.000000	0.085183	0.228511	0.159633	0.595204	0.427265	0.120723	0.589109	0.127372	0.051213	0.064816	0.148219	0.451460	0.203641	0.392951	0.103583	0.311387	0.142014	0.098318	0.066423	0.082345	0.134572	0.092398	0.246386	0.418202	0.064495	0.286135	0.117381	0.221204	0.062885	0.133675	0.483969	0.199474	0.488446	0.273428	0.101419	0.072824	0.128877	0.048928	0.098939	0.090835	0.134572	0.154383	0.066423	0.309769	0.072505	0.043025	0.267777	0.072185	0.089268	0.041379	0.623148	0.268550	0.047292	0.083608	0.072505	0.225811	0.139342	0.296665	0.460413	0.097696	0.059980	0.083923	0.554337	0.055119	0.049254	0.059333	0.124658	0.260792	0.167165	0.159051	0.268808	0.189395	0.100179	0.235490	0.169182	0.117381	0.096453	0.144678	0.317584	0.024432	0.052843	0.096141	0.122238	0.169182	
0.621053	0.574099	0.483493	0.604790	0.596112	0.524272	0.436945	0.028741	0.586957	0.639610	0.647260	0.427379	0.629252	0.632258	0.598315	0.630691	0.523702	0.631365	0.630662	0.565217	0.297018	0.325173	0.579670	0.626549	0.619440	0.113946	0.458070	0.659091	0.630952	0.253549	0.572864	0.631579	0.631944	0.620183	0.337020	0.634409	0.603518	0.313749	0.616740	0.592593	0.547393	0.452336	0.365303	0.219027	0.634812	0.629310	0.350949	0.190722	0.580892	0.189258	0.643718	0.575758	0.231147	0.607874	0.651911	0.526796	0.609023	0.638655	0.637066	0.606707	0.232391	0.597345	0.533937	0.659708	0.488281	0.312236	0.606186	0.591837	0.640159	0.503688	0.628664	0.620000	0.249398	0.562581	0.621019	0.014919	0.632184	0.466853	0.247728	0.565327	0.647940	0.603369	0.636364	0.425497	0.644366	0.450704	0.603318	0.619497	0.491429	0.456779	0.074297	0.630435	0.561611	0.613497	0.483902	0.552727	0.110025	0.652720	0.519187	0.611842	0.592920	0.627615	0.602305	0.036900	0.494908	0.453488	0.515625	0.085733	0.297018	0.622222	0.545455	0.578406	0.582751	0.617450	0.555276	0.444050	0.082079	0.615845	0.343958	0.341689	0.196286	0.281675	0.488506	0.504202	0.035538	0.234814	0.615137	0.461972	0.610592	0.638037	0.232391	0.347418	0.638950	0.592920	0.551899	0.624793	0.153800	0.596974	0.619048	0.487078	0.501567	0.574124	0.585434	0.571429	0.545670	0.451786	0.498474	0.525481	0.445104	0.599349	0.581100	0.306328	0.627943	0.619469	0.345895	0.183104	0.589413	0.620536	0.498474	0.634812	0.185597	0.407583	0.484150	0.393020	0.406646	0.620253	0.622061	0.438687	0.566624	0.572988	0.375635	0.440241	0.582781	0.518280	0.368683	0.163098	0.652510	0.595804	0.587079	0.415776	0.362999	0.456722	0.177155	0.493320	0.329307	0.555556	0.590968	0.510497	0.554726	0.536585	0.631579	0.147620	0.459137	0.591304	0.423841	0.585970	0.503767	0.470701	0.554762	0.557055	0.277897	0.624374	0.548694	0.615863	0.611200	0.211948	0.649805	0.577031	0.605016	0.271488	0.627660	0.624754	0.484669	0.495775	0.613383	0.400929	0.587744	0.113796	0.401550	0.616915	0.555556	0.600962	0.634391	0.225022	0.618962	0.441098	0.329307	0.600289	0.480080	0.620915	0.528610	0.589888	0.460177	0.622150	0.620926	0.154213	0.584906	0.601190	0.614943	0.399065	0.639344	0.469043	0.446429	0.596950	0.608273	0.550548	0.639216	0.545455	0.119493	0.581006	0.584699	0.669145	0.619497	0.391534	0.075931	0.623016	0.604317	0.516055	0.211170	0.463661	0.634868	0.576142	0.636852	0.632576	0.632613	0.623574	0.619583	0.596215	0.305785	0.023656	0.226894	0.625624	0.620301	0.472169	0.589744	0.494382	0.492997	0.570687	0.642276	0.413344	0.373737	0.639576	0.587706	0.638158	0.627389	0.427711	0.592593	0.206457	0.435233	0.616099	0.650376	0.390943	0.501408	0.609442	0.227492	0.570000	0.562728	0.621528	0.565483	0.621514	0.525140	0.628253	0.627767	0.358230	0.612557	0.629712	0.613821	0.572185	0.094336	0.632576	0.135248	0.128123	0.623377	0.604720	0.553659	0.603945	0.593824	0.630000	0.553398	0.581619	0.542725	0.518681	0.631193	0.614737	0.382570	0.629703	0.559598	0.593289	0.568922	0.623853	0.652101	0.093824	0.628099	0.465598	0.505308	0.612482	0.562005	0.507708	0.484150	0.591687	0.453645	0.576224	0.215833	0.594521	0.471545	0.385130	0.626712	0.569149	0.508584	0.611722	0.546485	0.599696	0.249278	0.581907	0.633397	0.549738	0.635438	0.211601	0.623165	0.640000	0.594517	0.595136	0.401876	0.560399	0.323952	0.518757	0.576224	0.523416	0.446602	0.569604	0.600871	0.585573	0.508584	0.381724	0.612827	0.172840	0.520607	0.518677	0.642735	0.549261	0.175296	0.603001	0.652720	0.158458	0.643564	0.515917	0.633406	0.600000	0.235991	0.101093	0.070400	0.254545	0.556863	0.621444	0.617323	0.564496	0.506864	0.586207	0.531856	0.558897	0.633700	0.650000	0.582418	0.634315	0.384214	0.627451	0.622291	0.360759	0.616695	0.102513	0.602985	0.641350	0.587432	0.619440	0.516977	0.483034	0.324969	0.634043	0.635246	0.392993	0.595388	0.445415	0.471824	0.612335	0.640133	0.469274	0.523256	0.085183	1.000000	0.495050	0.570681	0.145098	0.276267	0.609795	0.047087	0.610687	0.606796	0.607930	0.593103	0.254046	0.511425	0.304706	0.616984	0.016273	0.599432	0.625000	0.614379	0.616896	0.597938	0.602588	0.454968	0.284459	0.653422	0.420796	0.623794	0.486267	0.598214	0.609467	0.225512	0.522124	0.219864	0.430144	0.628070	0.638831	0.609091	0.562963	0.633452	0.634328	0.594993	0.592493	0.649237	0.387632	0.623431	0.573643	0.434858	0.649895	0.632768	0.549738	0.113522	0.433735	0.580000	0.643275	0.644351	0.496000	0.604317	0.402200	0.247728	0.630824	0.637813	0.630350	0.157927	0.613208	0.605911	0.594966	0.622291	0.445230	0.564557	0.566929	0.435082	0.541475	0.650177	0.480695	0.557089	0.607717	0.649819	0.589060	0.381443	0.422961	0.604317	0.640145	0.605016	0.567127	
0.536723	0.631749	0.620545	0.594828	0.425131	0.642706	0.645241	0.081123	0.620521	0.568592	0.552045	0.644970	0.557407	0.573741	0.602990	0.558525	0.637155	0.459817	0.542214	0.612378	0.571556	0.592806	0.611475	0.537370	0.569609	0.298134	0.658339	0.509804	0.481928	0.532544	0.312360	0.485572	0.558052	0.522662	0.605224	0.525714	0.625508	0.598227	0.412262	0.561404	0.652695	0.620999	0.618848	0.495625	0.551020	0.426778	0.622967	0.443267	0.643696	0.448436	0.542404	0.625616	0.504208	0.578527	0.473205	0.642805	0.498047	0.444215	0.495050	0.595819	0.501286	0.408898	0.643895	0.451081	0.658311	0.595072	0.454452	0.597623	0.480402	0.653713	0.578662	0.560440	0.530946	0.640884	0.585714	0.042656	0.500986	0.641075	0.530391	0.638199	0.508772	0.581659	0.456967	0.631765	0.541509	0.628131	0.590476	0.583333	0.216152	0.633564	0.201233	0.524904	0.631737	0.462793	0.657877	0.640850	0.288846	0.447423	0.644412	0.569091	0.613675	0.447423	0.603710	0.103372	0.648575	0.203349	0.635447	0.229875	0.550089	0.573975	0.287343	0.639370	0.369164	0.400426	0.616460	0.641533	0.220785	0.606374	0.605606	0.602590	0.464388	0.563707	0.211905	0.642659	0.099681	0.508525	0.573226	0.657675	0.576720	0.456677	0.516722	0.614221	0.417281	0.606838	0.613105	0.559708	0.388083	0.616899	0.353070	0.650200	0.644582	0.625608	0.611940	0.628205	0.650187	0.632754	0.660339	0.645818	0.188179	0.575045	0.596170	0.580852	0.582817	0.408898	0.595551	0.442036	0.611251	0.402128	0.644068	0.545455	0.450807	0.627986	0.209774	0.625414	0.633257	0.572954	0.526316	0.642424	0.632411	0.612245	0.626403	0.647734	0.622294	0.659634	0.611492	0.406216	0.491089	0.603148	0.616279	0.607373	0.620115	0.653992	0.429157	0.653925	0.582082	0.640187	0.636148	0.649964	0.637346	0.605183	0.383208	0.375406	0.648956	0.600677	0.630588	0.615258	0.650246	0.660144	0.636637	0.644223	0.564516	0.553621	0.659670	0.590308	0.580125	0.488420	0.493042	0.611940	0.573451	0.564167	0.534091	0.485514	0.644045	0.226682	0.516505	0.628924	0.619835	0.297780	0.637486	0.566210	0.273563	0.345815	0.553621	0.501790	0.527117	0.642813	0.598547	0.600844	0.645722	0.568841	0.251455	0.602990	0.192539	0.578662	0.543256	0.390029	0.627229	0.587629	0.617845	0.627606	0.457143	0.635430	0.640199	0.420610	0.336656	0.647372	0.487026	0.632466	0.311166	0.615894	0.616013	0.522330	0.579787	0.630303	0.205360	0.475904	0.347635	0.617302	0.487606	0.638379	0.572727	0.635938	0.530923	0.507843	0.485514	0.499018	0.568610	0.575488	0.583715	0.067087	0.504505	0.552608	0.507812	0.629726	0.601340	0.647179	0.230860	0.633413	0.467480	0.638001	0.618743	0.538752	0.591890	0.563636	0.576786	0.177184	0.594737	0.482506	0.641212	0.588752	0.509766	0.621904	0.226682	0.427975	0.508487	0.316143	0.633663	0.529963	0.635600	0.480885	0.647441	0.510680	0.473205	0.604747	0.592140	0.407211	0.469512	0.635124	0.251045	0.507843	0.347524	0.331202	0.423480	0.594872	0.629573	0.592528	0.354874	0.564103	0.621581	0.619165	0.653903	0.644793	0.524590	0.442606	0.630553	0.479438	0.625291	0.617623	0.641860	0.381466	0.564857	0.249792	0.563355	0.636188	0.652720	0.604572	0.628800	0.644369	0.209774	0.332963	0.641298	0.603148	0.494467	0.615385	0.619241	0.630376	0.557621	0.633441	0.641854	0.510597	0.640466	0.588338	0.526070	0.332963	0.499506	0.281465	0.467955	0.488435	0.570136	0.499508	0.607595	0.619647	0.635799	0.630116	0.564323	0.651228	0.623032	0.243275	0.635077	0.630588	0.607959	0.612177	0.647472	0.613304	0.354874	0.428203	0.653465	0.642407	0.545961	0.628834	0.428779	0.618776	0.445361	0.398830	0.564663	0.635780	0.421826	0.588542	0.518794	0.267450	0.191338	0.538188	0.617343	0.417281	0.585626	0.632157	0.647672	0.327394	0.239156	0.627907	0.526012	0.505929	0.601639	0.548176	0.629973	0.489022	0.590510	0.141089	0.552363	0.270875	0.597246	0.443064	0.612745	0.551410	0.661922	0.646586	0.595398	0.434511	0.461224	0.628255	0.445820	0.643861	0.652372	0.410148	0.560731	0.652618	0.636095	0.228511	0.495050	1.000000	0.632166	0.368784	0.564428	0.567111	0.130688	0.582389	0.338496	0.412262	0.617913	0.541288	0.642098	0.583029	0.542563	0.046468	0.603679	0.534221	0.418507	0.479520	0.601196	0.518877	0.623327	0.572417	0.410582	0.871735	0.579892	0.646780	0.402128	0.607877	0.504840	0.628940	0.503511	0.639570	0.544256	0.442842	0.602431	0.325530	0.529412	0.519455	0.602904	0.630048	0.418507	0.621562	0.449485	0.291240	0.642035	0.445820	0.514174	0.281465	0.297132	0.642080	0.316143	0.489552	0.447423	0.654155	0.601516	0.632295	0.536585	0.529524	0.386681	0.489066	0.396607	0.360262	0.327394	0.383208	0.592267	0.639163	0.631825	0.618820	0.638066	0.639706	0.540643	0.655759	0.631497	0.579892	0.525813	0.614108	0.629189	0.174970	0.347635	0.533971	0.585841	0.637704	
0.580882	0.639196	0.594093	0.632385	0.527504	0.630861	0.600583	0.055285	0.641548	0.612529	0.604819	0.584488	0.597122	0.614319	0.620042	0.617402	0.643110	0.548168	0.597561	0.621181	0.487437	0.514410	0.618070	0.609125	0.616647	0.210768	0.608118	0.542636	0.562667	0.435125	0.422360	0.561265	0.603406	0.723135	0.528323	0.562189	0.637563	0.510279	0.494286	0.563758	0.638532	0.556231	0.546875	0.386059	0.586538	0.509859	0.538908	0.338960	0.630456	0.338585	0.607013	0.648148	0.403699	0.594779	0.551817	0.619768	0.542416	0.531856	0.544503	0.618625	0.399192	0.512894	0.654867	0.543448	0.614173	0.509186	0.538988	0.628755	0.544726	0.630962	0.620930	0.635934	0.428756	0.650343	0.620137	0.028885	0.570312	0.584662	0.426187	0.631478	0.566667	0.651835	0.523288	0.561210	0.589681	0.573608	0.642464	0.621315	0.305369	0.582900	0.139928	0.576441	0.636697	0.536054	0.605822	0.640523	0.203876	0.524862	0.641343	0.606557	0.619048	0.541436	0.638298	0.070708	0.635179	0.288136	0.605954	0.160623	0.477387	0.605023	0.396197	0.638672	0.488889	0.484848	0.614203	0.600583	0.154034	0.629508	0.523973	0.515323	0.350087	0.470024	0.299663	0.637730	0.068142	0.401305	0.618224	0.616323	0.612613	0.503401	0.407273	0.536557	0.520626	0.640693	0.584942	0.627497	0.279469	0.637205	0.471471	0.624601	0.638404	0.649798	0.647917	0.638723	0.646465	0.579795	0.624898	0.639504	0.267581	0.644186	0.590576	0.493547	0.595696	0.501433	0.521940	0.328455	0.613757	0.504323	0.613507	0.605769	0.332565	0.564815	0.296796	0.556266	0.582781	0.596811	0.585732	0.613960	0.639843	0.596527	0.553846	0.581973	0.645355	0.625850	0.531799	0.295149	0.554974	0.605619	0.647182	0.541353	0.545129	0.597598	0.318612	0.633306	0.491479	0.643545	0.632713	0.641182	0.636190	0.564728	0.486091	0.268975	0.618727	0.632479	0.570839	0.633094	0.624681	0.609169	0.655617	0.637135	0.460664	0.608284	0.641544	0.641170	0.636051	0.374721	0.576316	0.643750	0.624434	0.461467	0.585185	0.558940	0.623707	0.319468	0.584184	0.569571	0.632780	0.210504	0.583333	0.617197	0.381410	0.462236	0.586982	0.396389	0.571429	0.609455	0.516767	0.630458	0.619200	0.620047	0.352365	0.609603	0.273504	0.620930	0.579011	0.280166	0.651822	0.594771	0.643312	0.563767	0.547684	0.597561	0.597365	0.487943	0.441400	0.644799	0.571429	0.652830	0.220476	0.659044	0.640082	0.589286	0.632653	0.562141	0.142898	0.538667	0.461538	0.583184	0.373472	0.577644	0.627635	0.628627	0.593789	0.599483	0.564238	0.533679	0.605293	0.618182	0.496907	0.045613	0.398577	0.602125	0.580977	0.580745	0.632911	0.612245	0.325041	0.656834	0.550136	0.589831	0.535539	0.600985	0.635268	0.604215	0.594966	0.252595	0.648770	0.366606	0.586895	0.621076	0.578406	0.560153	0.319468	0.516854	0.397939	0.421053	0.612933	0.559611	0.628410	0.561497	0.645048	0.571429	0.565276	0.536643	0.631813	0.516499	0.552846	0.629371	0.176050	0.599483	0.247792	0.235486	0.525424	0.610390	0.641651	0.640884	0.458771	0.621749	0.600000	0.633846	0.642086	0.612457	0.586599	0.543689	0.556250	0.572570	0.588686	0.619576	0.643678	0.489736	0.608799	0.175134	0.582844	0.605968	0.629630	0.639572	0.655378	0.621821	0.296796	0.433588	0.608696	0.630593	0.381708	0.629098	0.565854	0.560654	0.609639	0.653307	0.623090	0.540404	0.629433	0.631229	0.426850	0.442748	0.584094	0.388535	0.559023	0.374907	0.623981	0.562905	0.626198	0.632804	0.579672	0.646330	0.480217	0.642918	0.653486	0.341544	0.600435	0.633625	0.648128	0.646380	0.629881	0.536494	0.464768	0.311440	0.642123	0.623838	0.601685	0.640832	0.315526	0.631256	0.516575	0.287340	0.607981	0.618842	0.523338	0.644592	0.412946	0.188082	0.132825	0.434897	0.638971	0.509246	0.612940	0.641399	0.626991	0.432515	0.336079	0.632184	0.590909	0.579634	0.607803	0.602673	0.563877	0.558201	0.634529	0.202847	0.626651	0.190602	0.639738	0.530556	0.635992	0.574443	0.643658	0.618590	0.510870	0.539106	0.539510	0.568313	0.520055	0.599569	0.610982	0.508571	0.607774	0.613636	0.634720	0.159633	0.570681	0.632166	1.000000	0.264675	0.466761	0.618885	0.089802	0.610433	0.443769	0.517143	0.634398	0.434136	0.628326	0.492292	0.619684	0.031487	0.640000	0.588089	0.502128	0.566887	0.646486	0.564168	0.578987	0.474117	0.509299	0.595802	0.629032	0.623271	0.507205	0.642082	0.397169	0.582609	0.388163	0.569026	0.593137	0.540690	0.629139	0.442396	0.574257	0.578005	0.631351	0.637097	0.487943	0.555980	0.535912	0.401264	0.596441	0.536653	0.584299	0.382166	0.210023	0.582386	0.430341	0.579710	0.530387	0.627608	0.616366	0.570112	0.427043	0.579602	0.490511	0.568421	0.286444	0.471642	0.441718	0.491947	0.641256	0.599419	0.637066	0.652778	0.576295	0.640934	0.618227	0.628705	0.653883	0.629032	0.600000	0.642336	0.561097	0.249567	0.458522	0.605757	0.649321	0.659636	
0.171728	0.257827	0.340767	0.219892	0.116074	0.335763	0.411680	0.314211	0.251848	0.194656	0.178768	0.432471	0.180769	0.196623	0.240701	0.183265	0.318436	0.130962	0.173745	0.251848	0.542535	0.518407	0.248148	0.169201	0.190216	0.591998	0.402307	0.150279	0.137795	0.578214	0.080580	0.142496	0.174752	0.159021	0.515145	0.165651	0.253231	0.530300	0.111238	0.210270	0.300308	0.385735	0.487696	0.588148	0.179769	0.116610	0.496908	0.601248	0.274173	0.634997	0.177264	0.247221	0.605706	0.203960	0.134122	0.314584	0.152344	0.123016	0.145098	0.214132	0.577542	0.110160	0.317581	0.124611	0.374877	0.534494	0.127792	0.228464	0.137271	0.344914	0.193672	0.186747	0.583350	0.269663	0.200543	0.175315	0.147174	0.389522	0.580595	0.279106	0.153374	0.212686	0.127262	0.428638	0.170718	0.388632	0.217497	0.204447	0.053498	0.399904	0.556464	0.162597	0.300308	0.129907	0.374295	0.291978	0.625000	0.124079	0.318436	0.190710	0.224665	0.124079	0.232248	0.387010	0.357957	0.050059	0.322695	0.587640	0.529608	0.201521	0.073320	0.271018	0.097673	0.107459	0.279106	0.407851	0.592759	0.220371	0.506362	0.498687	0.626603	0.561439	0.052353	0.346154	0.375312	0.575124	0.197114	0.389604	0.207363	0.129907	0.593827	0.507594	0.112853	0.224665	0.276419	0.189226	0.653271	0.247685	0.092742	0.368162	0.348217	0.254613	0.241636	0.261029	0.299872	0.406999	0.358860	0.317154	0.046031	0.193672	0.239298	0.530888	0.204934	0.110160	0.503746	0.636967	0.234604	0.108000	0.358860	0.179769	0.636659	0.448356	0.051780	0.460870	0.451344	0.202497	0.163107	0.421378	0.268758	0.250462	0.482058	0.418505	0.260573	0.337017	0.477451	0.604689	0.145098	0.242102	0.240701	0.431483	0.488948	0.394393	0.599063	0.354783	0.502919	0.277315	0.269663	0.326510	0.282676	0.289773	0.102035	0.645024	0.397006	0.230358	0.433803	0.247685	0.336599	0.380650	0.298561	0.287561	0.557771	0.186250	0.299435	0.207848	0.199075	0.618268	0.143017	0.241636	0.205420	0.572581	0.168695	0.140410	0.369678	0.056355	0.155432	0.456262	0.243501	0.622567	0.460617	0.188235	0.069388	0.090542	0.186250	0.589092	0.166159	0.412342	0.525405	0.231776	0.366864	0.192686	0.063176	0.240701	0.047184	0.193672	0.178267	0.637654	0.254613	0.221805	0.233191	0.456747	0.129379	0.389509	0.410355	0.113928	0.087785	0.290214	0.140932	0.287118	0.625423	0.242569	0.250000	0.155432	0.204447	0.468571	0.575653	0.137795	0.091093	0.312436	0.600545	0.394781	0.190710	0.275521	0.166159	0.150279	0.140410	0.149245	0.198095	0.203473	0.527181	0.265421	0.603187	0.187243	0.152344	0.380068	0.236015	0.357231	0.057495	0.267852	0.131490	0.443354	0.473637	0.169707	0.219414	0.190710	0.200543	0.043144	0.210270	0.628304	0.421853	0.209302	0.152344	0.461960	0.056355	0.117681	0.585100	0.081692	0.290214	0.174752	0.288447	0.136747	0.322270	0.155432	0.134122	0.501556	0.212686	0.109620	0.131490	0.260573	0.608685	0.150279	0.610578	0.630867	0.115538	0.224665	0.289773	0.215575	0.093291	0.186747	0.291538	0.248611	0.309852	0.328622	0.159021	0.122484	0.470722	0.138319	0.279553	0.255992	0.280000	0.101491	0.184261	0.620320	0.189226	0.388524	0.342013	0.229885	0.261942	0.354783	0.051780	0.086680	0.405957	0.242102	0.611886	0.249075	0.358276	0.474414	0.178768	0.259201	0.337851	0.159533	0.316726	0.214613	0.570370	0.086680	0.146655	0.071637	0.130962	0.605455	0.193179	0.148728	0.231776	0.234604	0.458093	0.282231	0.502688	0.338269	0.242102	0.060908	0.412903	0.273272	0.229885	0.238361	0.337851	0.467680	0.093291	0.637791	0.333669	0.339433	0.179269	0.286232	0.612286	0.250462	0.124079	0.634393	0.189721	0.329044	0.115001	0.216056	0.595769	0.593689	0.562536	0.573226	0.265130	0.112853	0.203960	0.273272	0.344086	0.085020	0.059771	0.280000	0.159533	0.146137	0.248148	0.175255	0.472355	0.140932	0.209302	0.033848	0.180269	0.620605	0.220849	0.121951	0.250000	0.190216	0.329887	0.366552	0.523031	0.119818	0.129379	0.465979	0.123548	0.416011	0.383020	0.111238	0.188235	0.392632	0.307260	0.595204	0.145098	0.368784	0.264675	1.000000	0.570327	0.202985	0.459261	0.213650	0.088337	0.111238	0.246757	0.584168	0.332410	0.537037	0.175255	0.189835	0.236954	0.166667	0.113928	0.140410	0.225141	0.156972	0.391862	0.560640	0.110699	0.440346	0.197605	0.358860	0.108000	0.223712	0.604599	0.326087	0.600592	0.425703	0.171728	0.124611	0.216056	0.084466	0.167681	0.154404	0.225141	0.256451	0.113928	0.466423	0.124079	0.074440	0.421753	0.123548	0.151828	0.071637	0.638214	0.420028	0.081692	0.142496	0.124079	0.365745	0.232720	0.455029	0.588761	0.165651	0.103122	0.143017	0.612761	0.094937	0.085020	0.102035	0.209302	0.411568	0.276419	0.263765	0.419929	0.310714	0.169707	0.378669	0.279553	0.197605	0.163616	0.241169	0.477098	0.042566	0.091093	0.163107	0.205420	0.279553	
0.322782	0.457740	0.532230	0.402963	0.224176	0.531524	0.587193	0.166770	0.448161	0.361885	0.334879	0.602740	0.338303	0.365200	0.431126	0.342564	0.523406	0.251082	0.326256	0.449116	0.651403	0.642712	0.444125	0.318418	0.354379	0.494664	0.579886	0.285411	0.263299	0.640000	0.158405	0.271658	0.327988	0.300736	0.651002	0.312272	0.447519	0.652926	0.215351	0.386035	0.503408	0.555418	0.623423	0.626008	0.336593	0.225151	0.635369	0.598576	0.473389	0.613581	0.332301	0.441671	0.623124	0.377510	0.256742	0.518353	0.289042	0.236770	0.276267	0.392449	0.617959	0.213378	0.520303	0.239651	0.561949	0.648541	0.245385	0.415076	0.262366	0.541197	0.360223	0.348493	0.636575	0.470919	0.371788	0.089586	0.279936	0.565898	0.647332	0.478402	0.290851	0.391045	0.244432	0.584795	0.321039	0.559042	0.400000	0.378324	0.106620	0.570847	0.386841	0.306967	0.499773	0.249187	0.560873	0.496792	0.500247	0.238692	0.522514	0.355216	0.407862	0.238692	0.421258	0.209938	0.553228	0.099941	0.517532	0.423030	0.632699	0.373427	0.144661	0.473068	0.190370	0.208426	0.474686	0.587998	0.417580	0.403751	0.632204	0.632788	0.622122	0.642053	0.104399	0.546557	0.202849	0.622509	0.366026	0.577209	0.382191	0.249187	0.634133	0.639747	0.218302	0.409828	0.464835	0.352701	0.584974	0.441459	0.181204	0.551841	0.541919	0.448785	0.433607	0.458116	0.501818	0.581348	0.549573	0.522321	0.092090	0.360223	0.425944	0.633202	0.377131	0.213378	0.626803	0.617774	0.422179	0.209418	0.549573	0.336593	0.620058	0.605414	0.103286	0.613084	0.617322	0.374057	0.307853	0.596421	0.473239	0.440191	0.624269	0.592857	0.458333	0.529952	0.619841	0.574895	0.276267	0.432432	0.430159	0.593629	0.636494	0.576341	0.582107	0.551931	0.615017	0.481154	0.470919	0.530504	0.486812	0.485071	0.198439	0.574188	0.587081	0.418173	0.603509	0.442418	0.536308	0.561301	0.502503	0.489871	0.635827	0.347648	0.499318	0.384000	0.369324	0.631939	0.272582	0.431676	0.379950	0.652986	0.317543	0.267953	0.562500	0.112150	0.294459	0.613062	0.436627	0.503639	0.614280	0.351020	0.137176	0.177101	0.347648	0.624214	0.313152	0.596943	0.636860	0.417561	0.552308	0.358558	0.125290	0.430159	0.094340	0.360223	0.334021	0.585666	0.452596	0.401183	0.422796	0.613636	0.248238	0.580272	0.588615	0.220264	0.171946	0.489440	0.268881	0.491939	0.515460	0.438977	0.448061	0.294459	0.378324	0.631343	0.393691	0.263299	0.178129	0.507851	0.622572	0.573650	0.355216	0.475524	0.313152	0.285411	0.267953	0.283590	0.367677	0.376695	0.635857	0.138987	0.635714	0.349336	0.289042	0.561901	0.428363	0.549658	0.114352	0.468045	0.252028	0.614076	0.615385	0.319293	0.400198	0.355216	0.370781	0.086442	0.387032	0.639421	0.595626	0.385422	0.289042	0.606264	0.112150	0.227098	0.621354	0.160501	0.487603	0.327988	0.487580	0.261431	0.523979	0.294459	0.256742	0.625758	0.391045	0.212389	0.252028	0.454545	0.454147	0.285411	0.539040	0.540000	0.223200	0.409828	0.490583	0.396825	0.182227	0.348493	0.492435	0.441994	0.518219	0.524041	0.300736	0.235808	0.622648	0.264232	0.475395	0.450999	0.478886	0.197434	0.344262	0.458854	0.352701	0.573201	0.544585	0.417400	0.461466	0.551931	0.103286	0.169875	0.594814	0.434363	0.641469	0.440824	0.533106	0.623242	0.334879	0.457089	0.541721	0.301629	0.516302	0.395233	0.629985	0.169875	0.279020	0.141461	0.251082	0.634954	0.359391	0.282678	0.417561	0.423152	0.624431	0.484259	0.607578	0.537118	0.436293	0.120930	0.580723	0.472897	0.417400	0.431202	0.539100	0.615328	0.182227	0.610014	0.536200	0.533566	0.335736	0.491471	0.591373	0.441148	0.238692	0.588413	0.353540	0.529982	0.222222	0.396629	0.650338	0.474618	0.370855	0.637972	0.464656	0.218302	0.377510	0.470093	0.542535	0.166761	0.118743	0.486311	0.301629	0.278103	0.440288	0.328852	0.631852	0.268881	0.386420	0.068141	0.337449	0.482683	0.402565	0.234844	0.447104	0.354379	0.533921	0.562103	0.640461	0.230980	0.248238	0.623221	0.237732	0.594724	0.573211	0.215351	0.351020	0.581654	0.508796	0.427265	0.276267	0.564428	0.466761	0.570327	1.000000	0.374874	0.261531	0.393638	0.172979	0.215351	0.441883	0.643110	0.543058	0.641806	0.328852	0.097385	0.426977	0.314032	0.220264	0.267953	0.410609	0.297155	0.564503	0.654500	0.214365	0.612056	0.366852	0.559829	0.209418	0.407280	0.649152	0.510394	0.635605	0.591017	0.322782	0.239651	0.397620	0.165721	0.315789	0.292657	0.410609	0.455540	0.220264	0.619456	0.238692	0.146789	0.600954	0.237732	0.288136	0.141461	0.509797	0.590711	0.160501	0.271658	0.238692	0.560034	0.420078	0.620532	0.643271	0.312272	0.200445	0.272582	0.573215	0.185289	0.166761	0.198439	0.386420	0.590599	0.476013	0.463426	0.596825	0.516854	0.319293	0.567489	0.481894	0.366852	0.308739	0.433816	0.625414	0.085308	0.178129	0.307853	0.379950	0.478180	
0.595620	0.606481	0.569260	0.623244	0.550173	0.573896	0.520548	0.041239	0.634548	0.626539	0.618026	0.525514	0.614509	0.617687	0.631197	0.627119	0.595405	0.587459	0.626996	0.618096	0.402367	0.429742	0.631079	0.626471	0.620499	0.160481	0.545752	0.584759	0.584814	0.346617	0.487329	0.592357	0.625181	0.603030	0.439467	0.609212	0.632319	0.421291	0.558875	0.613368	0.600626	0.550211	0.470972	0.301613	0.610556	0.559585	0.460088	0.264218	0.617778	0.262272	0.617816	0.604043	0.317487	0.618667	0.575163	0.592742	0.599691	0.565144	0.597156	0.638132	0.319113	0.525573	0.598599	0.599327	0.567164	0.417136	0.536667	0.619226	0.582524	0.580827	0.622771	0.618182	0.341241	0.620225	0.616420	0.021473	0.612245	0.548061	0.339075	0.603732	0.610169	0.622396	0.560935	0.520030	0.635432	0.555932	0.629820	0.625832	0.378495	0.551895	0.105545	0.599700	0.625652	0.556291	0.570175	0.600000	0.155090	0.563238	0.589411	0.627939	0.630517	0.573356	0.630408	0.052851	0.577940	0.366013	0.589515	0.121488	0.399139	0.636242	0.464000	0.618141	0.529412	0.537367	0.599341	0.530218	0.116402	0.619898	0.455275	0.445126	0.271605	0.381781	0.362851	0.577320	0.050916	0.322275	0.616848	0.559322	0.626156	0.582781	0.319113	0.460772	0.545455	0.607818	0.609945	0.627778	0.214757	0.605701	0.538318	0.569135	0.587687	0.625438	0.622437	0.622273	0.611691	0.531174	0.570128	0.577154	0.340708	0.639232	0.616505	0.414175	0.625000	0.539683	0.440974	0.254076	0.626536	0.568384	0.571949	0.656205	0.257398	0.514120	0.380952	0.495464	0.507614	0.629183	0.616766	0.537313	0.612613	0.615566	0.483266	0.524257	0.655172	0.581818	0.468421	0.227287	0.616114	0.628916	0.643289	0.510511	0.469520	0.556203	0.246134	0.571691	0.432464	0.615215	0.631461	0.574510	0.607182	0.596791	0.539855	0.206402	0.543189	0.631056	0.520030	0.617577	0.584291	0.558824	0.586387	0.595699	0.377969	0.624650	0.610240	0.643799	0.632432	0.292302	0.597774	0.624849	0.621514	0.368759	0.612666	0.599359	0.573712	0.391489	0.621746	0.507463	0.602641	0.160274	0.499644	0.621170	0.450304	0.508475	0.610644	0.309475	0.593472	0.540193	0.438389	0.626238	0.566577	0.616231	0.431535	0.619105	0.352423	0.636488	0.613181	0.215314	0.611435	0.630241	0.638718	0.499285	0.597015	0.540220	0.542510	0.560976	0.505703	0.602564	0.592000	0.602799	0.168090	0.625752	0.599764	0.597243	0.620506	0.499305	0.107828	0.571890	0.515038	0.579534	0.291277	0.542429	0.644537	0.613511	0.626113	0.618974	0.605769	0.608424	0.636856	0.630174	0.413488	0.033981	0.311927	0.614525	0.618238	0.551426	0.611995	0.588665	0.406780	0.616253	0.576606	0.511905	0.479680	0.625551	0.634271	0.614108	0.635262	0.322148	0.642202	0.285061	0.527887	0.643890	0.596600	0.494444	0.395745	0.547332	0.312709	0.500971	0.615385	0.630970	0.603004	0.586710	0.601980	0.606432	0.568627	0.458680	0.609375	0.558304	0.566722	0.616092	0.133428	0.618974	0.189607	0.179894	0.571924	0.633039	0.620321	0.648579	0.533582	0.637762	0.615548	0.627962	0.605505	0.599024	0.609091	0.566102	0.484683	0.593548	0.631579	0.620930	0.604600	0.537205	0.622535	0.132718	0.616667	0.556122	0.582781	0.626866	0.623139	0.579044	0.380952	0.500000	0.539967	0.633735	0.297416	0.641420	0.555050	0.484932	0.626609	0.618224	0.590258	0.605144	0.609829	0.639896	0.341085	0.496183	0.616352	0.454728	0.584158	0.291845	0.615385	0.603125	0.646040	0.619165	0.499283	0.620915	0.418903	0.582061	0.609639	0.418410	0.546474	0.634744	0.631841	0.625304	0.592168	0.480978	0.518657	0.240360	0.586307	0.581749	0.640000	0.604099	0.243648	0.622642	0.583474	0.221040	0.618585	0.578947	0.559028	0.624516	0.323810	0.142775	0.100094	0.347907	0.618182	0.552448	0.621333	0.616927	0.581921	0.499040	0.411765	0.602410	0.620272	0.595276	0.600237	0.615607	0.488340	0.576000	0.614980	0.264501	0.635328	0.144737	0.629299	0.560272	0.613932	0.623269	0.597276	0.580125	0.431831	0.557265	0.573798	0.497199	0.547297	0.544444	0.564544	0.541301	0.626741	0.556770	0.574359	0.120723	0.609795	0.567111	0.618885	0.202985	0.374874	1.000000	0.067290	0.620779	0.512334	0.537786	0.630952	0.347261	0.584139	0.412121	0.630058	0.023415	0.620269	0.631111	0.550523	0.592949	0.629723	0.567073	0.545302	0.386364	0.580986	0.515602	0.640434	0.566485	0.547069	0.621997	0.310116	0.577036	0.302711	0.529321	0.610219	0.589226	0.614194	0.492308	0.611521	0.592934	0.612091	0.650407	0.564460	0.489938	0.576728	0.470120	0.532182	0.567568	0.582043	0.462777	0.159897	0.513704	0.473786	0.601911	0.573356	0.597309	0.622222	0.507205	0.339075	0.582467	0.537906	0.591415	0.220324	0.523191	0.491363	0.525362	0.630749	0.537289	0.612155	0.618016	0.527387	0.608342	0.625551	0.569939	0.605263	0.637720	0.594918	0.637681	0.484725	0.322870	0.496241	0.622754	0.621514	0.631579	
0.056274	0.087251	0.119068	0.073357	0.037274	0.117090	0.149367	0.603031	0.085034	0.064330	0.058733	0.160774	0.059435	0.065027	0.080929	0.060311	0.110300	0.042282	0.056977	0.085034	0.242905	0.220934	0.083668	0.055395	0.062759	0.506221	0.146653	0.048860	0.044598	0.284848	0.025549	0.046199	0.057329	0.051868	0.212646	0.054162	0.085546	0.229438	0.035659	0.069895	0.103293	0.140396	0.194774	0.327833	0.059084	0.037453	0.203529	0.370937	0.093362	0.374887	0.058207	0.083326	0.311537	0.067638	0.043352	0.108803	0.049569	0.039602	0.047087	0.071281	0.309943	0.035299	0.109967	0.040139	0.132963	0.230605	0.041211	0.076462	0.044420	0.120714	0.063981	0.061536	0.289490	0.091668	0.066421	0.462447	0.047796	0.140557	0.291395	0.095221	0.049923	0.070761	0.041032	0.162347	0.055923	0.139591	0.072492	0.067812	0.016801	0.145053	0.606588	0.053104	0.103293	0.041925	0.133125	0.100106	0.537029	0.039960	0.110300	0.062934	0.075083	0.039960	0.077838	0.632845	0.126123	0.015701	0.111961	0.575855	0.242905	0.066769	0.023187	0.092177	0.031158	0.034401	0.095221	0.149367	0.602001	0.073529	0.208024	0.209517	0.362750	0.256452	0.016434	0.121207	0.633864	0.306880	0.065202	0.139591	0.068854	0.041925	0.309943	0.205779	0.036197	0.075083	0.094207	0.062410	0.440979	0.083497	0.029533	0.130037	0.122028	0.086058	0.081272	0.088442	0.103126	0.148410	0.126286	0.109801	0.014418	0.063981	0.080415	0.235255	0.067986	0.035299	0.205030	0.385968	0.078698	0.034581	0.126286	0.059084	0.381196	0.171419	0.016251	0.179476	0.171108	0.067117	0.053280	0.154454	0.091329	0.084522	0.188838	0.155246	0.088272	0.117585	0.192799	0.414232	0.047087	0.081443	0.080929	0.163761	0.196138	0.142968	0.391736	0.124651	0.217983	0.094545	0.091668	0.113453	0.096571	0.099266	0.032601	0.453259	0.143450	0.077150	0.162347	0.083497	0.117420	0.135717	0.102623	0.098424	0.259982	0.061361	0.102958	0.069028	0.065898	0.338052	0.046376	0.081272	0.068159	0.266161	0.055219	0.045488	0.130851	0.017715	0.050631	0.175456	0.081957	0.522115	0.175147	0.062060	0.021913	0.028810	0.061361	0.319593	0.054338	0.149845	0.217983	0.077666	0.129712	0.063632	0.019908	0.080929	0.014785	0.063981	0.058558	0.435631	0.086058	0.074048	0.078182	0.174061	0.041746	0.139752	0.148410	0.036556	0.027905	0.099434	0.045665	0.098256	0.511270	0.081614	0.084351	0.050631	0.067812	0.180247	0.608495	0.044598	0.028991	0.107970	0.339208	0.143129	0.062934	0.093869	0.054338	0.048860	0.045488	0.048506	0.065550	0.067464	0.235690	0.574552	0.317092	0.061711	0.049569	0.135879	0.079213	0.125633	0.018081	0.090990	0.042460	0.165642	0.189906	0.055571	0.073184	0.062934	0.066421	0.013500	0.069895	0.346367	0.154454	0.069548	0.049569	0.180556	0.017715	0.037812	0.316301	0.025912	0.099434	0.057329	0.098761	0.044242	0.111795	0.050631	0.043352	0.199011	0.070761	0.035120	0.042460	0.088272	0.571929	0.048860	0.465172	0.485750	0.037095	0.075083	0.099266	0.071800	0.029714	0.061536	0.099938	0.083839	0.106970	0.114281	0.051868	0.039423	0.185013	0.044776	0.095390	0.086569	0.095559	0.032421	0.060661	0.569483	0.062410	0.138947	0.119562	0.076978	0.088782	0.124651	0.016251	0.027543	0.146973	0.081443	0.332376	0.084010	0.126450	0.183632	0.058733	0.087761	0.117915	0.052045	0.109635	0.071454	0.289627	0.027543	0.047619	0.022642	0.042282	0.338566	0.063807	0.048328	0.077666	0.078698	0.173440	0.096403	0.221818	0.118080	0.081443	0.019178	0.150482	0.093023	0.076978	0.080071	0.117915	0.185473	0.029714	0.403709	0.116265	0.118739	0.058909	0.097919	0.397232	0.084522	0.039960	0.431646	0.062585	0.114446	0.036915	0.071973	0.305411	0.537707	0.618799	0.283751	0.089972	0.036197	0.067638	0.093023	0.120385	0.027000	0.018812	0.095559	0.052045	0.047442	0.083668	0.057505	0.183325	0.045665	0.069548	0.010557	0.059259	0.549434	0.073702	0.039244	0.084351	0.062759	0.114777	0.129386	0.221081	0.038528	0.041746	0.178705	0.039781	0.152391	0.136687	0.035659	0.062060	0.141040	0.105968	0.589109	0.047087	0.130688	0.089802	0.459261	0.261531	0.067290	1.000000	0.071108	0.028086	0.035659	0.083155	0.284300	0.115769	0.236559	0.057505	0.484331	0.079557	0.054514	0.036556	0.045488	0.075255	0.051161	0.141522	0.253901	0.035479	0.165955	0.065376	0.126286	0.034581	0.074738	0.318936	0.113287	0.326661	0.158093	0.056274	0.040139	0.071973	0.026819	0.054866	0.050277	0.075255	0.086740	0.036556	0.180710	0.039960	0.023551	0.154613	0.039781	0.049392	0.022642	0.526652	0.155088	0.025912	0.046199	0.039960	0.129060	0.078010	0.172508	0.291395	0.054162	0.032961	0.046376	0.424181	0.030256	0.027000	0.032601	0.069548	0.150323	0.094207	0.089462	0.155246	0.107303	0.055571	0.134908	0.095390	0.065376	0.053457	0.081100	0.185626	0.013316	0.028991	0.053280	0.068159	0.095390	
0.611033	0.641084	0.555762	0.631056	0.570000	0.605263	0.530483	0.043612	0.634593	0.640106	0.638003	0.537828	0.628966	0.636724	0.640754	0.616438	0.600196	0.608280	0.621660	0.634593	0.418926	0.453179	0.617341	0.615385	0.642473	0.169122	0.563403	0.640602	0.589704	0.363303	0.478505	0.596923	0.617111	0.615836	0.450418	0.635971	0.632420	0.438479	0.575296	0.634395	0.615698	0.548467	0.488746	0.316547	0.633472	0.582363	0.472412	0.277603	0.613883	0.275574	0.615599	0.628042	0.333053	0.624352	0.596215	0.599606	0.642750	0.597064	0.607634	0.653216	0.334742	0.536503	0.599412	0.590909	0.587425	0.429844	0.562701	0.634265	0.609375	0.585635	0.641811	0.624152	0.357724	0.625000	0.640523	0.022721	0.610015	0.576159	0.355476	0.613076	0.614009	0.602532	0.576490	0.541264	0.624113	0.564060	0.617500	0.641656	0.373717	0.561489	0.111408	0.621190	0.617737	0.613419	0.595525	0.609148	0.163467	0.582114	0.578690	0.620134	0.633129	0.582114	0.647413	0.055873	0.582663	0.353430	0.619555	0.128176	0.408293	0.651890	0.463602	0.620765	0.530035	0.554795	0.625938	0.554236	0.122829	0.640199	0.467438	0.469449	0.285303	0.398785	0.362887	0.585859	0.053830	0.338028	0.638522	0.562396	0.662388	0.575080	0.334742	0.471744	0.545455	0.620859	0.638619	0.633423	0.225963	0.622685	0.535009	0.566929	0.575868	0.634812	0.601645	0.602464	0.614286	0.556881	0.589286	0.586275	0.329114	0.593875	0.638298	0.431072	0.651163	0.556876	0.448552	0.267026	0.638756	0.564103	0.582143	0.616874	0.270492	0.527441	0.363636	0.508591	0.511064	0.657997	0.611594	0.532819	0.606593	0.632184	0.486807	0.547692	0.616592	0.590440	0.485084	0.239058	0.619847	0.633803	0.591284	0.525849	0.485934	0.560916	0.258739	0.576577	0.449123	0.592034	0.633772	0.564299	0.620616	0.603971	0.536585	0.217224	0.541599	0.662636	0.541264	0.629630	0.585366	0.565365	0.607984	0.609244	0.394803	0.616848	0.618999	0.615385	0.627297	0.306858	0.611367	0.627497	0.624516	0.385330	0.621969	0.603715	0.566202	0.390244	0.613333	0.519244	0.624561	0.168906	0.517169	0.632432	0.446602	0.517179	0.652174	0.324723	0.626437	0.540284	0.450292	0.645783	0.557406	0.635514	0.424603	0.647821	0.336134	0.617843	0.630556	0.226545	0.623436	0.660074	0.648259	0.508451	0.585600	0.558603	0.547335	0.557047	0.521898	0.615866	0.602782	0.599369	0.177102	0.607268	0.616801	0.616296	0.636481	0.497260	0.113809	0.595944	0.519856	0.590684	0.305792	0.576797	0.630872	0.629189	0.609195	0.595489	0.600619	0.621418	0.652632	0.609598	0.430366	0.035944	0.327273	0.653117	0.603886	0.586938	0.631704	0.566308	0.388664	0.627753	0.575517	0.519766	0.495076	0.625889	0.624378	0.652349	0.645752	0.311301	0.601274	0.299320	0.531274	0.636015	0.627803	0.515732	0.390244	0.570481	0.328086	0.502793	0.630480	0.628331	0.633124	0.597809	0.606589	0.616296	0.602524	0.471257	0.632911	0.551020	0.588235	0.632287	0.140725	0.595489	0.199647	0.189474	0.570952	0.645399	0.624869	0.610553	0.512545	0.594301	0.620187	0.651270	0.608175	0.615091	0.618768	0.568627	0.504359	0.607477	0.633833	0.643991	0.628877	0.537522	0.650273	0.139979	0.657682	0.552588	0.583874	0.622276	0.616760	0.576577	0.363636	0.505495	0.544872	0.622066	0.312180	0.643599	0.586976	0.503374	0.615811	0.618673	0.598690	0.626647	0.622179	0.604534	0.357562	0.494505	0.610942	0.458574	0.576433	0.306383	0.626667	0.634441	0.616867	0.631579	0.507062	0.610638	0.437788	0.581308	0.626761	0.408000	0.549606	0.636957	0.622276	0.609005	0.576239	0.500669	0.534050	0.252712	0.591124	0.607076	0.628809	0.592202	0.256145	0.641379	0.582114	0.232531	0.643338	0.597328	0.555184	0.634881	0.339623	0.150542	0.105670	0.364641	0.629712	0.565657	0.632124	0.602174	0.594096	0.497238	0.401606	0.607487	0.614934	0.605784	0.658960	0.627451	0.505405	0.612056	0.633461	0.251656	0.610497	0.152601	0.624535	0.566285	0.621404	0.647849	0.580952	0.567164	0.442519	0.589786	0.604800	0.499310	0.543974	0.552262	0.574324	0.571912	0.621622	0.558216	0.581745	0.127372	0.610687	0.582389	0.610433	0.213650	0.393638	0.620779	0.071108	1.000000	0.520947	0.561760	0.635731	0.363971	0.583333	0.426783	0.605042	0.024775	0.623068	0.596844	0.553691	0.606811	0.617647	0.613569	0.555189	0.402451	0.566102	0.535088	0.693017	0.562500	0.529915	0.644526	0.325390	0.614793	0.317690	0.540212	0.625177	0.568182	0.629862	0.490775	0.626609	0.606241	0.622549	0.634202	0.573826	0.498975	0.556098	0.461832	0.535494	0.576547	0.595808	0.450867	0.168511	0.551193	0.480447	0.596923	0.565854	0.580475	0.641827	0.517730	0.355476	0.612950	0.555556	0.592934	0.231782	0.513369	0.504604	0.543554	0.633461	0.557920	0.632147	0.609566	0.541538	0.593035	0.608819	0.571185	0.608137	0.637681	0.642547	0.616471	0.496321	0.307692	0.509025	0.614493	0.614194	0.638116	
0.538793	0.454121	0.362545	0.498221	0.599440	0.372716	0.300000	0.017079	0.466667	0.537255	0.560669	0.280220	0.560166	0.536965	0.485149	0.525667	0.389744	0.607792	0.572650	0.463492	0.186813	0.205783	0.466238	0.566449	0.546906	0.068919	0.305085	0.587678	0.603015	0.157976	0.643836	0.584767	0.570213	0.560364	0.213836	0.553097	0.477093	0.198058	0.660920	0.509225	0.414634	0.317427	0.233232	0.135458	0.541667	0.631285	0.223358	0.117241	0.438881	0.116306	0.547368	0.467742	0.143326	0.517958	0.624041	0.389105	0.582160	0.600000	0.587379	0.523636	0.144136	0.572254	0.393316	0.632708	0.333333	0.197038	0.559367	0.500000	0.599496	0.362989	0.539370	0.514170	0.155251	0.448430	0.536398	0.008840	0.586538	0.317098	0.154156	0.431884	0.598131	0.500914	0.656085	0.277677	0.571429	0.319082	0.488330	0.528302	0.581967	0.308157	0.044567	0.573991	0.411924	0.600522	0.332971	0.414465	0.066493	0.612903	0.389744	0.517928	0.493007	0.607527	0.506803	0.021964	0.349315	0.571429	0.387342	0.051550	0.186813	0.541985	0.645161	0.449405	0.613003	0.674487	0.431884	0.300000	0.049315	0.504440	0.218571	0.217021	0.120805	0.176572	0.553719	0.361702	0.021147	0.145714	0.535922	0.319082	0.537313	0.621410	0.144136	0.220939	0.626781	0.493007	0.441520	0.529058	0.093807	0.473430	0.643312	0.340000	0.359577	0.455975	0.463816	0.443077	0.407056	0.301775	0.348917	0.391248	0.580087	0.507874	0.467662	0.193060	0.527307	0.641618	0.221739	0.112376	0.495784	0.608187	0.348917	0.558333	0.113966	0.263793	0.597510	0.252475	0.264249	0.520913	0.581655	0.290875	0.434783	0.465710	0.240377	0.289499	0.449923	0.371359	0.235566	0.099674	0.626214	0.489327	0.468647	0.275428	0.231643	0.312245	0.108588	0.352941	0.208589	0.434402	0.451420	0.380476	0.429799	0.417367	0.604230	0.089921	0.311292	0.496575	0.277677	0.466989	0.369380	0.327273	0.414169	0.428773	0.174061	0.535497	0.410326	0.510242	0.539499	0.130881	0.602941	0.460526	0.507519	0.169811	0.567686	0.590571	0.338122	0.562249	0.560185	0.258010	0.473856	0.068826	0.258446	0.531187	0.617647	0.632258	0.543611	0.139344	0.560706	0.299120	0.208589	0.490630	0.338530	0.533597	0.590038	0.485149	0.523605	0.543307	0.553459	0.094067	0.465409	0.512367	0.491525	0.259983	0.612565	0.318750	0.301775	0.594901	0.629508	0.419580	0.564356	0.420904	0.072358	0.478689	0.472843	0.578704	0.520755	0.251438	0.045563	0.628141	0.643087	0.394256	0.130379	0.311927	0.537849	0.439883	0.560706	0.578199	0.615385	0.600000	0.522244	0.503788	0.192695	0.014042	0.140560	0.557576	0.582160	0.326923	0.473154	0.348225	0.613546	0.448120	0.601036	0.272484	0.239063	0.565217	0.502674	0.529880	0.532567	0.539823	0.494465	0.127341	0.290875	0.511111	0.582160	0.251025	0.602410	0.616667	0.140949	0.646259	0.422378	0.561702	0.427567	0.590909	0.387833	0.574074	0.583120	0.228358	0.515539	0.626087	0.575130	0.459168	0.056825	0.578199	0.082170	0.077724	0.629213	0.496503	0.411765	0.502712	0.609524	0.518219	0.417827	0.478331	0.397368	0.380597	0.569476	0.607046	0.245192	0.601504	0.437048	0.463224	0.433526	0.606061	0.572597	0.056510	0.549098	0.320419	0.366029	0.497427	0.453988	0.352941	0.589212	0.627063	0.304478	0.479475	0.133391	0.467949	0.346241	0.246973	0.531381	0.455108	0.370460	0.590909	0.391753	0.500907	0.155172	0.620462	0.578313	0.615942	0.602597	0.130658	0.524655	0.591885	0.480409	0.485666	0.260870	0.421808	0.204956	0.370012	0.469622	0.614786	0.297955	0.446086	0.487136	0.479201	0.368039	0.244604	0.679365	0.105846	0.375000	0.365824	0.567850	0.416431	0.107406	0.472089	0.634409	0.096744	0.552000	0.372671	0.608451	0.490975	0.146482	0.060980	0.042195	0.158631	0.443096	0.626781	0.521739	0.413589	0.361474	0.626667	0.611765	0.430636	0.577273	0.613527	0.463023	0.543524	0.247373	0.599010	0.514815	0.476190	0.515593	0.061856	0.510638	0.625000	0.460064	0.558882	0.376704	0.341518	0.205645	0.626374	0.612565	0.253521	0.592992	0.294514	0.325186	0.609195	0.539235	0.316116	0.400531	0.051213	0.606796	0.338496	0.443769	0.088337	0.172979	0.512334	0.028086	0.520947	1.000000	0.626437	0.468498	0.158303	0.376384	0.191970	0.522293	0.009645	0.481605	0.546256	0.611898	0.600496	0.495637	0.533333	0.315139	0.178426	0.616715	0.272000	0.534884	0.346636	0.590643	0.508772	0.139662	0.383459	0.136000	0.284651	0.564655	0.600536	0.505415	0.581940	0.583333	0.590698	0.502618	0.459375	0.623229	0.250820	0.612903	0.604982	0.290598	0.576819	0.583529	0.623188	0.068656	0.289773	0.632653	0.589681	0.612903	0.342282	0.492360	0.262211	0.154156	0.557522	0.636637	0.602941	0.096408	0.628931	0.593333	0.628399	0.511111	0.298246	0.435673	0.442073	0.289499	0.398950	0.560870	0.329032	0.431259	0.527132	0.562500	0.474465	0.244409	0.542222	0.598071	0.577181	0.500000	0.434153	
0.577075	0.534307	0.429714	0.559603	0.631579	0.438007	0.365348	0.021716	0.520833	0.579710	0.580769	0.343915	0.595420	0.582734	0.540123	0.567108	0.459854	0.613583	0.600000	0.511905	0.232143	0.255069	0.512048	0.594810	0.593002	0.087015	0.373206	0.594828	0.618182	0.197069	0.556886	0.605791	0.578125	0.611227	0.264766	0.599190	0.524444	0.245747	0.615385	0.541096	0.484615	0.381710	0.288035	0.169492	0.593870	0.590000	0.276204	0.147059	0.502080	0.145903	0.595745	0.537764	0.179146	0.567426	0.655889	0.447724	0.598291	0.611650	0.607930	0.557432	0.180139	0.618557	0.463415	0.636145	0.404167	0.244514	0.627078	0.562701	0.610478	0.429379	0.600000	0.600746	0.193741	0.520394	0.578014	0.011253	0.589520	0.385303	0.192403	0.491803	0.617021	0.553480	0.633333	0.340909	0.587302	0.377622	0.547579	0.597902	0.531469	0.374879	0.056456	0.618852	0.482051	0.630588	0.403746	0.494087	0.083979	0.613527	0.457421	0.562500	0.543974	0.628019	0.542857	0.027909	0.420479	0.514286	0.451923	0.065239	0.232143	0.565371	0.604361	0.509804	0.602740	0.610966	0.497268	0.367232	0.062430	0.542149	0.270458	0.268595	0.151456	0.219718	0.549296	0.427928	0.026874	0.182073	0.578097	0.389610	0.581315	0.588235	0.180139	0.273301	0.615776	0.547231	0.471074	0.565619	0.118039	0.527903	0.634831	0.409766	0.430011	0.522124	0.529231	0.505780	0.477535	0.369318	0.420022	0.463980	0.512821	0.570909	0.527132	0.239705	0.582897	0.634021	0.274262	0.141049	0.525984	0.630208	0.415669	0.586207	0.143014	0.324459	0.537102	0.311005	0.325000	0.570423	0.605317	0.356490	0.504937	0.514200	0.296578	0.354868	0.512301	0.436490	0.290828	0.125321	0.612335	0.528418	0.533951	0.338248	0.286134	0.375734	0.136364	0.422442	0.258449	0.505495	0.514768	0.449465	0.497297	0.478836	0.654155	0.113208	0.376585	0.552716	0.340909	0.533937	0.439306	0.397134	0.476804	0.495340	0.216667	0.579439	0.480720	0.573402	0.573975	0.163866	0.622222	0.529231	0.571429	0.211497	0.604000	0.629213	0.405491	0.549828	0.620253	0.317590	0.544343	0.086898	0.318108	0.578850	0.585987	0.602273	0.560748	0.174263	0.569697	0.366197	0.258449	0.540541	0.406383	0.562044	0.574257	0.540123	0.545455	0.578182	0.581888	0.118361	0.530973	0.542763	0.550633	0.319934	0.622642	0.385230	0.367424	0.607595	0.593660	0.491413	0.627803	0.482667	0.091314	0.530675	0.535928	0.620253	0.576923	0.309770	0.057709	0.613636	0.617564	0.465347	0.163248	0.379277	0.595588	0.497238	0.597980	0.607759	0.615730	0.593074	0.590340	0.571930	0.239264	0.017863	0.175755	0.592179	0.598291	0.398773	0.539185	0.413115	0.539249	0.509194	0.654206	0.334764	0.295008	0.625498	0.563847	0.584559	0.578014	0.492537	0.558219	0.159509	0.356490	0.577320	0.632479	0.309278	0.549828	0.646766	0.176231	0.589286	0.488771	0.585938	0.480744	0.630137	0.459687	0.594937	0.637413	0.282200	0.570458	0.645995	0.630841	0.497829	0.071863	0.607759	0.103558	0.098015	0.623116	0.534202	0.478836	0.547899	0.616246	0.585821	0.481579	0.523308	0.473815	0.444444	0.598753	0.642336	0.302326	0.625850	0.493861	0.511013	0.501362	0.596774	0.595104	0.071468	0.576710	0.389168	0.437358	0.566400	0.512968	0.422442	0.537102	0.591304	0.372493	0.525346	0.166952	0.525526	0.400000	0.304450	0.603846	0.520349	0.442396	0.580913	0.464548	0.549747	0.193644	0.655072	0.617068	0.591195	0.646370	0.163591	0.597450	0.603037	0.531002	0.557480	0.320988	0.497970	0.254072	0.441887	0.534562	0.561873	0.364827	0.503477	0.537600	0.531882	0.437788	0.301624	0.638655	0.132970	0.445221	0.437572	0.595010	0.486631	0.134901	0.532138	0.589372	0.121685	0.568266	0.441558	0.644836	0.570470	0.183013	0.077075	0.053469	0.197869	0.507846	0.610687	0.567426	0.486787	0.434881	0.602339	0.579125	0.509537	0.605809	0.640351	0.524096	0.596491	0.304926	0.623318	0.570447	0.436508	0.581262	0.078172	0.567657	0.614634	0.514970	0.556169	0.449941	0.411514	0.254902	0.640394	0.641509	0.312250	0.585956	0.360777	0.396745	0.610256	0.571429	0.386139	0.474874	0.064816	0.607930	0.412262	0.517143	0.111238	0.215351	0.537786	0.035659	0.561760	0.626437	1.000000	0.541604	0.197468	0.449123	0.238386	0.584795	0.012277	0.550000	0.580645	0.617722	0.611236	0.559350	0.587002	0.384995	0.221969	0.627249	0.334190	0.580645	0.415669	0.619792	0.568627	0.174653	0.442857	0.170157	0.349150	0.596838	0.645783	0.557047	0.598240	0.578313	0.618644	0.562602	0.516129	0.617722	0.309033	0.632850	0.575851	0.356164	0.600484	0.620985	0.559748	0.086686	0.355191	0.625000	0.641425	0.613527	0.414530	0.532488	0.322581	0.192403	0.603239	0.650667	0.600000	0.121269	0.650000	0.637427	0.638070	0.594502	0.365169	0.487603	0.515759	0.354868	0.467662	0.617530	0.401235	0.496589	0.569892	0.608163	0.545455	0.301391	0.501873	0.594901	0.609407	0.585366	0.504775	
0.615187	0.646444	0.584642	0.630857	0.546269	0.624339	0.567142	0.051125	0.636267	0.629405	0.616941	0.563701	0.628931	0.626360	0.633297	0.615000	0.631290	0.567335	0.614597	0.651113	0.461302	0.492222	0.645989	0.606218	0.619165	0.196087	0.598784	0.601361	0.573840	0.411556	0.449587	0.580556	0.620690	0.598404	0.498853	0.598693	0.646934	0.484392	0.535552	0.612865	0.633682	0.576351	0.539077	0.362364	0.625473	0.542474	0.515746	0.318850	0.645161	0.316576	0.621827	0.658092	0.379085	0.622328	0.585227	0.619926	0.595399	0.547584	0.590345	0.637312	0.382594	0.528073	0.647113	0.559767	0.617384	0.473741	0.552023	0.653975	0.588732	0.626298	0.630938	0.629492	0.404553	0.663951	0.632335	0.026684	0.581619	0.588419	0.404700	0.630110	0.599190	0.627907	0.561505	0.569611	0.621935	0.580189	0.622989	0.628707	0.326750	0.592649	0.129823	0.608696	0.637488	0.574713	0.603896	0.629845	0.189624	0.560584	0.614822	0.625767	0.625989	0.560584	0.643729	0.065426	0.605551	0.308530	0.621940	0.149144	0.454126	0.637993	0.418919	0.637563	0.496855	0.516820	0.644068	0.589647	0.142989	0.639269	0.505546	0.501451	0.327477	0.444770	0.320721	0.617774	0.063045	0.383755	0.625604	0.597484	0.640754	0.563218	0.382594	0.520612	0.542169	0.632768	0.613842	0.630542	0.260699	0.627409	0.494418	0.606760	0.615120	0.636459	0.640608	0.633437	0.640000	0.584778	0.608403	0.623853	0.286765	0.613886	0.624454	0.477345	0.644550	0.522003	0.489073	0.306983	0.633554	0.525191	0.611765	0.640605	0.310874	0.560760	0.317690	0.544262	0.556084	0.643623	0.607895	0.572894	0.642857	0.644681	0.537201	0.569343	0.638254	0.620932	0.523573	0.275495	0.590345	0.635575	0.631121	0.554775	0.523868	0.597061	0.297668	0.613559	0.488764	0.624625	0.633401	0.613309	0.646884	0.617332	0.515528	0.250807	0.580247	0.644370	0.579505	0.635974	0.617958	0.602564	0.632283	0.641879	0.448093	0.632754	0.646330	0.649412	0.646635	0.351565	0.593620	0.636265	0.622485	0.430260	0.612192	0.586592	0.615764	0.341637	0.606711	0.559039	0.646486	0.195839	0.562458	0.619753	0.403419	0.481541	0.622829	0.370666	0.605744	0.576347	0.493258	0.637778	0.591247	0.617827	0.376307	0.652884	0.293040	0.635810	0.612658	0.261357	0.644889	0.646189	0.651163	0.544966	0.566906	0.586017	0.587792	0.519520	0.475728	0.628405	0.588563	0.644466	0.205196	0.624052	0.636848	0.612081	0.619217	0.538562	0.132594	0.565401	0.480769	0.607970	0.350376	0.598145	0.630675	0.629146	0.603133	0.593197	0.594972	0.586630	0.628916	0.634958	0.477643	0.042164	0.374297	0.628713	0.595399	0.595677	0.627063	0.596965	0.347518	0.642127	0.572246	0.550139	0.534840	0.626132	0.638444	0.628221	0.641916	0.270872	0.631579	0.343152	0.574359	0.640094	0.606225	0.544386	0.341637	0.540862	0.375201	0.451400	0.645914	0.623244	0.632812	0.589563	0.631579	0.595973	0.576705	0.511797	0.627907	0.534954	0.560801	0.634096	0.163566	0.593197	0.230865	0.219294	0.547085	0.632768	0.636806	0.635104	0.484076	0.612144	0.642095	0.649573	0.624418	0.623098	0.598404	0.560117	0.541960	0.592697	0.627490	0.649160	0.638806	0.506998	0.630923	0.162709	0.623153	0.577287	0.619669	0.627232	0.640415	0.625424	0.317690	0.470779	0.579666	0.629067	0.357499	0.653148	0.582704	0.536082	0.616941	0.638165	0.626866	0.608234	0.637282	0.629630	0.405252	0.470779	0.590659	0.414261	0.575931	0.351036	0.624390	0.587432	0.633333	0.651214	0.553163	0.629703	0.475083	0.628070	0.646421	0.364912	0.571642	0.650505	0.640625	0.645514	0.618086	0.537084	0.484076	0.290886	0.627104	0.624126	0.613636	0.626104	0.294750	0.651064	0.560584	0.268124	0.624846	0.611807	0.553892	0.625144	0.387177	0.174826	0.123199	0.414808	0.627572	0.533133	0.624703	0.622222	0.622184	0.473083	0.359155	0.626866	0.608234	0.588721	0.624599	0.617347	0.548387	0.585774	0.616647	0.217973	0.622166	0.177186	0.643101	0.555066	0.621938	0.621622	0.621429	0.610422	0.489728	0.555391	0.587050	0.550000	0.546784	0.594675	0.604466	0.541604	0.619753	0.591725	0.611059	0.148219	0.593103	0.617913	0.634398	0.246757	0.441883	0.630952	0.083155	0.635731	0.468498	0.541604	1.000000	0.411398	0.618117	0.474043	0.625000	0.029090	0.636663	0.615385	0.531532	0.586592	0.641084	0.580214	0.579439	0.451677	0.527273	0.574409	0.639324	0.608403	0.519084	0.640997	0.372204	0.603060	0.363636	0.576369	0.625483	0.556851	0.648212	0.460784	0.616385	0.597577	0.641084	0.652676	0.549550	0.538813	0.554745	0.427609	0.588580	0.555556	0.593496	0.410866	0.195388	0.591673	0.454695	0.597222	0.554745	0.618061	0.636364	0.556757	0.403829	0.601307	0.520124	0.585298	0.267278	0.500792	0.463295	0.512422	0.628370	0.585512	0.639920	0.637771	0.578102	0.625116	0.615783	0.603379	0.631474	0.634499	0.607096	0.639130	0.540575	0.267658	0.464744	0.613158	0.629586	0.639442	
0.297465	0.428194	0.509756	0.373687	0.205645	0.508987	0.562146	0.182153	0.420913	0.334113	0.308789	0.586245	0.311996	0.337226	0.403941	0.315989	0.494391	0.230616	0.300716	0.417368	0.649923	0.621708	0.416185	0.293384	0.327068	0.517554	0.563498	0.262567	0.241975	0.641414	0.144867	0.249754	0.302337	0.276864	0.629823	0.287638	0.420354	0.637453	0.197468	0.358691	0.472727	0.548051	0.616536	0.635100	0.310394	0.206549	0.619286	0.603729	0.447528	0.611085	0.306375	0.412105	0.641148	0.348794	0.235877	0.492911	0.265952	0.217326	0.254046	0.363803	0.620800	0.195641	0.493139	0.220000	0.543811	0.639623	0.225324	0.386951	0.241107	0.513360	0.332553	0.321546	0.644803	0.444251	0.343416	0.098231	0.257465	0.560957	0.650055	0.453172	0.267640	0.362466	0.224439	0.583364	0.295835	0.546790	0.369963	0.349560	0.097274	0.566412	0.413988	0.282682	0.475264	0.228856	0.537313	0.465473	0.514047	0.219110	0.492730	0.327853	0.381082	0.219110	0.390971	0.228806	0.532161	0.091153	0.493173	0.443739	0.637060	0.344956	0.132214	0.442801	0.174359	0.191057	0.452309	0.566679	0.442033	0.373516	0.629666	0.614422	0.635577	0.651786	0.095238	0.523251	0.221159	0.621411	0.338002	0.557618	0.354138	0.228856	0.649600	0.627490	0.200202	0.380173	0.449156	0.325494	0.598486	0.411922	0.165894	0.536605	0.519774	0.422448	0.405369	0.429513	0.474619	0.564938	0.528754	0.489185	0.083961	0.332553	0.400000	0.632005	0.350324	0.195641	0.611906	0.616552	0.395495	0.191976	0.531949	0.310394	0.631725	0.599211	0.094218	0.601620	0.589587	0.346493	0.283510	0.578574	0.436792	0.419698	0.622069	0.574516	0.430580	0.516524	0.604921	0.600383	0.254046	0.406082	0.401254	0.575603	0.622117	0.559264	0.598425	0.524459	0.614738	0.453091	0.441638	0.500412	0.461935	0.463050	0.181818	0.588867	0.560153	0.389869	0.583364	0.415480	0.511020	0.545667	0.473528	0.460616	0.643427	0.320755	0.474820	0.354898	0.341100	0.633039	0.250614	0.406264	0.351088	0.639837	0.292566	0.246305	0.536335	0.102345	0.271005	0.603626	0.408218	0.523959	0.606901	0.323917	0.125329	0.162106	0.320755	0.629872	0.288462	0.571321	0.631545	0.392051	0.540198	0.330989	0.114407	0.401254	0.086022	0.332553	0.307985	0.611475	0.423332	0.375741	0.394226	0.601997	0.227974	0.543487	0.572510	0.202020	0.157350	0.463706	0.247169	0.462527	0.530738	0.405901	0.416334	0.271005	0.349560	0.611814	0.420472	0.241975	0.163055	0.483076	0.638651	0.556748	0.327853	0.448679	0.288462	0.262567	0.246305	0.260870	0.339552	0.348028	0.635148	0.152020	0.640904	0.322337	0.265952	0.550137	0.396761	0.530400	0.104366	0.436300	0.231495	0.588364	0.609563	0.294202	0.372943	0.327853	0.343416	0.078791	0.358691	0.642184	0.576334	0.357176	0.265952	0.601546	0.102345	0.208354	0.632438	0.146799	0.467122	0.302337	0.462789	0.240237	0.493377	0.271005	0.235877	0.607347	0.362466	0.194726	0.231495	0.430580	0.475471	0.262567	0.562512	0.564702	0.204740	0.381082	0.465613	0.366972	0.166838	0.321546	0.463966	0.415111	0.490993	0.502674	0.276864	0.216433	0.609391	0.242843	0.451251	0.426302	0.454506	0.180889	0.317580	0.487930	0.325494	0.554609	0.515631	0.388235	0.435279	0.526063	0.094218	0.155440	0.566869	0.404293	0.646774	0.417592	0.523752	0.612003	0.308789	0.430268	0.510395	0.277697	0.492717	0.365473	0.630731	0.155440	0.256611	0.129270	0.230616	0.637440	0.331771	0.260020	0.392051	0.396396	0.603571	0.455250	0.610256	0.515892	0.406082	0.110403	0.571967	0.447049	0.389140	0.401257	0.510395	0.601807	0.166838	0.617530	0.507573	0.511798	0.309592	0.458637	0.617962	0.417036	0.219110	0.602505	0.326281	0.505757	0.203835	0.367721	0.646394	0.500828	0.399820	0.632171	0.435696	0.200202	0.348794	0.445312	0.518639	0.152569	0.108395	0.453644	0.277697	0.255757	0.414406	0.303146	0.607542	0.247169	0.357176	0.062058	0.311195	0.498631	0.374258	0.215539	0.414558	0.327068	0.506984	0.535870	0.624077	0.211954	0.227974	0.602682	0.218218	0.573143	0.551402	0.197468	0.323917	0.553372	0.476270	0.451460	0.254046	0.541288	0.434136	0.584168	0.643110	0.347261	0.284300	0.363971	0.158303	0.197468	0.411398	1.000000	0.500820	0.643899	0.303146	0.106740	0.398202	0.289284	0.202020	0.246305	0.380000	0.273521	0.555042	0.639737	0.196555	0.599564	0.338777	0.527157	0.191976	0.379609	0.646412	0.498144	0.646892	0.582531	0.297465	0.220000	0.367721	0.151610	0.290927	0.269324	0.381818	0.426996	0.202020	0.602740	0.219110	0.134172	0.576119	0.218218	0.265107	0.129270	0.528928	0.574730	0.146799	0.249754	0.219110	0.533122	0.393502	0.607731	0.636213	0.287638	0.183673	0.250614	0.599042	0.169666	0.152569	0.181818	0.357176	0.569167	0.450022	0.433640	0.571535	0.487233	0.294202	0.546734	0.453840	0.338777	0.284337	0.403760	0.612018	0.077754	0.163055	0.283510	0.351088	0.454702	
0.554068	0.633043	0.605970	0.602432	0.458333	0.629518	0.626064	0.071646	0.631486	0.582104	0.566497	0.616635	0.570273	0.589618	0.614555	0.579477	0.644911	0.493274	0.570256	0.627968	0.550117	0.569709	0.605846	0.563147	0.583333	0.266828	0.633113	0.520990	0.499448	0.502455	0.347935	0.522976	0.562948	0.547569	0.584107	0.550574	0.636842	0.564327	0.442105	0.571973	0.642570	0.596873	0.601429	0.457701	0.573455	0.453179	0.581779	0.409368	0.642496	0.413002	0.576375	0.629991	0.470855	0.577220	0.498886	0.627543	0.525188	0.476625	0.511425	0.601703	0.462357	0.440797	0.656809	0.488636	0.631579	0.559223	0.487585	0.614535	0.502212	0.638519	0.597044	0.575425	0.499596	0.646259	0.588921	0.037584	0.515710	0.622283	0.500000	0.629908	0.526203	0.611006	0.483616	0.586700	0.567595	0.596180	0.609023	0.582449	0.242344	0.616000	0.179032	0.547744	0.640964	0.492135	0.639551	0.662316	0.258368	0.470990	0.646465	0.590684	0.604263	0.482366	0.624658	0.091419	0.629067	0.228188	0.618350	0.204874	0.528671	0.593598	0.320611	0.629347	0.404819	0.431604	0.626566	0.624754	0.196663	0.607477	0.579969	0.584246	0.426974	0.533036	0.237650	0.640059	0.088135	0.479478	0.596869	0.619372	0.594439	0.480899	0.485171	0.584567	0.447552	0.619092	0.616289	0.576541	0.350226	0.627660	0.392205	0.642502	0.633284	0.629921	0.626009	0.641314	0.641479	0.621959	0.641618	0.649533	0.211382	0.585222	0.590991	0.544933	0.578035	0.438453	0.572337	0.406811	0.610909	0.435807	0.643064	0.569402	0.412281	0.597481	0.235294	0.596859	0.611411	0.582769	0.555556	0.620911	0.642249	0.610229	0.594382	0.617647	0.624567	0.652141	0.591362	0.369024	0.500544	0.607527	0.632525	0.590853	0.592998	0.624075	0.392782	0.643377	0.536981	0.645432	0.629252	0.635528	0.627386	0.609337	0.420048	0.337596	0.640268	0.619615	0.596644	0.606383	0.636090	0.626907	0.654311	0.656250	0.522737	0.574000	0.651649	0.597701	0.588694	0.454833	0.518033	0.617040	0.594803	0.525769	0.551295	0.523077	0.630312	0.253968	0.549521	0.604843	0.629133	0.266505	0.617386	0.573705	0.305520	0.384333	0.558000	0.466889	0.539583	0.633987	0.561297	0.599634	0.622064	0.580454	0.281250	0.609164	0.216216	0.585222	0.567073	0.351064	0.626422	0.589003	0.627165	0.608076	0.483690	0.657123	0.620644	0.446512	0.374384	0.639935	0.518112	0.646914	0.278716	0.614145	0.834951	0.543131	0.582449	0.605568	0.182750	0.508287	0.386308	0.617439	0.447793	0.615591	0.596630	0.624054	0.554167	0.536060	0.516484	0.513484	0.585938	0.593237	0.550835	0.059198	0.469449	0.566866	0.533762	0.608455	0.616500	0.631884	0.258575	0.643345	0.497200	0.622086	0.613318	0.560496	0.608614	0.572844	0.585034	0.199181	0.594852	0.446735	0.631174	0.601719	0.540193	0.606025	0.253968	0.465975	0.471247	0.352060	0.620295	0.556807	0.623974	0.502769	0.654321	0.530351	0.505568	0.592312	0.607211	0.446009	0.488242	0.622837	0.224033	0.536060	0.311983	0.297030	0.458864	0.591288	0.614251	0.588679	0.391727	0.573427	0.625306	0.617699	0.636148	0.620900	0.534884	0.479452	0.611966	0.503311	0.616027	0.633508	0.632193	0.418160	0.566265	0.222898	0.568588	0.616963	0.635890	0.607339	0.641933	0.633188	0.235294	0.367901	0.632275	0.611111	0.459122	0.606543	0.597834	0.607102	0.566497	0.634866	0.642161	0.527983	0.642245	0.597353	0.491327	0.367901	0.520607	0.314176	0.502242	0.452088	0.577909	0.518359	0.605119	0.623636	0.614286	0.631229	0.534000	0.641679	0.618280	0.272251	0.612777	0.628378	0.618349	0.615523	0.645161	0.608646	0.394161	0.388464	0.637944	0.629297	0.561866	0.619951	0.390346	0.633157	0.475540	0.359673	0.585899	0.626524	0.459397	0.608860	0.489214	0.238914	0.170125	0.510673	0.626072	0.452214	0.600386	0.633446	0.646884	0.364312	0.267717	0.645538	0.544879	0.523344	0.607617	0.560327	0.606651	0.515917	0.605540	0.158996	0.562753	0.242024	0.616246	0.475429	0.619594	0.575397	0.628615	0.648610	0.569424	0.470723	0.494938	0.607935	0.482916	0.627426	0.645028	0.444444	0.567729	0.631864	0.651864	0.203641	0.511425	0.642098	0.628326	0.332410	0.543058	0.584139	0.115769	0.583333	0.376384	0.449123	0.618117	0.500820	1.000000	0.546406	0.566462	0.040953	0.620814	0.545265	0.444186	0.507692	0.612963	0.535032	0.622463	0.541854	0.444965	0.625000	0.588465	0.638728	0.435807	0.614670	0.472943	0.609962	0.466449	0.597977	0.558187	0.479545	0.605090	0.362283	0.535826	0.533618	0.611111	0.612031	0.453488	0.606833	0.486917	0.324873	0.629487	0.478360	0.547210	0.314176	0.265915	0.615483	0.352060	0.503282	0.482366	0.646681	0.594891	0.598566	0.504815	0.544317	0.426190	0.520219	0.358598	0.400000	0.364312	0.424821	0.595989	0.622309	0.636440	0.622528	0.632992	0.647754	0.558428	0.641614	0.629382	0.594330	0.552880	0.619390	0.612848	0.196721	0.383863	0.547170	0.602502	0.639399	
0.355023	0.484723	0.562942	0.434595	0.248024	0.564248	0.590988	0.150065	0.479666	0.397108	0.368063	0.613445	0.371751	0.399556	0.468849	0.376338	0.545455	0.277346	0.358770	0.480709	0.635680	0.642162	0.477487	0.350315	0.389044	0.473464	0.603230	0.314620	0.290629	0.641860	0.175949	0.299705	0.360637	0.331210	0.632586	0.343678	0.486205	0.642429	0.238386	0.424044	0.529121	0.598579	0.638462	0.627009	0.369910	0.249089	0.638074	0.593125	0.506355	0.582291	0.365286	0.479036	0.620508	0.413869	0.283502	0.544925	0.318553	0.261761	0.304706	0.430903	0.618587	0.236230	0.545015	0.264901	0.588395	0.644843	0.271146	0.450749	0.289614	0.564054	0.394209	0.381594	0.637619	0.504854	0.406630	0.080274	0.308685	0.596538	0.632447	0.513650	0.320513	0.423978	0.270108	0.629289	0.353143	0.610592	0.433604	0.412541	0.118799	0.612889	0.353201	0.337947	0.538006	0.275284	0.586316	0.525162	0.460102	0.263855	0.542553	0.389944	0.447312	0.263855	0.454158	0.189356	0.575786	0.111402	0.554379	0.389258	0.645249	0.409492	0.160817	0.506122	0.211049	0.230816	0.510617	0.605719	0.382490	0.437601	0.639137	0.634544	0.602460	0.648792	0.116340	0.567948	0.182891	0.628689	0.401553	0.592790	0.416667	0.275284	0.633832	0.638234	0.241611	0.443011	0.512170	0.387241	0.555165	0.474594	0.200999	0.585009	0.563815	0.481289	0.468354	0.489164	0.534321	0.610773	0.578291	0.539467	0.102699	0.395323	0.465362	0.653672	0.412314	0.236230	0.612444	0.583396	0.463583	0.231902	0.576443	0.369910	0.604078	0.637255	0.115108	0.638400	0.627146	0.411246	0.338905	0.599145	0.497187	0.483551	0.643499	0.612367	0.491482	0.567235	0.636258	0.579165	0.304706	0.468108	0.463569	0.625261	0.644691	0.600529	0.587433	0.578190	0.650454	0.505572	0.503832	0.548155	0.514602	0.524476	0.219889	0.541889	0.594452	0.449786	0.631799	0.471451	0.559924	0.589294	0.523244	0.518778	0.657912	0.381808	0.534585	0.419726	0.403985	0.606178	0.300708	0.466245	0.414286	0.634951	0.349370	0.295683	0.588235	0.124919	0.324419	0.645109	0.468421	0.475759	0.623786	0.384314	0.152564	0.196496	0.381808	0.627440	0.344630	0.606664	0.643194	0.453333	0.588289	0.392419	0.139445	0.466737	0.105194	0.395323	0.367139	0.571680	0.482328	0.439051	0.458999	0.626369	0.274251	0.580961	0.606429	0.243754	0.190835	0.519221	0.296690	0.520040	0.479246	0.469968	0.473354	0.324419	0.413641	0.625150	0.359570	0.290629	0.197624	0.541383	0.621733	0.602027	0.389944	0.508629	0.344630	0.314620	0.295683	0.312646	0.402216	0.411894	0.649513	0.124875	0.628571	0.383623	0.318553	0.590827	0.460722	0.585840	0.127355	0.498720	0.278375	0.617171	0.637850	0.351259	0.436993	0.389944	0.406630	0.096433	0.425137	0.614468	0.610256	0.422319	0.318553	0.642202	0.124919	0.251214	0.629084	0.178255	0.531203	0.360637	0.519260	0.288599	0.549831	0.324419	0.283502	0.624810	0.425068	0.235150	0.278375	0.492514	0.416904	0.314620	0.527933	0.515215	0.246959	0.446237	0.527473	0.430201	0.202121	0.382716	0.522433	0.482470	0.546875	0.561185	0.331210	0.260712	0.642744	0.291642	0.512380	0.484691	0.511111	0.218789	0.378165	0.425481	0.387241	0.595631	0.564030	0.448958	0.491753	0.574478	0.115108	0.188561	0.595726	0.467053	0.618090	0.476987	0.576177	0.637911	0.368063	0.487073	0.556291	0.332176	0.551357	0.428494	0.642945	0.188561	0.307692	0.157289	0.277346	0.614876	0.394429	0.311658	0.454400	0.458267	0.627387	0.510831	0.619202	0.561702	0.465999	0.134628	0.619438	0.507888	0.452165	0.463737	0.563860	0.632532	0.202121	0.590093	0.560837	0.571024	0.368987	0.520562	0.602369	0.481462	0.263855	0.568861	0.388143	0.548495	0.245892	0.425624	0.636068	0.446242	0.337471	0.635996	0.496148	0.241611	0.413869	0.509924	0.564584	0.185139	0.132210	0.510101	0.332176	0.306698	0.471204	0.361569	0.635248	0.296690	0.419037	0.076101	0.370831	0.443625	0.438445	0.259662	0.477534	0.389044	0.561337	0.578755	0.644813	0.255448	0.274251	0.622846	0.262809	0.615385	0.594886	0.238386	0.385434	0.594858	0.525955	0.392951	0.304706	0.583029	0.492292	0.537037	0.641806	0.412121	0.236559	0.426783	0.191970	0.238386	0.474043	0.643899	0.546406	1.000000	0.361569	0.087299	0.458112	0.345580	0.243754	0.295683	0.443847	0.327336	0.599380	0.644023	0.237309	0.633237	0.402439	0.576443	0.231902	0.445640	0.631791	0.555129	0.630865	0.621244	0.355023	0.264901	0.429967	0.183995	0.347477	0.322468	0.443847	0.491701	0.243754	0.630781	0.263855	0.163161	0.606578	0.262809	0.317572	0.157289	0.474848	0.607509	0.178255	0.299705	0.263855	0.582951	0.457112	0.629735	0.634280	0.343678	0.222085	0.300708	0.570148	0.205479	0.185139	0.219889	0.421225	0.609334	0.507099	0.491770	0.606397	0.537561	0.351259	0.589720	0.513391	0.400222	0.339862	0.465435	0.640945	0.095175	0.197624	0.338905	0.415385	0.513391	
0.597774	0.611386	0.527054	0.627235	0.613027	0.557809	0.506329	0.035173	0.621384	0.637037	0.643857	0.485282	0.636785	0.624448	0.630350	0.662577	0.582011	0.621818	0.644550	0.608805	0.352745	0.384988	0.589581	0.653846	0.621622	0.138111	0.515411	0.592845	0.639432	0.302569	0.494530	0.632867	0.636220	0.658940	0.395990	0.599676	0.624060	0.371930	0.553606	0.577086	0.580288	0.496014	0.426540	0.262376	0.617054	0.585086	0.410423	0.229189	0.604265	0.227468	0.650000	0.629299	0.276522	0.616715	0.625899	0.572650	0.588832	0.579439	0.585789	0.620979	0.277972	0.606654	0.583245	0.605948	0.541090	0.370198	0.610294	0.614765	0.608541	0.557540	0.632987	0.643399	0.297753	0.621103	0.634643	0.018287	0.636833	0.507965	0.295814	0.612865	0.627319	0.626404	0.607735	0.470403	0.653907	0.498221	0.637119	0.633094	0.425428	0.504318	0.090457	0.628478	0.591362	0.605839	0.535055	0.599548	0.133417	0.599628	0.577778	0.641679	0.637720	0.614525	0.621514	0.045116	0.547550	0.406948	0.548691	0.104245	0.351636	0.635704	0.522523	0.594982	0.598361	0.561265	0.596491	0.501266	0.099843	0.612637	0.406390	0.402540	0.235730	0.335090	0.427518	0.553907	0.043457	0.280795	0.620588	0.521352	0.630528	0.587591	0.277972	0.410323	0.608527	0.621438	0.567727	0.647590	0.185585	0.610687	0.559499	0.552113	0.561024	0.616729	0.641656	0.623313	0.587583	0.500424	0.550864	0.569002	0.378788	0.653789	0.580729	0.363429	0.614943	0.567515	0.405178	0.220222	0.591029	0.595661	0.541267	0.641860	0.223158	0.467925	0.413793	0.447349	0.465608	0.619392	0.640523	0.494659	0.617788	0.603535	0.440890	0.490998	0.628993	0.560162	0.418033	0.196600	0.596187	0.612403	0.627756	0.460815	0.425303	0.508297	0.213208	0.558140	0.386029	0.611046	0.618705	0.570539	0.600232	0.555176	0.600806	0.178251	0.517422	0.616822	0.476717	0.615776	0.558704	0.527273	0.593993	0.601831	0.330733	0.626140	0.590455	0.658120	0.654971	0.254095	0.652705	0.636481	0.637016	0.323335	0.616372	0.633803	0.540187	0.454106	0.643216	0.460400	0.620335	0.137931	0.465530	0.643505	0.512586	0.564211	0.580547	0.269377	0.598706	0.506734	0.388480	0.617021	0.538100	0.622951	0.488263	0.609598	0.391960	0.647845	0.623053	0.186074	0.621723	0.582763	0.651656	0.456036	0.614260	0.515556	0.505513	0.540541	0.553191	0.613636	0.657293	0.597938	0.144743	0.629677	0.614412	0.623116	0.638849	0.447178	0.092428	0.625222	0.554622	0.543502	0.253185	0.513089	0.656672	0.609209	0.611650	0.640545	0.619718	0.591453	0.627566	0.620491	0.362807	0.028967	0.271563	0.603030	0.642978	0.519528	0.612352	0.545279	0.447115	0.595181	0.638838	0.473602	0.431834	0.646400	0.633609	0.635682	0.614265	0.373402	0.899576	0.247664	0.494659	0.635461	0.653130	0.447977	0.454106	0.601905	0.272260	0.527233	0.572727	0.595276	0.595890	0.623886	0.570231	0.633166	0.625899	0.415947	0.629213	0.596078	0.627949	0.614251	0.114595	0.640545	0.163538	0.155046	0.621881	0.610583	0.598407	0.640669	0.562500	0.649469	0.573046	0.601523	0.603243	0.561404	0.625828	0.621723	0.443029	0.631206	0.565421	0.606965	0.602100	0.589899	0.614679	0.113978	0.590361	0.521429	0.555445	0.636364	0.631579	0.560078	0.423645	0.525641	0.512821	0.617571	0.258642	0.615970	0.508150	0.445869	0.634526	0.631319	0.563068	0.611570	0.575983	0.645251	0.297613	0.555556	0.627586	0.512472	0.629091	0.253690	0.639881	0.609589	0.617021	0.635884	0.461883	0.603248	0.375151	0.558468	0.599483	0.473934	0.500000	0.603325	0.644385	0.626632	0.563068	0.436441	0.545833	0.208115	0.572885	0.548193	0.642857	0.587830	0.211015	0.611111	0.584730	0.191106	0.622556	0.544330	0.600000	0.611961	0.282165	0.122709	0.085749	0.303725	0.606796	0.589147	0.628242	0.598575	0.556660	0.541935	0.457143	0.588098	0.641322	0.632124	0.587039	0.635220	0.447932	0.625659	0.629787	0.304000	0.647059	0.124413	0.631001	0.596623	0.604298	0.585586	0.578189	0.539114	0.383545	0.616257	0.599634	0.456268	0.611940	0.503322	0.535262	0.573099	0.604230	0.522507	0.572361	0.103583	0.616984	0.542563	0.619684	0.175255	0.328852	0.630058	0.057505	0.605042	0.522293	0.584795	0.625000	0.303146	0.566462	0.361569	1.000000	0.019944	0.621232	0.646204	0.567568	0.616197	0.650407	0.583333	0.507042	0.338298	0.585938	0.482171	0.649046	0.539347	0.615385	0.636735	0.269949	0.542056	0.263354	0.487097	0.629571	0.631970	0.631433	0.551724	0.618357	0.648739	0.623306	0.616149	0.555985	0.449097	0.618250	0.515695	0.500821	0.611940	0.613559	0.485261	0.137603	0.489762	0.544662	0.611888	0.607076	0.545798	0.618037	0.460961	0.295814	0.602917	0.562249	0.624782	0.190476	0.567288	0.550538	0.568548	0.649645	0.502099	0.588928	0.616322	0.494272	0.588997	0.656000	0.538813	0.619159	0.619677	0.652529	0.634715	0.444601	0.369231	0.575630	0.637255	0.637016	0.614486	
0.019509	0.030566	0.042168	0.025578	0.012840	0.041439	0.053454	0.592225	0.029767	0.022362	0.020378	0.057765	0.020626	0.022610	0.028290	0.020937	0.038945	0.014589	0.019757	0.029767	0.089845	0.081079	0.029275	0.019198	0.021805	0.239103	0.052434	0.016896	0.015401	0.106967	0.008767	0.015962	0.019881	0.017955	0.077808	0.018763	0.029951	0.084456	0.012277	0.024342	0.036384	0.050088	0.070820	0.125067	0.020502	0.012902	0.074232	0.144406	0.032775	0.145551	0.020192	0.029152	0.118138	0.023538	0.014964	0.038397	0.017146	0.013653	0.016273	0.024837	0.117465	0.012152	0.038823	0.013840	0.047314	0.084921	0.014215	0.026688	0.015338	0.042775	0.022238	0.021371	0.108895	0.032162	0.023105	0.644223	0.016523	0.050148	0.109687	0.033449	0.017270	0.024651	0.014152	0.058362	0.019385	0.049787	0.025269	0.023600	0.005748	0.051833	0.350686	0.018390	0.036384	0.014464	0.047375	0.035223	0.247023	0.013777	0.038945	0.021866	0.026195	0.013777	0.027182	0.554828	0.044775	0.005370	0.039554	0.309624	0.089845	0.023229	0.007950	0.032346	0.010711	0.011839	0.033449	0.053454	0.321710	0.025639	0.075993	0.076579	0.140198	0.095319	0.005622	0.042957	0.555253	0.116173	0.022672	0.049787	0.023971	0.014464	0.117465	0.075113	0.012465	0.026195	0.033081	0.021681	0.179291	0.029213	0.010147	0.046227	0.043260	0.030136	0.028414	0.030996	0.036323	0.053094	0.044835	0.038763	0.004929	0.022238	0.028106	0.086777	0.023662	0.012152	0.074819	0.150548	0.027490	0.011901	0.044835	0.020502	0.148487	0.061819	0.005559	0.064908	0.061700	0.023353	0.018452	0.055372	0.032039	0.029582	0.068518	0.055672	0.030934	0.041621	0.070053	0.169155	0.016273	0.028475	0.028290	0.058899	0.071350	0.051051	0.155680	0.044230	0.079912	0.033204	0.032162	0.040102	0.033938	0.034917	0.011213	0.186664	0.051231	0.026935	0.058362	0.029213	0.041561	0.048340	0.036140	0.034612	0.096754	0.021309	0.036262	0.024033	0.022919	0.129455	0.016024	0.028414	0.023724	0.099275	0.019136	0.015712	0.046529	0.006063	0.017519	0.063365	0.028660	0.239398	0.063246	0.021557	0.007510	0.009896	0.021309	0.121553	0.018825	0.053634	0.079912	0.027120	0.046106	0.022114	0.006818	0.028290	0.005055	0.022238	0.020316	0.178819	0.030136	0.025825	0.027305	0.062830	0.014402	0.049847	0.053094	0.012590	0.009583	0.034979	0.015775	0.034550	0.228680	0.028537	0.029521	0.017519	0.023600	0.065204	0.344198	0.015401	0.009959	0.038092	0.129953	0.051111	0.021866	0.032958	0.018825	0.016896	0.015712	0.016772	0.022796	0.023476	0.086951	0.624018	0.120491	0.021433	0.017146	0.048401	0.027675	0.044593	0.006189	0.031916	0.014652	0.059615	0.068932	0.019260	0.025516	0.021866	0.023105	0.004614	0.024342	0.133049	0.055372	0.024219	0.017146	0.065323	0.006063	0.013027	0.120155	0.008892	0.034979	0.019881	0.034734	0.015276	0.039493	0.017519	0.014964	0.072469	0.024651	0.012089	0.014652	0.030934	0.284317	0.016896	0.203227	0.214051	0.012777	0.026195	0.034917	0.025022	0.010210	0.021371	0.035162	0.029336	0.037726	0.040406	0.017955	0.013590	0.067040	0.015463	0.033510	0.030320	0.033571	0.011150	0.021061	0.285714	0.021681	0.049546	0.042350	0.026873	0.031118	0.044230	0.005559	0.009457	0.052554	0.028475	0.127013	0.029398	0.044896	0.066507	0.020378	0.030750	0.041743	0.018017	0.038702	0.024898	0.108952	0.009457	0.016460	0.007761	0.014589	0.129676	0.022176	0.016710	0.027120	0.027490	0.062592	0.033877	0.081429	0.041804	0.028475	0.006566	0.053874	0.032652	0.026873	0.027983	0.041743	0.067218	0.010210	0.159604	0.041135	0.042047	0.020440	0.034428	0.157348	0.029582	0.013777	0.174079	0.021743	0.040467	0.012715	0.025084	0.115554	0.267036	0.367045	0.106513	0.031548	0.012465	0.023538	0.032652	0.042653	0.009269	0.006441	0.033571	0.018017	0.016398	0.029275	0.019944	0.066389	0.015775	0.024219	0.003604	0.020564	0.263653	0.025701	0.013528	0.029521	0.021805	0.040588	0.045985	0.081138	0.013278	0.014402	0.064611	0.013715	0.054594	0.048702	0.012277	0.021557	0.050329	0.037361	0.311387	0.016273	0.046468	0.031487	0.189835	0.097385	0.023415	0.484331	0.024775	0.009645	0.012277	0.029090	0.106740	0.040953	0.087299	0.019944	1.000000	0.027798	0.018887	0.012590	0.015712	0.026257	0.017706	0.050509	0.094284	0.012214	0.059735	0.022734	0.044835	0.011901	0.026071	0.121273	0.040041	0.124566	0.056749	0.019509	0.013840	0.025084	0.009206	0.019012	0.017395	0.026257	0.030381	0.012590	0.065382	0.013777	0.008076	0.055432	0.013715	0.017083	0.007761	0.239938	0.055612	0.008892	0.015962	0.013777	0.045864	0.027243	0.062235	0.109687	0.018763	0.011338	0.016024	0.174660	0.010398	0.009269	0.011213	0.024219	0.053814	0.033081	0.031364	0.055672	0.037848	0.019260	0.048039	0.033510	0.022734	0.018514	0.028352	0.067277	0.004551	0.009959	0.018452	0.023724	0.033510	
0.613757	0.645989	0.586667	0.634660	0.548536	0.610961	0.570122	0.048877	0.646421	0.625935	0.618182	0.559249	0.633075	0.625310	0.648107	0.616175	0.626866	0.561300	0.615789	0.644252	0.456995	0.482293	0.636761	0.612517	0.630517	0.188081	0.586873	0.596639	0.585507	0.396590	0.445205	0.606581	0.611549	0.626539	0.489843	0.602151	0.646486	0.472510	0.528125	0.599520	0.633010	0.555732	0.524938	0.348883	0.621762	0.544615	0.503008	0.306685	0.638517	0.304482	0.628422	0.640351	0.365060	0.613886	0.594436	0.626529	0.587744	0.552870	0.582386	0.624703	0.366874	0.542320	0.616822	0.568421	0.604959	0.467209	0.581222	0.626147	0.583454	0.620264	0.637500	0.636132	0.391516	0.638918	0.616708	0.025497	0.584746	0.577566	0.390865	0.619145	0.608333	0.626937	0.564179	0.535151	0.625995	0.565947	0.643110	0.620438	0.339552	0.560311	0.124336	0.607046	0.623301	0.562963	0.597853	0.633037	0.181855	0.551205	0.630597	0.627204	0.631944	0.584337	0.634091	0.062570	0.597603	0.320755	0.598891	0.142903	0.445596	0.627451	0.430823	0.634855	0.507317	0.524487	0.627291	0.576220	0.136986	0.626901	0.494090	0.493537	0.315044	0.431605	0.333333	0.611599	0.060290	0.368729	0.634449	0.593125	0.623188	0.565926	0.368530	0.505665	0.553655	0.638889	0.598361	0.627054	0.250422	0.637459	0.511551	0.604027	0.617673	0.635776	0.637778	0.636943	0.629738	0.563553	0.600513	0.628625	0.298279	0.627500	0.621229	0.457112	0.626974	0.523511	0.486842	0.295191	0.616949	0.545741	0.602224	0.626943	0.298959	0.539945	0.330206	0.525266	0.544828	0.623472	0.619756	0.569940	0.644421	0.611534	0.526518	0.561898	0.639745	0.603943	0.506600	0.264723	0.582386	0.632630	0.634744	0.524590	0.517049	0.578616	0.286174	0.609146	0.468448	0.644172	0.638918	0.626948	0.632323	0.598410	0.523274	0.240866	0.578824	0.627854	0.556671	0.626506	0.606278	0.586797	0.629630	0.647353	0.428293	0.629299	0.628405	0.629674	0.638718	0.338403	0.602857	0.640000	0.635922	0.419293	0.608000	0.604317	0.593150	0.354898	0.607735	0.546685	0.648230	0.187843	0.546070	0.623574	0.411348	0.495017	0.591083	0.357717	0.593289	0.579468	0.482092	0.623436	0.588235	0.624060	0.386980	0.636971	0.304762	0.632500	0.613784	0.251058	0.642241	0.603730	0.650794	0.535058	0.563798	0.584665	0.584992	0.514729	0.485762	0.649454	0.591954	0.632000	0.196859	0.649667	0.647059	0.604972	0.622871	0.539430	0.126998	0.588406	0.494196	0.599244	0.337249	0.565593	0.634761	0.636550	0.614765	0.607843	0.589928	0.581461	0.630408	0.634146	0.460638	0.040302	0.360470	0.602287	0.601671	0.579805	0.639640	0.592275	0.360958	0.639498	0.584071	0.554064	0.520356	0.622340	0.651817	0.629723	0.611794	0.281853	0.625899	0.330241	0.569940	0.627404	0.618384	0.534745	0.354898	0.555215	0.360536	0.447099	0.605760	0.595801	0.624128	0.584302	0.641998	0.610497	0.603221	0.501225	0.646007	0.543171	0.572271	0.616366	0.156773	0.607843	0.221614	0.210452	0.546296	0.627315	0.616302	0.650888	0.500824	0.638677	0.625743	0.653552	0.629278	0.616788	0.623803	0.577912	0.524675	0.596237	0.616480	0.625134	0.642276	0.517685	0.629962	0.155949	0.606827	0.580593	0.609929	0.658286	0.633475	0.616048	0.330206	0.463866	0.579800	0.628191	0.344161	0.637555	0.564103	0.530372	0.638961	0.648188	0.617174	0.595628	0.627341	0.647687	0.392226	0.487395	0.596888	0.422535	0.584934	0.337889	0.630788	0.590717	0.616610	0.655367	0.539249	0.626896	0.456022	0.611260	0.639290	0.378871	0.559515	0.625387	0.621714	0.647256	0.610018	0.526248	0.490939	0.279610	0.622744	0.612645	0.622568	0.627255	0.283349	0.637650	0.551205	0.257598	0.638889	0.605287	0.568779	0.638298	0.373793	0.167608	0.117975	0.400720	0.637224	0.550544	0.628502	0.627451	0.612533	0.479730	0.372943	0.630081	0.622951	0.606232	0.621444	0.605505	0.531066	0.589080	0.658654	0.227092	0.610608	0.169880	0.647196	0.569697	0.627451	0.597730	0.616924	0.614478	0.474157	0.560976	0.560831	0.543029	0.573152	0.574005	0.601784	0.531250	0.623574	0.598413	0.634799	0.142014	0.599432	0.603679	0.640000	0.236954	0.426977	0.620269	0.079557	0.623068	0.481605	0.550000	0.636663	0.398202	0.620814	0.458112	0.621232	0.027798	1.000000	0.630027	0.539535	0.575540	0.642775	0.580468	0.582740	0.437469	0.532081	0.561750	0.636139	0.600513	0.539432	0.654292	0.358437	0.588991	0.350118	0.557425	0.626984	0.574436	0.631206	0.470389	0.582888	0.628809	0.635838	0.626609	0.536434	0.531746	0.572289	0.429319	0.576952	0.579186	0.602510	0.422535	0.187408	0.568249	0.460751	0.580830	0.575301	0.612142	0.622020	0.546950	0.390865	0.588710	0.512000	0.591429	0.256780	0.504918	0.483108	0.520064	0.646635	0.570561	0.620902	0.637131	0.569311	0.631879	0.625000	0.608838	0.636826	0.626238	0.613514	0.645161	0.532383	0.278530	0.494196	0.622463	0.643204	0.636826	
0.627451	0.606827	0.503568	0.614085	0.582178	0.546956	0.481164	0.033324	0.616967	0.635258	0.626198	0.470968	0.647619	0.616314	0.610080	0.629921	0.564655	0.589118	0.636364	0.601542	0.337066	0.368196	0.607792	0.642504	0.628659	0.131212	0.496959	0.628070	0.622711	0.288729	0.500000	0.619820	0.621359	0.630324	0.381254	0.623333	0.627401	0.355582	0.584677	0.600000	0.577878	0.491007	0.409589	0.250104	0.605096	0.600791	0.395257	0.218274	0.597340	0.216625	0.626003	0.596354	0.263688	0.620384	0.612245	0.655060	0.606272	0.606178	0.610714	0.621777	0.265081	0.587045	0.565875	0.625720	0.521576	0.353909	0.618596	0.618132	0.631193	0.546922	0.631098	0.638629	0.284096	0.587515	0.629851	0.017318	0.627660	0.499551	0.282232	0.587112	0.628472	0.604317	0.589354	0.456000	0.655738	0.487805	0.612766	0.622419	0.448980	0.492550	0.085828	0.639731	0.571106	0.613936	0.524836	0.576701	0.126737	0.619231	0.553879	0.640000	0.600000	0.607692	0.622283	0.042756	0.529297	0.430052	0.560768	0.098948	0.337066	0.639881	0.524590	0.617073	0.556263	0.580777	0.572792	0.486301	0.094758	0.618847	0.388889	0.385109	0.224543	0.320043	0.435897	0.547284	0.041182	0.267794	0.621418	0.511292	0.614035	0.613936	0.265081	0.392694	0.601202	0.605556	0.567308	0.646059	0.176540	0.616385	0.593074	0.517176	0.542543	0.596939	0.603175	0.598997	0.569492	0.493976	0.530732	0.562162	0.385224	0.609756	0.585885	0.347374	0.612666	0.587045	0.387435	0.209683	0.609987	0.608163	0.526829	0.646497	0.212496	0.444954	0.431877	0.433824	0.450230	0.599407	0.628571	0.480000	0.591411	0.601290	0.419423	0.474689	0.609787	0.541152	0.407740	0.187073	0.617857	0.602378	0.594164	0.451152	0.408441	0.491135	0.202967	0.535961	0.369040	0.580336	0.604651	0.549102	0.593381	0.542923	0.576200	0.169530	0.495137	0.609290	0.460800	0.587776	0.552008	0.522622	0.575964	0.588098	0.315845	0.633385	0.581448	0.642336	0.629685	0.242156	0.643885	0.600529	0.623529	0.308718	0.617162	0.631579	0.516619	0.443325	0.637931	0.442279	0.618421	0.131040	0.445946	0.610853	0.495238	0.572052	0.605304	0.256826	0.608985	0.478224	0.372755	0.609524	0.512428	0.623853	0.488998	0.602122	0.404199	0.621951	0.624000	0.177007	0.612245	0.599440	0.634146	0.445283	0.603774	0.505415	0.493976	0.562874	0.556291	0.572422	0.634058	0.579439	0.137537	0.606860	0.589147	0.641379	0.616519	0.435165	0.087704	0.619048	0.566449	0.549234	0.241283	0.494243	0.627692	0.587952	0.632280	0.617544	0.620690	0.602113	0.622556	0.627219	0.346774	0.027440	0.258925	0.609642	0.641115	0.509225	0.612903	0.530852	0.461153	0.597786	0.640449	0.457907	0.414566	0.651316	0.620592	0.627692	0.611940	0.385027	0.655072	0.235986	0.473333	0.636628	0.630662	0.434528	0.453401	0.586614	0.259595	0.538462	0.581692	0.588997	0.584400	0.625000	0.567769	0.644828	0.638219	0.400538	0.604317	0.628803	0.606742	0.592221	0.108802	0.617544	0.155475	0.147368	0.611111	0.619444	0.575406	0.627675	0.565875	0.632399	0.577367	0.609598	0.568282	0.558824	0.626917	0.599613	0.428367	0.610603	0.579261	0.599746	0.588095	0.598326	0.631083	0.108215	0.627512	0.502267	0.532520	0.621067	0.612500	0.541872	0.421594	0.554324	0.494363	0.591810	0.246519	0.611399	0.512671	0.429704	0.638978	0.599496	0.556468	0.615646	0.582251	0.620887	0.283962	0.545455	0.628774	0.518868	0.607880	0.241767	0.616794	0.624339	0.606803	0.623482	0.448145	0.582249	0.361974	0.539487	0.607662	0.479012	0.480000	0.593939	0.601915	0.616822	0.544148	0.427448	0.565875	0.198091	0.551867	0.551583	0.628389	0.564403	0.200868	0.614194	0.607692	0.181818	0.629630	0.547744	0.588469	0.618234	0.269110	0.116531	0.081351	0.289841	0.594796	0.597194	0.626292	0.579394	0.556117	0.571429	0.476427	0.602381	0.646259	0.626335	0.612987	0.620355	0.430325	0.630435	0.627907	0.318436	0.607313	0.118155	0.623596	0.612403	0.589147	0.607088	0.554974	0.519157	0.367971	0.621094	0.603774	0.435424	0.608863	0.495366	0.514233	0.584677	0.607752	0.508961	0.563193	0.098318	0.625000	0.534221	0.588089	0.166667	0.314032	0.631111	0.054514	0.596844	0.546256	0.580645	0.615385	0.289284	0.545265	0.345580	0.646204	0.018887	0.630027	1.000000	0.582834	0.602541	0.613037	0.600343	0.502234	0.323135	0.589899	0.466614	0.641566	0.528780	0.608163	0.623955	0.257375	0.549683	0.251043	0.469338	0.630719	0.614203	0.621083	0.541387	0.629139	0.640138	0.604716	0.614213	0.602794	0.429825	0.611538	0.512821	0.481266	0.612717	0.621291	0.504717	0.130727	0.478405	0.524887	0.627027	0.607692	0.523992	0.599729	0.447148	0.282232	0.616667	0.586279	0.625899	0.181216	0.570815	0.549107	0.563674	0.619186	0.487223	0.576923	0.599502	0.481328	0.564835	0.651316	0.525046	0.579261	0.623494	0.640940	0.606623	0.424286	0.380697	0.544662	0.642017	0.602941	0.603099	
0.579256	0.507246	0.440909	0.545156	0.584158	0.447005	0.365511	0.022267	0.540620	0.581688	0.582857	0.351185	0.586011	0.573975	0.542113	0.550562	0.464329	0.583333	0.582524	0.531758	0.237389	0.260756	0.529148	0.616601	0.580292	0.089146	0.380952	0.631130	0.615730	0.201613	0.595870	0.581498	0.568665	0.572016	0.270636	0.605210	0.529412	0.251256	0.632911	0.590832	0.484076	0.391691	0.294334	0.173461	0.599620	0.627160	0.282287	0.150546	0.498623	0.149365	0.597701	0.512744	0.183318	0.572917	0.616438	0.457213	0.613108	0.609113	0.623094	0.562814	0.184332	0.580153	0.458182	0.633333	0.414508	0.250000	0.549296	0.551834	0.639640	0.435955	0.576577	0.536044	0.198216	0.494413	0.576450	0.011540	0.591793	0.395257	0.196850	0.493894	0.640000	0.538721	0.644706	0.348129	0.577603	0.393638	0.533113	0.575390	0.536082	0.384615	0.057862	0.608519	0.486624	0.632558	0.409938	0.488251	0.086040	0.620525	0.442563	0.571949	0.549273	0.606205	0.541732	0.028614	0.420368	0.519298	0.463560	0.066856	0.237389	0.595447	0.576687	0.520167	0.567568	0.628866	0.502035	0.374883	0.063980	0.563934	0.276434	0.274537	0.155039	0.224719	0.498270	0.432251	0.027554	0.186306	0.562278	0.393638	0.596913	0.646512	0.184332	0.279330	0.567839	0.523425	0.525308	0.560440	0.120882	0.526946	0.614958	0.418163	0.427617	0.506589	0.506870	0.499283	0.489796	0.377003	0.426407	0.449029	0.517986	0.526126	0.550769	0.245098	0.588235	0.610687	0.280308	0.144404	0.562500	0.591260	0.424242	0.580645	0.146413	0.331400	0.527778	0.317712	0.331950	0.568935	0.578947	0.362147	0.501401	0.545994	0.303030	0.362319	0.500000	0.443169	0.297177	0.128329	0.644880	0.545732	0.511485	0.345423	0.292398	0.387537	0.139616	0.417943	0.264201	0.485675	0.508380	0.442080	0.499329	0.488830	0.603175	0.115942	0.386408	0.538827	0.348129	0.502994	0.441379	0.407332	0.466069	0.489418	0.221607	0.581481	0.480204	0.551370	0.583039	0.167715	0.589011	0.522137	0.559585	0.216333	0.613861	0.600000	0.409664	0.527027	0.584551	0.324412	0.543247	0.089027	0.324939	0.566176	0.545455	0.610644	0.592593	0.178333	0.596000	0.368224	0.264201	0.558360	0.400000	0.567812	0.525974	0.554364	0.492857	0.562162	0.606870	0.121212	0.512445	0.587276	0.546311	0.326797	0.615385	0.393247	0.375118	0.605000	0.585227	0.488189	0.563193	0.471523	0.093545	0.523592	0.528975	0.605428	0.547660	0.316456	0.059145	0.611236	0.586592	0.474785	0.167084	0.389105	0.571949	0.502058	0.584000	0.571429	0.608889	0.629550	0.613475	0.570435	0.244648	0.018317	0.179856	0.605166	0.575053	0.404883	0.531882	0.421739	0.577181	0.511236	0.591224	0.341880	0.301432	0.575937	0.552632	0.571949	0.583480	0.468864	0.536503	0.163265	0.362147	0.562181	0.596195	0.315956	0.513514	0.594595	0.180343	0.592375	0.498688	0.607350	0.496042	0.609481	0.456938	0.605428	0.584475	0.288392	0.558923	0.612245	0.581986	0.528736	0.073638	0.571429	0.106073	0.100402	0.605459	0.568659	0.488830	0.543333	0.563536	0.539741	0.491503	0.543284	0.468401	0.460635	0.596708	0.591346	0.308880	0.618834	0.514905	0.518950	0.497970	0.588859	0.611940	0.073233	0.600733	0.391218	0.441676	0.539683	0.500715	0.424508	0.534722	0.645714	0.374525	0.527439	0.170867	0.539493	0.419459	0.311042	0.571429	0.516595	0.449026	0.607803	0.471446	0.545151	0.198118	0.594286	0.584416	0.557276	0.587963	0.167434	0.555957	0.592275	0.536278	0.521875	0.327869	0.483871	0.259740	0.439359	0.527439	0.552632	0.372439	0.511050	0.526984	0.515432	0.439863	0.308166	0.629834	0.136147	0.447277	0.446469	0.615970	0.480744	0.138122	0.534125	0.639618	0.124611	0.581353	0.460094	0.572139	0.535774	0.187266	0.078973	0.054802	0.202429	0.507082	0.618090	0.562500	0.469613	0.430180	0.576369	0.536424	0.500677	0.583162	0.616052	0.547085	0.575290	0.311526	0.589800	0.534923	0.404669	0.545455	0.080096	0.546645	0.612048	0.505201	0.598540	0.447307	0.409332	0.260586	0.598540	0.601399	0.318979	0.578947	0.368324	0.402834	0.617722	0.602941	0.394089	0.474407	0.066423	0.614379	0.418507	0.502128	0.113928	0.220264	0.550523	0.036556	0.553691	0.611898	0.617722	0.531532	0.202020	0.444186	0.243754	0.567568	0.012590	0.539535	0.582834	1.000000	0.631111	0.541935	0.576763	0.392927	0.227015	0.624365	0.341297	0.561279	0.417749	0.580977	0.547812	0.178731	0.459172	0.174140	0.356506	0.590998	0.590476	0.555740	0.554913	0.600398	0.591195	0.541935	0.526929	0.605000	0.315706	0.610979	0.585366	0.363636	0.578947	0.567797	0.600619	0.088810	0.362647	0.592375	0.616740	0.630072	0.420829	0.544025	0.329489	0.196850	0.601202	0.631579	0.615385	0.124185	0.602740	0.576369	0.608466	0.548552	0.369059	0.492476	0.500711	0.360507	0.464771	0.568047	0.405322	0.485095	0.586146	0.589899	0.519878	0.307929	0.448529	0.564246	0.578947	0.518135	0.498645	
0.616756	0.567568	0.488172	0.579666	0.607930	0.514161	0.433303	0.027756	0.572215	0.616145	0.653913	0.413793	0.597582	0.602291	0.600284	0.606164	0.524515	0.626556	0.619469	0.558459	0.288184	0.315657	0.581363	0.643885	0.605351	0.110205	0.450909	0.639692	0.642424	0.245821	0.601542	0.634921	0.603175	0.630597	0.327225	0.615665	0.583562	0.304507	0.620225	0.591549	0.536527	0.454288	0.354862	0.212224	0.616984	0.624176	0.340832	0.184706	0.551546	0.183284	0.643357	0.574616	0.224014	0.632588	0.627049	0.516129	0.615679	0.612420	0.644401	0.599691	0.225225	0.609481	0.523429	0.642553	0.474877	0.303030	0.609244	0.590842	0.623482	0.495745	0.618182	0.595601	0.241779	0.563969	0.630048	0.014405	0.631579	0.457627	0.240154	0.556544	0.643810	0.596273	0.665263	0.412010	0.633274	0.446970	0.581040	0.599681	0.510264	0.451376	0.071808	0.626151	0.543713	0.641667	0.474409	0.544118	0.106406	0.635394	0.506271	0.607679	0.606876	0.618337	0.592701	0.035640	0.485098	0.495522	0.518602	0.082878	0.288184	0.615137	0.563830	0.553966	0.619048	0.643836	0.556544	0.435094	0.079340	0.590909	0.334001	0.331785	0.190114	0.273224	0.489676	0.492047	0.034324	0.227583	0.617647	0.458333	0.622433	0.629167	0.225225	0.337382	0.611607	0.597907	0.555698	0.593960	0.148854	0.568245	0.603406	0.481444	0.485232	0.575716	0.575887	0.559572	0.522782	0.442844	0.486653	0.508009	0.451220	0.591736	0.580000	0.297265	0.624204	0.645598	0.334462	0.177305	0.579710	0.592255	0.482546	0.613518	0.179727	0.397772	0.485207	0.380443	0.395219	0.603531	0.639706	0.426458	0.562827	0.582873	0.364964	0.428076	0.579088	0.503800	0.358166	0.157878	0.640472	0.586402	0.566145	0.407285	0.352609	0.447539	0.171527	0.487552	0.319693	0.551724	0.574413	0.497768	0.545912	0.532676	0.612150	0.142857	0.450000	0.587372	0.417014	0.557103	0.489130	0.468992	0.531889	0.545906	0.269542	0.637288	0.537815	0.589905	0.639610	0.205339	0.633663	0.575887	0.600954	0.263296	0.634234	0.624000	0.477046	0.497110	0.623819	0.389712	0.598025	0.110059	0.390320	0.626263	0.552846	0.609337	0.616949	0.218055	0.643636	0.430357	0.319693	0.590643	0.466332	0.613599	0.541899	0.586060	0.448485	0.614876	0.630662	0.149254	0.570259	0.594268	0.596798	0.390895	0.626305	0.456008	0.442844	0.608889	0.606965	0.539409	0.626747	0.544099	0.115580	0.582744	0.575380	0.627599	0.602871	0.378995	0.073389	0.646465	0.607843	0.516802	0.204583	0.452690	0.614357	0.577664	0.603636	0.631985	0.656000	0.634429	0.622150	0.614400	0.296736	0.022844	0.219877	0.618243	0.615679	0.470474	0.577201	0.486598	0.522989	0.572178	0.637681	0.403279	0.363108	0.621185	0.601824	0.607679	0.607431	0.439628	0.594679	0.200000	0.426458	0.615385	0.634799	0.379939	0.520231	0.608315	0.220459	0.572890	0.546798	0.613757	0.542079	0.624746	0.519187	0.627599	0.614754	0.346555	0.614907	0.624434	0.637681	0.579088	0.091208	0.631985	0.130856	0.123946	0.640177	0.594918	0.547472	0.600000	0.587379	0.585448	0.559509	0.583333	0.525088	0.517203	0.623134	0.605150	0.371747	0.629032	0.560914	0.576087	0.557668	0.613583	0.631399	0.090711	0.604027	0.458175	0.495177	0.588235	0.558077	0.491701	0.491124	0.605000	0.441016	0.583569	0.209118	0.590846	0.469744	0.374251	0.605217	0.565276	0.507042	0.625698	0.529210	0.583333	0.241663	0.580000	0.617188	0.573727	0.626556	0.205002	0.599338	0.612403	0.593567	0.568116	0.393701	0.536524	0.314465	0.500000	0.569405	0.525424	0.434164	0.568475	0.585294	0.584527	0.496208	0.370920	0.626214	0.167336	0.503834	0.506466	0.649306	0.537983	0.169722	0.577348	0.648188	0.153374	0.619765	0.516630	0.619469	0.583717	0.228728	0.097752	0.068036	0.246792	0.552910	0.642857	0.607029	0.534884	0.481876	0.599496	0.528409	0.555133	0.618250	0.641879	0.578581	0.626761	0.374813	0.614770	0.587127	0.371336	0.612457	0.099128	0.596067	0.636559	0.558783	0.615385	0.515487	0.473313	0.315457	0.629067	0.622129	0.380368	0.623932	0.434859	0.468208	0.606742	0.629630	0.452582	0.528790	0.082345	0.616896	0.479520	0.566887	0.140410	0.267953	0.592949	0.045488	0.606811	0.600496	0.611236	0.586592	0.246305	0.507692	0.295683	0.616197	0.015712	0.575540	0.602541	0.631111	1.000000	0.576119	0.609023	0.456929	0.275938	0.626126	0.407529	0.603589	0.482546	0.619590	0.596702	0.218531	0.518436	0.213038	0.421502	0.627451	0.634043	0.605223	0.580808	0.618445	0.637571	0.594030	0.569878	0.608889	0.376614	0.635394	0.560847	0.426087	0.615385	0.616858	0.568365	0.109794	0.423244	0.603581	0.611111	0.639659	0.488396	0.594752	0.393987	0.240154	0.608379	0.613953	0.633663	0.152858	0.597590	0.594458	0.612150	0.599686	0.434550	0.558259	0.557769	0.422877	0.516880	0.624776	0.473223	0.558376	0.610114	0.616514	0.565341	0.370645	0.434783	0.588235	0.632353	0.578696	0.563452	
0.590971	0.643956	0.569091	0.644150	0.554487	0.612132	0.559441	0.046194	0.639911	0.628057	0.622819	0.544518	0.606142	0.629962	0.630011	0.649867	0.622732	0.585890	0.628571	0.630992	0.433596	0.465222	0.618673	0.619835	0.627604	0.178458	0.573228	0.571843	0.613534	0.381125	0.461538	0.611276	0.618725	0.637394	0.475854	0.606398	0.642222	0.455850	0.526829	0.588381	0.622886	0.550772	0.502850	0.332542	0.591700	0.553600	0.493586	0.291971	0.627907	0.289855	0.641509	0.640361	0.349709	0.625628	0.583587	0.620424	0.559885	0.558870	0.568483	0.638923	0.351464	0.554649	0.623923	0.590625	0.595781	0.451648	0.569659	0.623377	0.584337	0.600000	0.634839	0.643890	0.375335	0.634615	0.631179	0.024082	0.603221	0.566558	0.373002	0.622780	0.595683	0.631450	0.551938	0.539080	0.622771	0.556281	0.655340	0.637390	0.352250	0.563492	0.117763	0.597475	0.616915	0.566154	0.580101	0.638945	0.172520	0.557121	0.630372	0.624187	0.624553	0.579030	0.640936	0.059159	0.591426	0.336634	0.592242	0.135418	0.428346	0.624526	0.446886	0.630458	0.532203	0.519737	0.606061	0.559441	0.129790	0.638554	0.482304	0.467501	0.300000	0.417000	0.349705	0.612758	0.056999	0.352345	0.624041	0.585644	0.625156	0.547692	0.351464	0.491525	0.559871	0.629321	0.590957	0.652742	0.238028	0.632883	0.523236	0.601542	0.610018	0.626800	0.649143	0.634678	0.635458	0.555816	0.594406	0.616858	0.313253	0.632258	0.590805	0.444924	0.624060	0.538336	0.482089	0.280936	0.623256	0.551724	0.587413	0.634538	0.284553	0.532586	0.346457	0.516565	0.537544	0.607818	0.605042	0.554966	0.650964	0.615213	0.519481	0.545317	0.661572	0.603116	0.489144	0.251723	0.583211	0.609589	0.641466	0.521045	0.497481	0.567763	0.272285	0.601411	0.457901	0.631689	0.641026	0.626642	0.627979	0.576962	0.535117	0.228883	0.569600	0.646298	0.547845	0.628378	0.605505	0.570715	0.631369	0.637295	0.408889	0.610526	0.624128	0.651741	0.643766	0.322457	0.616296	0.633143	0.638298	0.405027	0.606897	0.600000	0.597270	0.372093	0.615165	0.527185	0.632537	0.178230	0.534804	0.636126	0.437848	0.502600	0.594737	0.341048	0.575000	0.568992	0.469435	0.632319	0.602575	0.633894	0.409091	0.627721	0.320000	0.632258	0.618280	0.238636	0.648948	0.600240	0.660443	0.527701	0.579353	0.568867	0.562061	0.532258	0.472028	0.639511	0.602086	0.644103	0.186833	0.654504	0.647256	0.618026	0.644918	0.528302	0.120292	0.574436	0.501730	0.580833	0.321347	0.564103	0.660598	0.625922	0.619444	0.621190	0.597015	0.596798	0.627551	0.638994	0.444205	0.038081	0.343699	0.608924	0.606061	0.563591	0.621089	0.608772	0.378378	0.637339	0.588055	0.549640	0.501616	0.621733	0.642512	0.600780	0.613435	0.296146	0.652658	0.314607	0.561031	0.631970	0.617605	0.518170	0.372093	0.567783	0.344545	0.463458	0.604888	0.610583	0.631902	0.588235	0.615530	0.595136	0.592705	0.499067	0.628993	0.552288	0.600306	0.639738	0.148620	0.621190	0.210474	0.199810	0.568218	0.629321	0.621814	0.648780	0.508591	0.657030	0.611168	0.633708	0.644596	0.608777	0.600567	0.594340	0.517492	0.621622	0.611691	0.615894	0.636079	0.525963	0.624339	0.147835	0.603133	0.577741	0.612874	0.661176	0.652884	0.608466	0.346457	0.470175	0.573899	0.630137	0.327997	0.632997	0.551965	0.521912	0.630872	0.650602	0.600183	0.585573	0.617450	0.662592	0.374274	0.484211	0.609971	0.445672	0.592025	0.321962	0.633075	0.594752	0.632319	0.644186	0.531944	0.634855	0.442045	0.612431	0.623288	0.389313	0.559505	0.637712	0.640000	0.642857	0.609332	0.507246	0.508591	0.265991	0.618652	0.610200	0.619303	0.641316	0.269576	0.648770	0.560250	0.244898	0.631030	0.589552	0.572347	0.645554	0.356537	0.158940	0.111717	0.381603	0.639309	0.543689	0.638191	0.637712	0.606498	0.486772	0.386973	0.629823	0.622348	0.616740	0.596175	0.626016	0.518617	0.593145	0.649318	0.238994	0.639037	0.161105	0.647413	0.595276	0.629339	0.598958	0.631285	0.593293	0.460399	0.583201	0.576271	0.526459	0.573668	0.575804	0.597682	0.520325	0.620419	0.587854	0.622919	0.134572	0.597938	0.601196	0.646486	0.225141	0.410609	0.629723	0.075255	0.617647	0.495637	0.559350	0.641084	0.380000	0.612963	0.443847	0.650407	0.026257	0.642775	0.613037	0.541935	0.576119	1.000000	0.569801	0.562197	0.421796	0.537459	0.551724	0.636015	0.599650	0.545156	0.640382	0.341741	0.572770	0.333731	0.549925	0.632011	0.593750	0.638246	0.480565	0.600277	0.614060	0.630952	0.639471	0.529032	0.519166	0.579030	0.448905	0.563636	0.573668	0.606936	0.430939	0.177815	0.559335	0.459893	0.602374	0.572770	0.606374	0.607477	0.536960	0.373002	0.592490	0.520000	0.583704	0.244115	0.512821	0.479718	0.528428	0.641884	0.570766	0.633018	0.639220	0.554381	0.620019	0.638239	0.601504	0.643006	0.646232	0.620979	0.643021	0.522712	0.292683	0.501730	0.633053	0.653317	0.643006	
0.634064	0.603627	0.490644	0.593343	0.613169	0.520000	0.469974	0.031253	0.598155	0.622848	0.619440	0.452088	0.618658	0.622084	0.604082	0.581169	0.532453	0.583658	0.616415	0.584980	0.319185	0.349010	0.567244	0.608844	0.606349	0.123441	0.484099	0.638838	0.595825	0.272991	0.532067	0.608209	0.617696	0.577465	0.360256	0.598967	0.593176	0.336918	0.566038	0.605067	0.560554	0.479414	0.391395	0.236181	0.623974	0.579055	0.376251	0.205915	0.561881	0.204348	0.622517	0.587450	0.249117	0.607903	0.596154	0.544444	0.623423	0.637275	0.617375	0.594993	0.250444	0.576842	0.533627	0.577689	0.511939	0.335315	0.606299	0.620592	0.612167	0.520576	0.615385	0.600321	0.268571	0.578947	0.614439	0.016233	0.598165	0.484461	0.266793	0.561661	0.624776	0.579882	0.623274	0.443542	0.619289	0.448529	0.580175	0.591806	0.466488	0.470588	0.080629	0.622609	0.555940	0.648438	0.509542	0.558962	0.119214	0.606786	0.523652	0.621236	0.582026	0.590818	0.588563	0.040111	0.503483	0.446866	0.531012	0.092993	0.319185	0.615620	0.519608	0.569288	0.553097	0.595745	0.573871	0.464752	0.089043	0.615607	0.367560	0.366472	0.211871	0.302900	0.447439	0.514872	0.038633	0.253028	0.602484	0.483456	0.616541	0.597656	0.250444	0.372523	0.537500	0.610556	0.558426	0.573248	0.166323	0.576000	0.550790	0.497570	0.497959	0.588235	0.578019	0.569961	0.542725	0.470691	0.508946	0.534216	0.427778	0.562009	0.592896	0.329055	0.612121	0.585263	0.368456	0.197756	0.584488	0.573248	0.512922	0.571429	0.200426	0.425136	0.454054	0.416107	0.428904	0.601527	0.628472	0.455546	0.570352	0.576720	0.400856	0.458685	0.570694	0.535152	0.393557	0.176305	0.621072	0.582656	0.546939	0.435484	0.387586	0.479711	0.191381	0.512048	0.353383	0.557055	0.568922	0.523707	0.590085	0.540925	0.569565	0.159683	0.476619	0.597475	0.441917	0.562667	0.510504	0.494361	0.546929	0.579952	0.298887	0.607717	0.554913	0.585586	0.611111	0.228618	0.588454	0.588874	0.593041	0.292077	0.626917	0.563910	0.491296	0.449735	0.616756	0.421293	0.618084	0.123279	0.426504	0.626198	0.483791	0.542141	0.601286	0.242581	0.611684	0.460069	0.352130	0.586592	0.479065	0.611024	0.476923	0.598639	0.419890	0.587127	0.623762	0.166765	0.596078	0.601439	0.581363	0.421133	0.567515	0.484848	0.465442	0.564315	0.562212	0.552133	0.615385	0.551971	0.129417	0.587280	0.590728	0.606061	0.606980	0.413076	0.082396	0.618596	0.527273	0.536313	0.227787	0.481081	0.589540	0.567201	0.608247	0.588022	0.597744	0.601093	0.603715	0.587519	0.328480	0.025730	0.244579	0.618590	0.598198	0.488263	0.579310	0.510978	0.473684	0.594458	0.590291	0.434505	0.400284	0.611205	0.600000	0.602219	0.602151	0.400000	0.581222	0.222749	0.452159	0.612855	0.616216	0.418398	0.449735	0.613497	0.245217	0.562648	0.559242	0.584307	0.550000	0.613333	0.533769	0.620321	0.615385	0.382573	0.600592	0.569620	0.598058	0.578406	0.102285	0.588022	0.146379	0.138711	0.593814	0.613409	0.545670	0.565982	0.531532	0.552167	0.566706	0.577128	0.535433	0.531618	0.612676	0.586345	0.406681	0.583333	0.553659	0.578125	0.577345	0.570806	0.601942	0.101732	0.611465	0.479705	0.511917	0.595506	0.565941	0.516064	0.464865	0.564815	0.467372	0.560976	0.232769	0.597610	0.484608	0.409357	0.589786	0.583226	0.540314	0.608084	0.563536	0.544118	0.268444	0.569444	0.562500	0.533333	0.595331	0.228248	0.584906	0.609489	0.581006	0.595568	0.422427	0.556901	0.347719	0.514644	0.596206	0.481865	0.467128	0.573201	0.601124	0.580822	0.531937	0.405797	0.572072	0.186755	0.522751	0.525000	0.592105	0.531737	0.189389	0.587302	0.602794	0.171324	0.610493	0.535332	0.574380	0.606149	0.254283	0.109578	0.076412	0.274052	0.573604	0.625000	0.592705	0.560794	0.517526	0.545455	0.479167	0.555420	0.597540	0.600368	0.593875	0.600000	0.411420	0.615385	0.609865	0.336283	0.586885	0.111111	0.600289	0.603622	0.569536	0.600000	0.521368	0.501463	0.348794	0.600406	0.610568	0.414671	0.616000	0.469178	0.500935	0.612159	0.610224	0.486782	0.563986	0.092398	0.602588	0.518877	0.564168	0.156972	0.297155	0.567073	0.051161	0.613569	0.533333	0.587002	0.580214	0.273521	0.535032	0.327336	0.583333	0.017706	0.580468	0.600343	0.576763	0.609023	0.569801	1.000000	0.483636	0.305857	0.600840	0.444976	0.604651	0.495030	0.560510	0.603720	0.243103	0.530744	0.237074	0.448505	0.610455	0.577689	0.591508	0.532710	0.622222	0.622540	0.575499	0.546164	0.589212	0.410675	0.586826	0.502439	0.458545	0.600000	0.635379	0.528395	0.122983	0.455696	0.567376	0.604478	0.570858	0.521994	0.584958	0.415123	0.266793	0.605852	0.593074	0.614525	0.170754	0.581655	0.545455	0.591304	0.603886	0.470996	0.555966	0.570701	0.458685	0.545455	0.590832	0.502361	0.563415	0.586047	0.627383	0.562500	0.406951	0.384181	0.577273	0.576389	0.577912	0.575610	
0.510186	0.585627	0.614152	0.552567	0.395303	0.625841	0.598220	0.088042	0.593050	0.536170	0.519685	0.622652	0.521360	0.541137	0.593234	0.510417	0.615917	0.438095	0.513680	0.593050	0.588797	0.599442	0.588967	0.501779	0.530017	0.320470	0.635492	0.476541	0.447789	0.553420	0.290491	0.455224	0.511013	0.474638	0.593511	0.506714	0.590139	0.590045	0.384995	0.565037	0.618674	0.642112	0.627213	0.525992	0.524017	0.394917	0.611302	0.470840	0.596726	0.456917	0.517544	0.574319	0.514286	0.552764	0.435606	0.621170	0.480293	0.413527	0.466110	0.553086	0.530129	0.381800	0.619543	0.418112	0.641819	0.583408	0.417625	0.576707	0.446328	0.636605	0.537084	0.517688	0.551593	0.590705	0.545914	0.046373	0.464385	0.641718	0.553962	0.605166	0.475755	0.544554	0.423778	0.646293	0.507542	0.625616	0.553191	0.540586	0.200220	0.647768	0.217235	0.493249	0.624376	0.435115	0.636364	0.609827	0.310613	0.412729	0.596540	0.527849	0.578820	0.412729	0.581006	0.112078	0.613887	0.188261	0.629553	0.247841	0.587060	0.546678	0.266949	0.593867	0.344130	0.373757	0.606642	0.625519	0.238137	0.552117	0.609201	0.616867	0.483427	0.567139	0.196251	0.608868	0.108094	0.535986	0.535593	0.628079	0.552873	0.431298	0.534433	0.612683	0.383858	0.557801	0.612305	0.525773	0.411001	0.569207	0.328907	0.624920	0.608179	0.591852	0.581304	0.577947	0.604850	0.639666	0.626459	0.596394	0.174107	0.525149	0.589905	0.595556	0.556856	0.379822	0.574083	0.456907	0.575517	0.373386	0.621271	0.513537	0.470448	0.631233	0.194260	0.610549	0.615469	0.554156	0.483813	0.619685	0.594595	0.578947	0.606811	0.623693	0.598174	0.617864	0.626273	0.435877	0.456825	0.587127	0.568057	0.630631	0.618328	0.633435	0.458800	0.613577	0.606942	0.599556	0.596702	0.599727	0.606016	0.629442	0.357430	0.400197	0.614078	0.576461	0.646293	0.587869	0.607527	0.637500	0.596140	0.611354	0.576971	0.530225	0.606709	0.547421	0.543919	0.503497	0.456664	0.568735	0.541353	0.562627	0.504007	0.449438	0.622930	0.210066	0.481313	0.646137	0.587314	0.320094	0.618713	0.521515	0.254002	0.322051	0.537133	0.524991	0.502683	0.619668	0.588180	0.568690	0.596289	0.524338	0.233261	0.590087	0.178174	0.535379	0.516637	0.416539	0.579554	0.563769	0.570518	0.614549	0.429799	0.615385	0.631328	0.390963	0.313402	0.602899	0.458372	0.594319	0.334287	0.569412	0.585593	0.472197	0.545607	0.608927	0.221650	0.451552	0.323770	0.623340	0.512616	0.641555	0.526135	0.607275	0.491950	0.467341	0.455056	0.466359	0.543147	0.536463	0.597426	0.072854	0.520056	0.527586	0.467461	0.652092	0.574148	0.618986	0.213974	0.592481	0.435775	0.616331	0.638560	0.501333	0.559543	0.550129	0.542544	0.163861	0.551781	0.498044	0.620850	0.560996	0.472961	0.621019	0.210066	0.401951	0.528209	0.294056	0.620290	0.516300	0.603198	0.439208	0.628611	0.474020	0.437500	0.596509	0.547855	0.378218	0.435775	0.596651	0.270413	0.467341	0.372750	0.355498	0.393732	0.561035	0.601885	0.551724	0.330612	0.514236	0.617498	0.588509	0.600702	0.624915	0.478261	0.411992	0.630423	0.447368	0.604720	0.599693	0.599853	0.355779	0.518198	0.269079	0.534364	0.617284	0.619587	0.572115	0.589218	0.626632	0.194260	0.309917	0.611976	0.574568	0.507604	0.588053	0.624757	0.612395	0.507437	0.584287	0.629108	0.494118	0.630118	0.546053	0.555176	0.309917	0.462963	0.261424	0.430476	0.506817	0.529010	0.470480	0.562300	0.570747	0.621328	0.602056	0.594069	0.605898	0.580848	0.225597	0.614657	0.606557	0.557692	0.578199	0.614353	0.634656	0.330612	0.448819	0.615800	0.622995	0.529720	0.593727	0.456460	0.592879	0.418515	0.423197	0.527039	0.610884	0.396078	0.551272	0.536674	0.287876	0.206644	0.564379	0.587613	0.387795	0.546064	0.578241	0.620186	0.304663	0.221739	0.601326	0.490498	0.463392	0.601399	0.501761	0.625657	0.452760	0.534440	0.130286	0.504363	0.291518	0.566314	0.410455	0.585593	0.542024	0.614130	0.618834	0.594519	0.406220	0.422159	0.621795	0.411197	0.631455	0.635118	0.383021	0.519793	0.629516	0.608879	0.246386	0.454968	0.623327	0.578987	0.391862	0.564503	0.545302	0.141522	0.555189	0.315139	0.384995	0.579439	0.555042	0.622463	0.599380	0.507042	0.050509	0.582740	0.502234	0.392927	0.456929	0.562197	0.483636	1.000000	0.569748	0.379447	0.627933	0.535140	0.623865	0.373386	0.561943	0.523109	0.634313	0.520069	0.635632	0.503100	0.418112	0.551272	0.302905	0.501338	0.471233	0.573506	0.603831	0.392927	0.620690	0.414658	0.270613	0.615832	0.413127	0.464220	0.261424	0.319406	0.627542	0.294056	0.451493	0.418515	0.624759	0.575758	0.631004	0.539623	0.495971	0.360721	0.456664	0.424069	0.335707	0.304663	0.357430	0.542739	0.631579	0.598962	0.576836	0.629501	0.613875	0.501333	0.633229	0.595870	0.538527	0.499551	0.569182	0.615545	0.161798	0.323770	0.482014	0.541353	0.600295	
0.332088	0.464912	0.537913	0.412988	0.231031	0.544395	0.594483	0.161648	0.456106	0.372069	0.344462	0.609356	0.347964	0.374415	0.445658	0.352321	0.526268	0.258640	0.335642	0.454144	0.643256	0.639503	0.451009	0.327623	0.364398	0.483501	0.584577	0.293829	0.271168	0.632995	0.163433	0.279736	0.337414	0.309524	0.641549	0.321333	0.458374	0.646581	0.221969	0.396720	0.503959	0.563843	0.629915	0.613959	0.346215	0.232032	0.635480	0.586713	0.482759	0.608911	0.341826	0.454411	0.624153	0.386997	0.264444	0.520183	0.297548	0.243957	0.284459	0.404288	0.613250	0.219943	0.532236	0.246914	0.569832	0.645510	0.252796	0.424334	0.270210	0.551510	0.370370	0.358382	0.632544	0.481232	0.382185	0.086722	0.288219	0.572030	0.642899	0.485946	0.299401	0.402863	0.251819	0.591000	0.330305	0.564189	0.410987	0.388860	0.110103	0.576187	0.376314	0.315903	0.507685	0.256696	0.568729	0.506579	0.488438	0.245929	0.529922	0.365254	0.419990	0.245929	0.432649	0.203637	0.561926	0.103218	0.520236	0.414432	0.630128	0.382825	0.149289	0.478616	0.196305	0.214857	0.487851	0.597777	0.407670	0.411765	0.629405	0.630011	0.621005	0.640993	0.107813	0.544568	0.196738	0.617270	0.376299	0.589527	0.391774	0.256696	0.633635	0.634932	0.225000	0.419990	0.476828	0.362683	0.578891	0.450246	0.186883	0.563880	0.562832	0.455746	0.446207	0.474017	0.508854	0.584400	0.554681	0.528820	0.095122	0.370370	0.434394	0.631263	0.389691	0.219943	0.626748	0.614714	0.431568	0.215877	0.556430	0.346215	0.612115	0.614247	0.106667	0.613506	0.617842	0.385530	0.316810	0.611134	0.479769	0.449902	0.632364	0.600162	0.469388	0.540976	0.613737	0.568430	0.284459	0.444004	0.441687	0.588889	0.632234	0.575973	0.577242	0.563269	0.612656	0.489737	0.474495	0.539855	0.492644	0.489873	0.204598	0.565669	0.587793	0.426493	0.598168	0.452217	0.545699	0.566553	0.511433	0.497639	0.635302	0.357518	0.510956	0.392600	0.379668	0.631438	0.280682	0.443233	0.390520	0.649019	0.326727	0.275938	0.570441	0.115802	0.303096	0.617341	0.447303	0.498377	0.620902	0.360965	0.141582	0.182664	0.357518	0.618031	0.322234	0.601974	0.643255	0.427856	0.563502	0.368668	0.129341	0.442680	0.097442	0.370370	0.343584	0.580867	0.464548	0.411139	0.433217	0.614849	0.255723	0.579147	0.591003	0.227015	0.177363	0.503766	0.276889	0.499764	0.508336	0.446756	0.455037	0.303096	0.387829	0.629855	0.384000	0.271168	0.183721	0.510345	0.622471	0.572385	0.365254	0.481110	0.322234	0.293829	0.275938	0.291963	0.377985	0.387197	0.631965	0.134655	0.638595	0.359244	0.297548	0.559488	0.435910	0.558282	0.118072	0.469624	0.259610	0.616904	0.614355	0.328518	0.413198	0.365254	0.382185	0.089297	0.398770	0.631165	0.603007	0.396101	0.297548	0.605023	0.115802	0.234031	0.620112	0.165590	0.494350	0.337414	0.495283	0.269252	0.528662	0.303096	0.264444	0.623499	0.400818	0.218928	0.259610	0.465500	0.446571	0.293829	0.535359	0.532361	0.230028	0.415952	0.504004	0.405708	0.187935	0.358382	0.494593	0.449803	0.518211	0.530502	0.309524	0.242970	0.626270	0.272124	0.480952	0.460938	0.488339	0.203565	0.354057	0.450469	0.362683	0.585448	0.544321	0.426707	0.471616	0.557118	0.106667	0.175234	0.592378	0.444004	0.628139	0.451549	0.532575	0.632931	0.344462	0.467153	0.537808	0.310438	0.521739	0.406122	0.622893	0.175234	0.287281	0.145994	0.258640	0.620101	0.369520	0.291028	0.428858	0.433566	0.626646	0.492877	0.611992	0.555456	0.443013	0.124850	0.582923	0.483221	0.429719	0.440796	0.546756	0.614286	0.187935	0.600465	0.541124	0.541964	0.345339	0.498345	0.581494	0.455796	0.245929	0.586614	0.363541	0.532069	0.229025	0.406521	0.639794	0.464291	0.360697	0.636309	0.471954	0.225000	0.388029	0.484180	0.549333	0.172030	0.122596	0.490243	0.310438	0.286341	0.448055	0.338298	0.623583	0.276889	0.396101	0.070414	0.347090	0.471051	0.414597	0.241981	0.456020	0.364398	0.541516	0.571800	0.637901	0.238015	0.255723	0.629969	0.244944	0.595588	0.579574	0.221969	0.360965	0.582247	0.517799	0.418202	0.284459	0.572417	0.474117	0.560640	0.654500	0.386364	0.253901	0.402451	0.178426	0.221969	0.451677	0.639737	0.541854	0.644023	0.338298	0.094284	0.437469	0.323135	0.227015	0.275938	0.421796	0.305857	0.569748	1.000000	0.220957	0.611681	0.377143	0.566929	0.215877	0.419404	0.633333	0.521069	0.626947	0.586957	0.332088	0.246914	0.405502	0.170960	0.324933	0.301251	0.421796	0.461689	0.227015	0.626854	0.245929	0.151479	0.601950	0.244944	0.296619	0.145994	0.500511	0.593103	0.165590	0.279736	0.245929	0.570560	0.429429	0.621894	0.642899	0.321333	0.206659	0.280682	0.566441	0.191083	0.172030	0.204598	0.396101	0.593018	0.488294	0.470702	0.587186	0.525104	0.328518	0.573749	0.496190	0.377143	0.317717	0.446429	0.627584	0.088127	0.183721	0.316810	0.390520	0.490476	
0.586139	0.514620	0.418764	0.550580	0.633166	0.438515	0.365693	0.021606	0.533532	0.595281	0.597303	0.342454	0.611855	0.576577	0.547141	0.568182	0.457978	0.629108	0.605108	0.503726	0.231090	0.253927	0.509804	0.600000	0.586716	0.086588	0.371648	0.617711	0.615034	0.196158	0.612613	0.607143	0.594912	0.587500	0.263587	0.612576	0.531157	0.244641	0.627249	0.555746	0.474968	0.384080	0.286770	0.168696	0.583493	0.631579	0.274982	0.146360	0.505556	0.145210	0.608527	0.529501	0.178309	0.571930	0.625000	0.453202	0.608137	0.613139	0.604857	0.561760	0.179298	0.594315	0.463980	0.628019	0.402503	0.243413	0.595238	0.547504	0.611872	0.429864	0.593807	0.564486	0.192843	0.507042	0.579041	0.011196	0.603939	0.385686	0.191510	0.495212	0.626866	0.557823	0.634845	0.339458	0.620278	0.384000	0.555184	0.560420	0.547368	0.375242	0.056175	0.603696	0.485237	0.632075	0.404167	0.481579	0.083567	0.624697	0.450670	0.570902	0.564437	0.629540	0.546900	0.027768	0.414395	0.537634	0.447653	0.064916	0.231090	0.594690	0.593750	0.510519	0.604396	0.643979	0.487004	0.365693	0.062120	0.569536	0.269257	0.267402	0.150738	0.218715	0.508834	0.419391	0.026738	0.181224	0.589928	0.388000	0.585789	0.655660	0.179298	0.272090	0.602041	0.544861	0.499310	0.585185	0.117469	0.525680	0.619718	0.412327	0.421525	0.516987	0.514638	0.518090	0.467866	0.367773	0.418301	0.457213	0.514706	0.535519	0.537267	0.238622	0.587413	0.604651	0.273047	0.140376	0.542587	0.637076	0.416122	0.591171	0.142333	0.323064	0.560284	0.309657	0.323603	0.578483	0.622951	0.354986	0.500000	0.526946	0.295282	0.353370	0.513043	0.441618	0.289552	0.124719	0.622517	0.547692	0.510046	0.336806	0.284875	0.378061	0.135712	0.420705	0.257294	0.492435	0.515493	0.445238	0.489851	0.482119	0.591398	0.112660	0.376953	0.553600	0.339458	0.519637	0.437500	0.395492	0.472258	0.485333	0.215675	0.580524	0.478764	0.570934	0.582143	0.163094	0.619154	0.523883	0.554974	0.210526	0.605210	0.621622	0.408034	0.551724	0.596195	0.316218	0.535988	0.086472	0.316735	0.598513	0.587859	0.632479	0.558052	0.173447	0.595142	0.364662	0.257294	0.560510	0.408946	0.574040	0.576159	0.537867	0.525547	0.579235	0.586873	0.117790	0.522895	0.556837	0.554675	0.318555	0.600473	0.387612	0.365877	0.568528	0.606936	0.478836	0.620225	0.483311	0.090867	0.519201	0.539730	0.600423	0.549912	0.308426	0.057422	0.610478	0.596591	0.448575	0.162479	0.379648	0.593002	0.492393	0.587045	0.596112	0.603604	0.620390	0.587814	0.565905	0.238183	0.017772	0.174932	0.582090	0.612420	0.395087	0.527473	0.417943	0.575342	0.515581	0.632319	0.333333	0.293717	0.590818	0.554817	0.581952	0.579041	0.501873	0.555746	0.158756	0.354986	0.574871	0.603854	0.307937	0.544828	0.608479	0.175407	0.602985	0.484127	0.594912	0.497340	0.604119	0.453012	0.630021	0.634259	0.280956	0.557823	0.621762	0.627635	0.513043	0.071508	0.596112	0.103054	0.097536	0.629723	0.548124	0.487417	0.542088	0.589888	0.571963	0.484848	0.536145	0.461923	0.447337	0.612500	0.604878	0.301009	0.618182	0.502732	0.526471	0.502046	0.636119	0.596226	0.071114	0.585185	0.383534	0.426454	0.544872	0.513709	0.422907	0.539007	0.627907	0.369025	0.538462	0.166167	0.535338	0.411317	0.303125	0.578035	0.524017	0.440600	0.602911	0.465116	0.547297	0.192747	0.610465	0.600877	0.586751	0.629108	0.162820	0.543796	0.613043	0.541401	0.552050	0.319605	0.482385	0.252934	0.437788	0.526154	0.570470	0.363296	0.509749	0.560897	0.523364	0.440600	0.300310	0.623596	0.132333	0.438740	0.433486	0.592308	0.481928	0.134256	0.532934	0.624697	0.121099	0.565619	0.449173	0.606061	0.551261	0.182160	0.076695	0.053202	0.196954	0.491429	0.647959	0.564912	0.490251	0.430839	0.598240	0.574324	0.491132	0.615385	0.619780	0.521870	0.589844	0.303599	0.611236	0.567986	0.414343	0.593870	0.077787	0.545455	0.625917	0.503748	0.586716	0.445755	0.401281	0.253761	0.632099	0.605201	0.310897	0.626214	0.359259	0.389002	0.647815	0.591078	0.382557	0.455346	0.064495	0.653422	0.410582	0.509299	0.110699	0.214365	0.580986	0.035479	0.566102	0.616715	0.627249	0.527273	0.196555	0.444965	0.237309	0.585938	0.012214	0.532081	0.589899	0.624365	0.626126	0.537459	0.600840	0.379447	0.220957	1.000000	0.332762	0.578097	0.411765	0.621410	0.549918	0.173835	0.450536	0.169358	0.347670	0.582178	0.628019	0.551261	0.588235	0.595573	0.624204	0.537459	0.519824	0.614213	0.307692	0.629540	0.596273	0.354662	0.621359	0.600858	0.586751	0.086261	0.353692	0.620896	0.620536	0.619855	0.414973	0.539683	0.321192	0.191510	0.567951	0.620321	0.605791	0.120684	0.623955	0.592375	0.623656	0.561102	0.361762	0.493793	0.496413	0.353370	0.465753	0.622754	0.399588	0.489071	0.549372	0.601227	0.533951	0.300077	0.488722	0.625000	0.594262	0.551483	0.500000	
0.470772	0.585499	0.606538	0.541636	0.346939	0.634146	0.647091	0.103757	0.582471	0.505643	0.490362	0.652015	0.491929	0.517629	0.567018	0.494640	0.619137	0.385382	0.477078	0.578330	0.615385	0.633998	0.569049	0.471049	0.507576	0.366229	0.655324	0.431910	0.402629	0.587808	0.250225	0.414356	0.480993	0.453100	0.634667	0.462628	0.585399	0.635364	0.334190	0.529023	0.619139	0.620303	0.639137	0.554256	0.489607	0.348343	0.646871	0.508020	0.599466	0.511304	0.483771	0.582349	0.557888	0.517804	0.393388	0.623899	0.433735	0.365013	0.420796	0.539080	0.554725	0.331330	0.619912	0.369128	0.650547	0.626476	0.377295	0.548964	0.401316	0.630566	0.509420	0.502666	0.580645	0.596774	0.523490	0.054864	0.422672	0.634529	0.584879	0.603048	0.439455	0.541728	0.375940	0.641333	0.473068	0.624297	0.542151	0.532246	0.171214	0.643488	0.252960	0.458498	0.608863	0.382696	0.643268	0.609883	0.358236	0.367758	0.627892	0.502650	0.547807	0.367758	0.558635	0.131788	0.644248	0.160833	0.621504	0.287787	0.602361	0.524200	0.229508	0.594232	0.297723	0.324138	0.599072	0.653616	0.276765	0.545586	0.635421	0.635262	0.529236	0.605016	0.167766	0.634234	0.127150	0.559096	0.518741	0.641170	0.529889	0.382696	0.574439	0.641561	0.338462	0.547807	0.585496	0.500759	0.462632	0.584722	0.284201	0.637580	0.641916	0.581443	0.566223	0.585432	0.619537	0.635025	0.641509	0.629073	0.148571	0.510927	0.559775	0.616473	0.520000	0.331330	0.625739	0.507623	0.562323	0.325581	0.642689	0.488068	0.512557	0.644770	0.166038	0.643033	0.644411	0.517472	0.458136	0.646713	0.592194	0.562932	0.649140	0.649254	0.587193	0.635423	0.631728	0.481872	0.420796	0.556022	0.565614	0.619689	0.653271	0.640356	0.493814	0.635824	0.614173	0.599336	0.594086	0.625464	0.605142	0.587084	0.309565	0.450971	0.651498	0.558803	0.647579	0.576389	0.638246	0.643101	0.613007	0.611257	0.619325	0.495427	0.625080	0.533923	0.518685	0.551156	0.414018	0.569026	0.528497	0.606639	0.466719	0.409165	0.635731	0.179775	0.439648	0.645387	0.574423	0.368471	0.653020	0.501520	0.218148	0.278122	0.500000	0.562521	0.466981	0.652552	0.630796	0.561878	0.634828	0.510189	0.200000	0.564211	0.152091	0.507913	0.484568	0.468075	0.586942	0.540072	0.556423	0.642285	0.381349	0.640809	0.648118	0.341297	0.270463	0.608866	0.408831	0.605108	0.382726	0.568230	0.577163	0.446043	0.530764	0.650295	0.257996	0.402629	0.279646	0.601893	0.549589	0.643333	0.505678	0.596935	0.465409	0.431910	0.409165	0.429379	0.510479	0.519673	0.621521	0.085980	0.565421	0.493151	0.436948	0.629060	0.563958	0.638298	0.183178	0.597035	0.386722	0.658084	0.645069	0.469116	0.547826	0.505678	0.513050	0.139713	0.530492	0.546865	0.650989	0.529801	0.435341	0.645731	0.179775	0.351145	0.566555	0.253369	0.601043	0.477890	0.609150	0.400000	0.634328	0.442846	0.393388	0.631774	0.541728	0.329897	0.386722	0.591281	0.313346	0.431910	0.419106	0.406644	0.345532	0.553559	0.606654	0.539359	0.285714	0.507235	0.601171	0.574202	0.628246	0.629698	0.449921	0.363636	0.653120	0.403941	0.589404	0.584362	0.603574	0.308094	0.501529	0.311838	0.509863	0.640361	0.633233	0.560628	0.588715	0.634638	0.166038	0.267380	0.644737	0.570028	0.555734	0.569647	0.612846	0.649174	0.488820	0.593857	0.632219	0.454329	0.615674	0.535766	0.581870	0.267380	0.424635	0.224658	0.385382	0.556786	0.515837	0.428110	0.557610	0.563739	0.646586	0.608179	0.599481	0.636695	0.570028	0.193309	0.645720	0.596257	0.556348	0.570423	0.628571	0.635749	0.285714	0.499191	0.631193	0.627879	0.486903	0.605902	0.497274	0.580913	0.367758	0.471120	0.510993	0.625616	0.344123	0.546249	0.577029	0.333048	0.240862	0.586608	0.594046	0.338462	0.526706	0.596257	0.630120	0.262735	0.189944	0.592985	0.454329	0.423358	0.569049	0.477519	0.650778	0.410466	0.541575	0.110787	0.487692	0.337149	0.543745	0.362258	0.579931	0.500000	0.624846	0.643732	0.625921	0.356720	0.381349	0.653504	0.366387	0.650161	0.648864	0.334190	0.501520	0.648013	0.611570	0.286135	0.420796	0.871735	0.595802	0.440346	0.612056	0.515602	0.165955	0.535088	0.272000	0.334190	0.574409	0.599564	0.625000	0.633237	0.482171	0.059735	0.561750	0.466614	0.341297	0.407529	0.551724	0.444976	0.627933	0.611681	0.332762	1.000000	0.516854	0.633255	0.325581	0.555796	0.566777	0.608534	0.566960	0.648363	0.480125	0.369128	0.536052	0.261181	0.464314	0.443555	0.558908	0.583962	0.341297	0.650319	0.367758	0.232727	0.646368	0.366387	0.435691	0.224658	0.368461	0.643200	0.253369	0.414356	0.367758	0.644483	0.562500	0.651561	0.584879	0.462628	0.312500	0.415648	0.466817	0.290237	0.262735	0.309565	0.537160	0.648238	0.602794	0.587119	0.640725	0.619861	0.475371	0.646083	0.601325	0.515356	0.459353	0.572230	0.648962	0.137931	0.279646	0.458136	0.527017	0.603974	
0.608309	0.647128	0.534995	0.642487	0.592593	0.585839	0.518699	0.040051	0.635714	0.633333	0.645349	0.514593	0.632948	0.635359	0.629902	0.637016	0.604040	0.615126	0.637168	0.630952	0.392857	0.421921	0.634615	0.630792	0.641350	0.156129	0.540808	0.613924	0.605263	0.338146	0.486056	0.619125	0.635294	0.640986	0.435101	0.619335	0.638197	0.413675	0.569892	0.609043	0.605485	0.522998	0.467806	0.294046	0.620290	0.595070	0.451899	0.257447	0.623172	0.255544	0.636496	0.628916	0.309595	0.635995	0.618968	0.585117	0.619497	0.617241	0.607717	0.634211	0.311187	0.586331	0.615385	0.614065	0.565603	0.409529	0.604414	0.630380	0.606260	0.586895	0.640669	0.642045	0.332875	0.637088	0.639344	0.020848	0.638978	0.548085	0.330752	0.624444	0.617555	0.620872	0.578231	0.501524	0.651786	0.525235	0.636245	0.629730	0.396476	0.532003	0.102600	0.634146	0.607595	0.610455	0.573959	0.604952	0.150873	0.601375	0.595960	0.651685	0.652174	0.594502	0.661654	0.051336	0.570902	0.379464	0.588000	0.118126	0.387446	0.640327	0.474438	0.637188	0.570356	0.573503	0.608889	0.533333	0.113172	0.620957	0.440994	0.439506	0.264674	0.373649	0.393805	0.579545	0.049455	0.314286	0.653793	0.559453	0.648794	0.586847	0.311187	0.445141	0.577540	0.647059	0.608501	0.648801	0.209101	0.623345	0.557252	0.567568	0.582469	0.628842	0.625917	0.625581	0.620908	0.526144	0.575897	0.587639	0.353741	0.637883	0.612546	0.403343	0.618084	0.593525	0.435220	0.247528	0.612702	0.594203	0.572217	0.631884	0.250777	0.497810	0.390244	0.482419	0.498538	0.633152	0.624049	0.527734	0.622577	0.618877	0.477411	0.530387	0.647264	0.595745	0.454606	0.221341	0.601286	0.632479	0.625000	0.493565	0.461137	0.542857	0.239762	0.575673	0.420990	0.622768	0.630262	0.592666	0.614537	0.575758	0.565619	0.200941	0.533110	0.642317	0.522866	0.640193	0.580833	0.553712	0.603814	0.611534	0.368902	0.637269	0.608879	0.650602	0.652949	0.284929	0.624595	0.643032	0.633423	0.360835	0.628743	0.613377	0.557848	0.418301	0.641745	0.501433	0.637470	0.155928	0.496413	0.628006	0.473029	0.538462	0.608819	0.301746	0.615385	0.532036	0.431723	0.617315	0.564982	0.645251	0.458599	0.622549	0.361174	0.643454	0.631732	0.209645	0.626478	0.610825	0.660000	0.496035	0.611486	0.548718	0.540850	0.550622	0.528155	0.620541	0.625407	0.618736	0.163550	0.631707	0.612440	0.632399	0.659459	0.489138	0.104822	0.598684	0.541267	0.579918	0.283926	0.539043	0.640449	0.623318	0.636501	0.642405	0.626427	0.606349	0.649243	0.626016	0.402670	0.032999	0.304147	0.646809	0.619497	0.558464	0.625310	0.568790	0.416486	0.621714	0.644295	0.505626	0.465772	0.665672	0.635538	0.637640	0.633880	0.334862	0.635638	0.277842	0.521395	0.637333	0.632075	0.487054	0.405229	0.603509	0.304914	0.515873	0.609730	0.617647	0.614549	0.613861	0.592593	0.610592	0.615641	0.451613	0.634082	0.587387	0.614094	0.619325	0.129759	0.642405	0.184545	0.175066	0.590106	0.644501	0.612554	0.639581	0.544762	0.647727	0.605603	0.636255	0.600000	0.595661	0.631741	0.594128	0.482853	0.623974	0.614872	0.624264	0.620843	0.574074	0.640916	0.129067	0.629055	0.539056	0.573614	0.643127	0.635731	0.581244	0.385809	0.518519	0.544856	0.620269	0.289936	0.630695	0.531250	0.478951	0.645349	0.623832	0.592664	0.618462	0.602434	0.630749	0.332722	0.534113	0.633600	0.493827	0.608403	0.284483	0.649930	0.616852	0.644918	0.635118	0.494577	0.624035	0.411039	0.580521	0.644689	0.436831	0.533549	0.622322	0.633039	0.636252	0.581081	0.475017	0.537143	0.234118	0.590643	0.584054	0.629898	0.602620	0.237332	0.633214	0.573883	0.215239	0.642254	0.581281	0.605310	0.630890	0.315789	0.138868	0.097293	0.339411	0.616801	0.573975	0.635995	0.613303	0.582303	0.513725	0.434409	0.609756	0.630769	0.625000	0.617788	0.613803	0.490670	0.622150	0.637333	0.271429	0.633864	0.140780	0.651163	0.591696	0.619617	0.613221	0.597837	0.564195	0.419317	0.595819	0.611486	0.495413	0.564544	0.533227	0.566464	0.580645	0.622348	0.550085	0.595436	0.117381	0.623794	0.579892	0.629032	0.197605	0.366852	0.640434	0.065376	0.693017	0.534884	0.580645	0.639324	0.338777	0.588465	0.402439	0.649046	0.022734	0.636139	0.641566	0.561279	0.603589	0.636015	0.604651	0.535140	0.377143	0.578097	0.516854	1.000000	0.563017	0.572464	0.651282	0.302374	0.577381	0.295122	0.516732	0.643917	0.603774	0.633508	0.526523	0.618619	0.628125	0.636015	0.637647	0.582593	0.486713	0.601375	0.480652	0.532067	0.598967	0.620472	0.477366	0.155560	0.519747	0.507937	0.625608	0.594502	0.572464	0.620776	0.501089	0.330752	0.607251	0.552486	0.608414	0.214539	0.549242	0.525490	0.565619	0.640000	0.532362	0.606264	0.621247	0.527230	0.613169	0.656716	0.575439	0.614872	0.658402	0.647416	0.634027	0.480164	0.331034	0.529750	0.633181	0.638814	0.637070	
0.523671	0.621087	0.613960	0.586055	0.431034	0.626437	0.627278	0.078321	0.609492	0.560592	0.537655	0.641010	0.539411	0.567742	0.594732	0.557656	0.639526	0.460251	0.531280	0.601166	0.557718	0.579203	0.605197	0.541748	0.557836	0.288964	0.639136	0.495468	0.476780	0.524721	0.322132	0.490798	0.536023	0.524752	0.593407	0.512219	0.612957	0.588847	0.411317	0.544474	0.629488	0.604560	0.616038	0.485512	0.532826	0.430571	0.601752	0.431311	0.632000	0.441599	0.537285	0.612930	0.501109	0.560000	0.463617	0.619970	0.481444	0.442083	0.478128	0.570919	0.489235	0.410033	0.640474	0.444915	0.631296	0.587571	0.461053	0.597741	0.471074	0.630835	0.556070	0.565258	0.523997	0.624194	0.565416	0.041154	0.490375	0.614583	0.520344	0.615385	0.500501	0.586762	0.448894	0.602510	0.532430	0.600000	0.595745	0.572207	0.223313	0.620205	0.194702	0.523107	0.618793	0.457023	0.630872	0.655814	0.279915	0.441145	0.636566	0.566636	0.579178	0.449629	0.597066	0.099841	0.638563	0.210136	0.624541	0.222530	0.552286	0.568037	0.296471	0.621078	0.375839	0.405702	0.609040	0.639849	0.213695	0.580247	0.604769	0.589601	0.456830	0.550347	0.218942	0.640790	0.096270	0.495694	0.561694	0.639216	0.576332	0.446541	0.507795	0.604294	0.422993	0.587927	0.588048	0.562617	0.377772	0.620805	0.361582	0.648538	0.642757	0.611433	0.615776	0.627355	0.631498	0.633438	0.647790	0.630564	0.194514	0.576460	0.587734	0.567718	0.551724	0.418757	0.592517	0.432301	0.591065	0.407448	0.629834	0.540438	0.439189	0.621606	0.216749	0.622546	0.629265	0.559708	0.524558	0.629698	0.615509	0.587646	0.614967	0.617936	0.624590	0.639427	0.604278	0.396594	0.476094	0.596610	0.610025	0.601665	0.617336	0.627982	0.416052	0.645341	0.564279	0.641209	0.617742	0.646715	0.622537	0.589883	0.390244	0.364368	0.647362	0.592208	0.622833	0.609060	0.642755	0.636122	0.640613	0.634375	0.550451	0.550752	0.635042	0.574007	0.576147	0.477827	0.490296	0.610687	0.578422	0.552044	0.526725	0.482546	0.640921	0.234146	0.510469	0.615822	0.610313	0.288619	0.627920	0.543071	0.282325	0.356413	0.537594	0.494398	0.513672	0.636136	0.588813	0.590674	0.630361	0.558960	0.259615	0.593033	0.199005	0.557924	0.530534	0.378661	0.628003	0.564644	0.611542	0.623570	0.455404	0.633573	0.635962	0.417749	0.344749	0.629860	0.480000	0.631744	0.301667	0.607959	0.609858	0.514457	0.563124	0.617450	0.198710	0.472652	0.358277	0.616305	0.472927	0.623711	0.564772	0.617717	0.519531	0.511581	0.472279	0.492432	0.566176	0.578708	0.567855	0.064753	0.500000	0.544090	0.505517	0.610484	0.598115	0.635734	0.238443	0.614887	0.461860	0.630460	0.613722	0.525703	0.588339	0.546132	0.561757	0.183187	0.582210	0.473436	0.630930	0.572457	0.497492	0.611173	0.234146	0.429646	0.493800	0.326012	0.612753	0.524496	0.622465	0.471562	0.647059	0.508475	0.471933	0.602826	0.577818	0.408297	0.466040	0.601639	0.243116	0.511581	0.337136	0.321207	0.429342	0.577428	0.616342	0.590747	0.365688	0.559624	0.614430	0.603015	0.647633	0.629818	0.516832	0.446809	0.615723	0.478351	0.603803	0.601653	0.631829	0.390677	0.545283	0.241898	0.545794	0.618611	0.645345	0.603120	0.627964	0.636996	0.216749	0.343249	0.643401	0.610169	0.486562	0.602510	0.596273	0.620994	0.547188	0.619556	0.629921	0.506429	0.648849	0.597148	0.515926	0.343249	0.505071	0.290437	0.458159	0.477171	0.571429	0.503030	0.588946	0.618557	0.630734	0.616719	0.550388	0.635193	0.611864	0.251208	0.623279	0.616987	0.599653	0.602389	0.639943	0.598244	0.363431	0.417678	0.643115	0.636234	0.533333	0.634299	0.418713	0.611018	0.434783	0.387788	0.552754	0.617733	0.427646	0.583111	0.511278	0.259080	0.185095	0.528000	0.608130	0.414317	0.578182	0.620192	0.643059	0.337543	0.246973	0.619161	0.514342	0.495431	0.598491	0.541267	0.620575	0.480000	0.579658	0.145967	0.541825	0.262414	0.592070	0.443024	0.618212	0.542910	0.642961	0.640763	0.589607	0.438503	0.455404	0.628796	0.452229	0.645963	0.646825	0.409140	0.552434	0.651072	0.618868	0.221204	0.486267	0.646780	0.623271	0.358860	0.559829	0.566485	0.126286	0.562500	0.346636	0.415669	0.608403	0.527157	0.638728	0.576443	0.539347	0.044835	0.600513	0.528780	0.417749	0.482546	0.599650	0.495030	0.623865	0.566929	0.411765	0.633255	0.563017	1.000000	0.409639	0.595968	0.497466	0.603360	0.493442	0.622114	0.541063	0.449153	0.581333	0.335632	0.516066	0.513487	0.606643	0.614368	0.419913	0.614182	0.447508	0.300469	0.629310	0.443737	0.502008	0.290437	0.287987	0.624462	0.326012	0.488753	0.447508	0.643003	0.584483	0.630610	0.527387	0.527859	0.391593	0.488253	0.385047	0.366704	0.337543	0.392461	0.585059	0.642455	0.619920	0.627547	0.625307	0.631658	0.535403	0.640906	0.624406	0.577737	0.520118	0.607810	0.620954	0.180905	0.356009	0.534381	0.583862	0.621236	
0.568000	0.521355	0.402762	0.541806	0.631043	0.429405	0.357955	0.021055	0.516517	0.582418	0.595331	0.335106	0.594595	0.560000	0.548287	0.596558	0.455882	0.622328	0.607143	0.513514	0.225806	0.248194	0.519757	0.602020	0.584730	0.084450	0.363811	0.593886	0.640553	0.191586	0.518293	0.613995	0.600791	0.627368	0.257669	0.573770	0.526158	0.239089	0.567708	0.529412	0.467700	0.376000	0.280415	0.164706	0.542636	0.598985	0.268848	0.142857	0.500699	0.141732	0.610568	0.527439	0.174113	0.562832	0.604215	0.446097	0.558442	0.586207	0.566964	0.559727	0.175081	0.633508	0.457002	0.611247	0.396226	0.237885	0.612048	0.545455	0.618938	0.425484	0.577206	0.581132	0.188341	0.510638	0.580645	0.010909	0.615044	0.377622	0.187036	0.490358	0.625000	0.562607	0.603865	0.332162	0.618474	0.373869	0.559865	0.558304	0.557143	0.367347	0.054767	0.593361	0.467700	0.634845	0.393717	0.487417	0.081501	0.612745	0.443627	0.576208	0.539474	0.632353	0.535256	0.027062	0.414474	0.503650	0.428571	0.063295	0.225806	0.564286	0.615873	0.502825	0.623955	0.615385	0.473829	0.357955	0.060567	0.557596	0.263231	0.261411	0.147139	0.213680	0.546763	0.421769	0.026058	0.176966	0.562613	0.379899	0.552448	0.615752	0.175081	0.266010	0.625323	0.546053	0.483333	0.586916	0.114615	0.505327	0.605714	0.399573	0.421646	0.514881	0.537267	0.513120	0.468305	0.358095	0.414020	0.450185	0.456929	0.580882	0.497653	0.233189	0.536155	0.628272	0.266949	0.137006	0.521463	0.634921	0.407448	0.612403	0.138920	0.316054	0.534296	0.302885	0.316583	0.533808	0.621118	0.347426	0.512091	0.497738	0.288770	0.345837	0.519708	0.430233	0.283146	0.121700	0.593750	0.517829	0.532710	0.327812	0.278556	0.370079	0.132446	0.416390	0.251497	0.490305	0.510638	0.445509	0.485014	0.450667	0.621253	0.109916	0.370952	0.541935	0.332162	0.508371	0.435390	0.387230	0.475325	0.493960	0.210702	0.555766	0.471503	0.586387	0.594595	0.159225	0.644144	0.537267	0.549296	0.205658	0.578947	0.628702	0.399575	0.575439	0.602564	0.309329	0.524691	0.084337	0.309836	0.577861	0.616883	0.612717	0.521739	0.169355	0.556237	0.356941	0.251497	0.523274	0.402570	0.575646	0.599327	0.510903	0.520446	0.580882	0.576998	0.114929	0.520833	0.521595	0.562300	0.311624	0.617225	0.379518	0.360000	0.519280	0.586510	0.476698	0.645455	0.486559	0.088628	0.529412	0.528701	0.598291	0.565371	0.301676	0.055983	0.599078	0.599424	0.426434	0.158624	0.371681	0.594796	0.490251	0.593047	0.620087	0.619590	0.596491	0.567812	0.563830	0.232759	0.017318	0.170809	0.561205	0.601732	0.386831	0.522152	0.411441	0.536585	0.504993	0.644550	0.326143	0.287234	0.588710	0.546064	0.568773	0.537634	0.519084	0.574394	0.154982	0.347426	0.562500	0.627706	0.301195	0.568421	0.651515	0.171273	0.587879	0.466045	0.553360	0.489960	0.615741	0.441212	0.589744	0.613583	0.274709	0.552316	0.635171	0.625592	0.510949	0.069729	0.620087	0.100532	0.095142	0.647959	0.516447	0.474667	0.560272	0.581197	0.584906	0.469496	0.515933	0.459799	0.433333	0.623158	0.632099	0.294393	0.620690	0.467675	0.506667	0.502747	0.661202	0.575238	0.069345	0.553271	0.381433	0.422018	0.549273	0.523256	0.418605	0.505415	0.601770	0.363112	0.520930	0.162232	0.521212	0.393873	0.296471	0.575875	0.524927	0.429234	0.579832	0.455665	0.565588	0.188247	0.619469	0.589800	0.596154	0.622328	0.158957	0.585635	0.589011	0.532905	0.553259	0.312655	0.493861	0.247220	0.438007	0.524031	0.614334	0.355597	0.488079	0.536349	0.527473	0.426914	0.293706	0.603989	0.129142	0.436620	0.422145	0.570874	0.477089	0.131023	0.524887	0.593137	0.118162	0.574627	0.428062	0.634271	0.538983	0.177882	0.074792	0.051866	0.192366	0.486331	0.640827	0.548673	0.499299	0.426454	0.577381	0.563574	0.486264	0.621849	0.648889	0.492401	0.595661	0.296936	0.627273	0.562500	0.439024	0.591876	0.075858	0.560000	0.628713	0.513595	0.562384	0.436536	0.401288	0.248031	0.640000	0.602871	0.304103	0.609337	0.351628	0.386899	0.588542	0.562852	0.376494	0.463291	0.062885	0.598214	0.402128	0.507205	0.108000	0.209418	0.547069	0.034581	0.529915	0.590643	0.619792	0.519084	0.191976	0.435807	0.231902	0.615385	0.011901	0.539432	0.608163	0.580977	0.619590	0.545156	0.560510	0.373386	0.215877	0.621410	0.325581	0.572464	0.409639	1.000000	0.564356	0.169735	0.434053	0.165354	0.340234	0.584000	0.655257	0.555932	0.644776	0.581301	0.613734	0.541872	0.514793	0.586118	0.300955	0.637255	0.567823	0.347107	0.628993	0.624729	0.557692	0.084131	0.346154	0.612121	0.613995	0.598039	0.404301	0.515200	0.314214	0.187036	0.557377	0.612466	0.617117	0.117757	0.615819	0.601190	0.610354	0.572917	0.355932	0.486111	0.511561	0.345837	0.461153	0.625000	0.391304	0.484182	0.547101	0.599174	0.531882	0.293478	0.490421	0.622478	0.604555	0.570423	0.506190	
0.618132	0.657111	0.577940	0.661017	0.573269	0.613825	0.557632	0.045872	0.637584	0.645995	0.638814	0.564897	0.635389	0.650386	0.645977	0.641811	0.628352	0.591680	0.636612	0.646532	0.435331	0.461451	0.632054	0.641770	0.637908	0.177296	0.580900	0.615160	0.604230	0.378919	0.478417	0.616990	0.637602	0.625889	0.468437	0.617318	0.662207	0.454395	0.555556	0.610422	0.636727	0.557003	0.500000	0.330559	0.631720	0.572347	0.493268	0.290188	0.629905	0.288083	0.633288	0.658371	0.347645	0.633039	0.595420	0.610628	0.600000	0.574132	0.594675	0.651106	0.348555	0.560656	0.618042	0.599686	0.600677	0.449092	0.572317	0.637441	0.596067	0.601626	0.642487	0.649077	0.373154	0.647374	0.653944	0.023912	0.605882	0.577705	0.370831	0.637317	0.609827	0.638718	0.576324	0.554905	0.625344	0.575634	0.650426	0.644836	0.358268	0.569610	0.116971	0.647887	0.626747	0.590417	0.595097	0.632757	0.171393	0.584906	0.605364	0.650131	0.643541	0.584906	0.638498	0.058749	0.598246	0.338645	0.607211	0.134516	0.425868	0.647208	0.449355	0.658120	0.524702	0.538843	0.628931	0.568536	0.128923	0.636034	0.475962	0.475508	0.298177	0.414622	0.351779	0.607207	0.056604	0.351100	0.649551	0.590352	0.647500	0.571870	0.349393	0.489994	0.559350	0.641148	0.613924	0.642202	0.236529	0.630508	0.529412	0.601375	0.599103	0.642222	0.651376	0.632385	0.625375	0.555556	0.604733	0.612872	0.315152	0.637306	0.627451	0.444565	0.631447	0.560656	0.464720	0.279210	0.623104	0.567657	0.590710	0.623656	0.282808	0.530899	0.348515	0.525745	0.528833	0.622785	0.627286	0.553191	0.638024	0.641975	0.513988	0.555640	0.639650	0.610294	0.491363	0.250150	0.600592	0.627721	0.634483	0.523636	0.498423	0.573955	0.270604	0.601238	0.454073	0.642105	0.649518	0.603951	0.634096	0.599182	0.557983	0.227434	0.574178	0.650943	0.553441	0.641808	0.614535	0.580484	0.613226	0.637205	0.410485	0.623514	0.634000	0.654182	0.666667	0.320523	0.622024	0.642202	0.623116	0.400774	0.626039	0.608696	0.595381	0.374269	0.629310	0.528276	0.648402	0.177070	0.534530	0.633377	0.444030	0.505226	0.615588	0.339024	0.616457	0.562549	0.463316	0.650999	0.590361	0.659740	0.411429	0.643678	0.321932	0.637306	0.620783	0.237134	0.646667	0.631325	0.651054	0.523248	0.591331	0.573529	0.575900	0.570502	0.506151	0.629213	0.607784	0.641975	0.185622	0.645309	0.642697	0.640805	0.649874	0.528022	0.119484	0.595166	0.514783	0.600000	0.319418	0.568675	0.642298	0.632135	0.624826	0.620991	0.605697	0.605263	0.632522	0.636364	0.447084	0.037815	0.341663	0.616601	0.626087	0.580000	0.639535	0.603342	0.380583	0.641550	0.600000	0.537851	0.503886	0.640884	0.630303	0.647520	0.636132	0.297959	0.645161	0.312711	0.553191	0.641791	0.614493	0.520566	0.374269	0.580128	0.342505	0.487455	0.616956	0.610354	0.629744	0.593939	0.617284	0.606322	0.595420	0.478803	0.653514	0.568144	0.590769	0.639650	0.147637	0.620991	0.209127	0.198524	0.564516	0.631579	0.631902	0.656059	0.525043	0.649077	0.637475	0.642616	0.628906	0.610487	0.605974	0.584518	0.517196	0.609351	0.626178	0.646733	0.646444	0.531987	0.632138	0.146857	0.629096	0.585726	0.600000	0.646989	0.641921	0.604775	0.348515	0.493827	0.561072	0.634593	0.326036	0.637387	0.558669	0.518962	0.641509	0.635165	0.611009	0.613636	0.632692	0.647853	0.372987	0.497354	0.606775	0.448148	0.588598	0.320031	0.653696	0.612006	0.634548	0.644107	0.530271	0.630593	0.446215	0.608616	0.650630	0.399232	0.560806	0.635494	0.646989	0.640462	0.594495	0.504290	0.518135	0.264342	0.625926	0.600913	0.624495	0.618557	0.267909	0.646465	0.566038	0.243362	0.638743	0.600561	0.565428	0.645477	0.354441	0.157895	0.110963	0.379389	0.634886	0.565854	0.635561	0.622742	0.609955	0.496454	0.389210	0.615063	0.627841	0.634218	0.634312	0.636735	0.519654	0.604790	0.646766	0.240506	0.633557	0.160046	0.649758	0.575949	0.620225	0.609150	0.621849	0.591379	0.458904	0.579618	0.594427	0.523453	0.563780	0.566385	0.592531	0.562092	0.636005	0.579545	0.607073	0.133675	0.609467	0.607877	0.642082	0.223712	0.407280	0.621997	0.074738	0.644526	0.508772	0.568627	0.640997	0.379609	0.614670	0.445640	0.636735	0.026071	0.654292	0.623955	0.547812	0.596702	0.640382	0.603720	0.561943	0.419404	0.549918	0.555796	0.651282	0.595968	0.564356	1.000000	0.339715	0.604520	0.331742	0.555639	0.631868	0.599686	0.638142	0.490231	0.633333	0.634006	0.649940	0.632743	0.554295	0.516173	0.584906	0.455046	0.557327	0.582677	0.612482	0.448148	0.176657	0.554545	0.483871	0.616990	0.581761	0.602763	0.640094	0.531097	0.370831	0.617318	0.546064	0.610119	0.242583	0.529210	0.492908	0.541176	0.646766	0.562791	0.637131	0.632609	0.551098	0.614035	0.640884	0.604690	0.630366	0.651282	0.643258	0.638347	0.514512	0.294479	0.518261	0.641350	0.648241	0.638743	
0.264794	0.386867	0.479029	0.334287	0.181980	0.478936	0.535628	0.205838	0.379324	0.298121	0.275074	0.564998	0.277989	0.300959	0.363709	0.281619	0.460788	0.204405	0.267743	0.377734	0.636957	0.610320	0.373355	0.261092	0.291702	0.544190	0.538781	0.233203	0.214630	0.639979	0.127699	0.221640	0.269214	0.246127	0.617612	0.255884	0.381255	0.633819	0.174653	0.320560	0.437667	0.519481	0.594933	0.634653	0.276533	0.182791	0.605223	0.621135	0.407176	0.628432	0.272881	0.372056	0.643781	0.311516	0.209139	0.456325	0.236261	0.192461	0.225512	0.326078	0.619760	0.173017	0.455877	0.194863	0.512308	0.625945	0.199647	0.346450	0.213848	0.485337	0.296699	0.286675	0.637448	0.403289	0.306606	0.111674	0.228596	0.524912	0.643411	0.413981	0.237786	0.324013	0.198851	0.561098	0.263315	0.523910	0.330876	0.312215	0.085486	0.537179	0.450006	0.251394	0.439954	0.202822	0.512839	0.430876	0.549407	0.194063	0.460038	0.292417	0.341066	0.194063	0.351799	0.257697	0.500543	0.080075	0.461308	0.476665	0.623900	0.308012	0.116451	0.405162	0.153986	0.168913	0.413204	0.539759	0.481088	0.334967	0.611263	0.603945	0.640561	0.636263	0.083686	0.484804	0.249220	0.633375	0.301667	0.526020	0.316398	0.202822	0.644212	0.612844	0.177102	0.341066	0.409498	0.290268	0.615893	0.373504	0.146430	0.507002	0.487573	0.382388	0.365022	0.391321	0.440122	0.531908	0.500362	0.461307	0.073724	0.296699	0.361736	0.631124	0.312914	0.173017	0.607044	0.627170	0.355125	0.169735	0.494569	0.276533	0.646389	0.577997	0.082785	0.579270	0.573776	0.309415	0.252144	0.549540	0.402038	0.377389	0.601013	0.548606	0.390687	0.477667	0.588568	0.611100	0.225512	0.365678	0.363709	0.552737	0.605739	0.529843	0.617053	0.497820	0.607995	0.413069	0.403289	0.468703	0.418118	0.424009	0.160650	0.611195	0.530683	0.349129	0.565785	0.373504	0.480059	0.512766	0.437572	0.424056	0.628054	0.285955	0.439527	0.317093	0.304493	0.644092	0.222416	0.365022	0.313612	0.641172	0.260350	0.218531	0.510394	0.089972	0.240829	0.575708	0.367641	0.553467	0.572825	0.288833	0.110338	0.143052	0.285955	0.642000	0.256630	0.544704	0.618138	0.351133	0.506648	0.295274	0.100652	0.363709	0.075543	0.296699	0.274344	0.630985	0.383181	0.337005	0.353131	0.572828	0.202029	0.526538	0.542256	0.178731	0.138813	0.430000	0.219310	0.424219	0.561335	0.366333	0.376742	0.240829	0.312215	0.584139	0.458319	0.214630	0.143898	0.451905	0.639887	0.526867	0.292417	0.411375	0.256630	0.233203	0.218531	0.231670	0.303081	0.310816	0.623092	0.172157	0.652388	0.287395	0.236261	0.514711	0.357114	0.499637	0.091760	0.401569	0.205196	0.568484	0.587678	0.261834	0.333606	0.292417	0.306606	0.069162	0.320560	0.643657	0.551583	0.319175	0.236261	0.582474	0.089972	0.184410	0.637081	0.129417	0.429231	0.269214	0.427581	0.213064	0.461481	0.240829	0.209139	0.594729	0.324013	0.172197	0.205196	0.391476	0.507840	0.233203	0.585488	0.585022	0.181169	0.341066	0.430165	0.328138	0.147273	0.286675	0.428736	0.374003	0.451418	0.467832	0.246127	0.191659	0.593042	0.215412	0.416925	0.384311	0.413659	0.159819	0.283067	0.522740	0.290268	0.524648	0.482911	0.348460	0.392590	0.494913	0.082785	0.137112	0.539100	0.365678	0.654223	0.375448	0.492942	0.589629	0.275074	0.388779	0.477315	0.246882	0.455468	0.326765	0.639876	0.137112	0.227826	0.113836	0.204405	0.637805	0.295987	0.230903	0.351133	0.355125	0.578810	0.418280	0.597395	0.480826	0.365678	0.097106	0.543269	0.406714	0.348460	0.360418	0.481741	0.580357	0.147273	0.636935	0.477601	0.481591	0.275804	0.422231	0.632446	0.377389	0.194063	0.624406	0.290985	0.466914	0.180357	0.328823	0.974333	0.529625	0.437999	0.636078	0.397013	0.177102	0.311516	0.408275	0.485693	0.134554	0.095327	0.415988	0.246882	0.227055	0.374152	0.269949	0.590006	0.219310	0.319175	0.054415	0.277261	0.535714	0.335647	0.190857	0.376742	0.291702	0.475483	0.504135	0.627335	0.187639	0.202029	0.584735	0.193262	0.546512	0.518754	0.174653	0.288833	0.527164	0.444865	0.483969	0.225512	0.504840	0.397169	0.604599	0.649152	0.310116	0.318936	0.325390	0.139662	0.174653	0.372204	0.646412	0.472943	0.631791	0.269949	0.121273	0.358437	0.257375	0.178731	0.218531	0.341741	0.243103	0.523109	0.633333	0.173835	0.566777	0.302374	0.497466	0.169735	0.339715	1.000000	0.465896	0.640871	0.555405	0.264794	0.194863	0.328823	0.133700	0.258864	0.239309	0.341741	0.384950	0.178731	0.579066	0.194063	0.118190	0.552757	0.193262	0.235498	0.113836	0.560706	0.550833	0.129417	0.221640	0.194063	0.508096	0.352466	0.579292	0.643411	0.255884	0.162308	0.222416	0.615537	0.149796	0.134554	0.160650	0.319175	0.545517	0.411833	0.395907	0.547927	0.450321	0.261834	0.514387	0.416149	0.302374	0.252893	0.364366	0.590373	0.068246	0.143898	0.252144	0.313612	0.416925	
0.535565	0.604405	0.614340	0.582543	0.449941	0.650419	0.576720	0.070074	0.625668	0.586826	0.571134	0.618687	0.566735	0.576541	0.628415	0.555669	0.616352	0.492588	0.554167	0.611408	0.522066	0.569985	0.603232	0.546793	0.567976	0.261557	0.618060	0.542670	0.512360	0.499794	0.354592	0.491657	0.557173	0.511278	0.540822	0.569915	0.625778	0.550810	0.454762	0.626692	0.626016	0.644231	0.590909	0.462377	0.567901	0.463529	0.575725	0.411348	0.618275	0.398975	0.564633	0.602518	0.456795	0.599412	0.496036	0.622328	0.538126	0.473318	0.524336	0.608445	0.473423	0.436754	0.617323	0.483237	0.638298	0.535941	0.463835	0.598881	0.494938	0.638202	0.580000	0.543611	0.496143	0.620155	0.597633	0.036746	0.519824	0.641043	0.490109	0.637902	0.536957	0.573628	0.482759	0.636136	0.555556	0.642316	0.568160	0.579256	0.247283	0.646465	0.175319	0.547974	0.630894	0.496000	0.633593	0.620974	0.253239	0.481481	0.589623	0.577465	0.629699	0.469907	0.609259	0.089434	0.614035	0.232877	0.658346	0.200685	0.524883	0.604331	0.326848	0.634021	0.404908	0.441777	0.636210	0.611111	0.192624	0.591469	0.557082	0.582545	0.417851	0.524944	0.242507	0.615845	0.086218	0.476080	0.577954	0.621640	0.599222	0.500571	0.474952	0.565796	0.448399	0.578947	0.651361	0.575177	0.343633	0.594789	0.392060	0.616379	0.600149	0.609929	0.574545	0.586690	0.605370	0.625498	0.635500	0.591017	0.215768	0.536000	0.637443	0.561387	0.594330	0.446301	0.527778	0.398134	0.626728	0.436451	0.628196	0.563786	0.402266	0.613801	0.240109	0.603286	0.590303	0.599214	0.543131	0.581606	0.602243	0.641644	0.572238	0.636540	0.599474	0.632219	0.601898	0.362156	0.524336	0.644868	0.581056	0.623830	0.590182	0.620924	0.389728	0.607800	0.583971	0.597623	0.621878	0.580945	0.611765	0.650083	0.417983	0.331194	0.595254	0.605948	0.624843	0.601977	0.608365	0.641906	0.592170	0.621149	0.533333	0.574619	0.627036	0.579203	0.575668	0.439576	0.506667	0.583636	0.568359	0.502180	0.547368	0.500559	0.611310	0.259109	0.532468	0.611442	0.610507	0.261239	0.605012	0.574317	0.311518	0.384040	0.582741	0.468006	0.573545	0.604620	0.552323	0.620945	0.597122	0.575150	0.286853	0.628415	0.220690	0.564000	0.575851	0.344459	0.590426	0.621928	0.606285	0.597963	0.494279	0.596419	0.620186	0.459172	0.381430	0.608119	0.488839	0.605000	0.273247	0.589837	0.599284	0.536797	0.583170	0.578116	0.178968	0.503371	0.391034	0.640700	0.448750	0.643585	0.567404	0.633731	0.537566	0.512035	0.511732	0.528509	0.588702	0.566667	0.561538	0.057892	0.460097	0.583587	0.531590	0.645658	0.584559	0.621245	0.263795	0.617113	0.496583	0.588235	0.607223	0.546218	0.594492	0.579477	0.595661	0.203343	0.578337	0.435924	0.603627	0.598837	0.525054	0.614845	0.259109	0.455399	0.471649	0.358779	0.657829	0.567568	0.625104	0.493243	0.621390	0.528139	0.491506	0.562227	0.587103	0.446834	0.485194	0.629273	0.219500	0.512035	0.305977	0.291262	0.450472	0.612782	0.630182	0.576077	0.396530	0.551724	0.642975	0.618834	0.608626	0.643519	0.530612	0.473868	0.603448	0.505051	0.647506	0.631300	0.628378	0.425791	0.587156	0.218385	0.585267	0.617830	0.597892	0.587907	0.587413	0.635762	0.240109	0.377358	0.591850	0.613987	0.445800	0.634409	0.648175	0.585789	0.554639	0.597540	0.631259	0.547210	0.640379	0.558006	0.501623	0.372327	0.518192	0.320312	0.478905	0.443896	0.558559	0.524698	0.604263	0.582488	0.581381	0.613961	0.554156	0.605004	0.590372	0.277704	0.626728	0.634731	0.578605	0.585544	0.608498	0.605852	0.401487	0.380727	0.614679	0.647014	0.576725	0.597663	0.386112	0.630920	0.488426	0.352941	0.578629	0.630686	0.446281	0.575526	0.478884	0.234120	0.166581	0.506402	0.613380	0.457888	0.583741	0.603935	0.610653	0.368687	0.273092	0.604730	0.532189	0.520971	0.624776	0.548287	0.586466	0.502232	0.575581	0.162393	0.536485	0.237176	0.581439	0.472093	0.581395	0.596173	0.609700	0.595101	0.551515	0.462617	0.487414	0.579164	0.461182	0.613978	0.616888	0.445238	0.584429	0.619178	0.600321	0.199474	0.522124	0.628940	0.582609	0.326087	0.510394	0.577036	0.113287	0.614793	0.383459	0.442857	0.603060	0.498144	0.609962	0.555129	0.542056	0.040041	0.588991	0.549683	0.459172	0.518436	0.572770	0.530744	0.634313	0.521069	0.450536	0.608534	0.577381	0.603360	0.434053	0.604520	0.465896	1.000000	0.461707	0.634333	0.543933	0.469364	0.600382	0.364096	0.575949	0.527115	0.595305	0.614841	0.461538	0.589953	0.474537	0.331177	0.588997	0.475087	0.516903	0.320312	0.260659	0.608527	0.358779	0.502781	0.476852	0.611833	0.629047	0.596745	0.482842	0.542373	0.431515	0.522222	0.351882	0.402469	0.371212	0.417983	0.579457	0.606061	0.620748	0.581882	0.612008	0.614035	0.546218	0.634318	0.600169	0.573413	0.544681	0.580528	0.575688	0.200837	0.388543	0.530351	0.558594	0.613694	
0.258306	0.378817	0.477494	0.326417	0.177314	0.469439	0.535762	0.211168	0.370629	0.290954	0.268373	0.552042	0.271228	0.293735	0.355294	0.274784	0.453744	0.199227	0.261194	0.370629	0.626466	0.620810	0.365549	0.254682	0.284663	0.558584	0.533424	0.227388	0.209223	0.651379	0.124329	0.216078	0.262635	0.240034	0.608593	0.249583	0.372526	0.625394	0.170157	0.312953	0.432513	0.521320	0.597666	0.645729	0.269802	0.178106	0.605914	0.639438	0.400305	0.629071	0.266226	0.364275	0.631037	0.304084	0.203854	0.450829	0.230380	0.187554	0.219864	0.318364	0.640767	0.168559	0.450404	0.189901	0.510832	0.619388	0.194576	0.338352	0.208458	0.476498	0.289560	0.279737	0.642656	0.394948	0.299270	0.114722	0.222881	0.525266	0.643421	0.407745	0.231872	0.316339	0.193798	0.559422	0.256858	0.523596	0.323071	0.304770	0.083181	0.533878	0.457208	0.245188	0.433259	0.197679	0.509955	0.421329	0.547204	0.189119	0.450808	0.285364	0.333068	0.189119	0.343602	0.264172	0.491489	0.077910	0.459400	0.483756	0.630374	0.300648	0.113360	0.396024	0.149978	0.164551	0.406986	0.537112	0.483249	0.327084	0.604067	0.615385	0.630333	0.628230	0.081427	0.480287	0.255514	0.650346	0.294429	0.518085	0.308871	0.197679	0.646177	0.601382	0.172549	0.333068	0.403349	0.283258	0.615060	0.364912	0.142604	0.500703	0.479428	0.374419	0.356583	0.383192	0.432674	0.539554	0.494860	0.452775	0.071724	0.289560	0.353357	0.634741	0.305455	0.168559	0.593261	0.628241	0.346866	0.165354	0.494860	0.269802	0.637719	0.565077	0.080549	0.581749	0.567376	0.302024	0.245922	0.547397	0.393719	0.368728	0.586882	0.547151	0.382568	0.468931	0.601912	0.636617	0.219864	0.357227	0.355294	0.564975	0.596018	0.528728	0.632927	0.491640	0.615069	0.403802	0.394183	0.458622	0.412566	0.421369	0.156484	0.613054	0.530236	0.340981	0.558766	0.364912	0.469823	0.511983	0.429425	0.417640	0.647758	0.279032	0.432836	0.309553	0.297199	0.634750	0.216837	0.356583	0.306139	0.634277	0.253955	0.213038	0.503335	0.087551	0.234848	0.578275	0.359155	0.556808	0.575448	0.281852	0.107401	0.139308	0.279032	0.638647	0.250313	0.535895	0.608619	0.342947	0.497537	0.288163	0.097959	0.355294	0.073496	0.289560	0.267658	0.632288	0.374419	0.329084	0.344909	0.574175	0.196905	0.522039	0.532792	0.174140	0.135171	0.420459	0.213799	0.416290	0.567633	0.357870	0.368093	0.234848	0.304770	0.577033	0.460277	0.209223	0.140133	0.450185	0.648334	0.525812	0.285364	0.402133	0.250313	0.227388	0.213038	0.225888	0.295815	0.303398	0.626840	0.176701	0.644018	0.280443	0.230380	0.510417	0.348819	0.492013	0.089294	0.392488	0.200000	0.558200	0.594913	0.255408	0.325749	0.285364	0.299270	0.067281	0.312953	0.645043	0.543391	0.311594	0.230380	0.588049	0.087551	0.179688	0.652734	0.126005	0.421211	0.262635	0.419586	0.207692	0.457373	0.234848	0.203854	0.594397	0.316339	0.167759	0.200000	0.382568	0.509756	0.227388	0.599506	0.595817	0.176522	0.333068	0.420617	0.320384	0.143426	0.279737	0.423742	0.366186	0.445266	0.466521	0.240034	0.186770	0.584586	0.209987	0.407590	0.376307	0.408953	0.155673	0.276202	0.525071	0.283258	0.520179	0.476259	0.340324	0.384438	0.487371	0.080549	0.133511	0.537809	0.357227	0.642284	0.366822	0.492558	0.586868	0.268373	0.379923	0.474368	0.240772	0.453676	0.319038	0.644535	0.133511	0.222128	0.110811	0.199227	0.646757	0.288862	0.225138	0.342947	0.346866	0.567212	0.410451	0.608670	0.471310	0.357227	0.094502	0.540559	0.399847	0.340324	0.352063	0.472202	0.589045	0.143426	0.637022	0.471739	0.474955	0.269088	0.415094	0.639266	0.368728	0.189119	0.623850	0.283961	0.463441	0.175729	0.321057	0.640714	0.541511	0.444541	0.646011	0.388782	0.172549	0.304084	0.399847	0.477558	0.131016	0.092769	0.408953	0.240772	0.221374	0.365549	0.263354	0.583464	0.213799	0.311594	0.052925	0.270515	0.536062	0.327751	0.185986	0.368093	0.284663	0.462377	0.498592	0.618881	0.182842	0.196905	0.578864	0.188337	0.540396	0.514385	0.170157	0.281852	0.520604	0.441067	0.488446	0.219864	0.503511	0.388163	0.600592	0.635605	0.302711	0.326661	0.317690	0.136000	0.170157	0.363636	0.646892	0.466449	0.630865	0.263354	0.124566	0.350118	0.251043	0.174140	0.213038	0.333731	0.237074	0.520069	0.626947	0.169358	0.566960	0.295122	0.493442	0.165354	0.331742	0.640871	0.461707	1.000000	0.554488	0.258306	0.189901	0.321057	0.130183	0.252500	0.233361	0.333731	0.376935	0.174140	0.577118	0.189119	0.115056	0.544545	0.188337	0.229633	0.110811	0.557413	0.550667	0.126005	0.216078	0.189119	0.499648	0.344256	0.568306	0.638330	0.249583	0.158103	0.216837	0.626807	0.145889	0.131016	0.156484	0.311594	0.538721	0.404110	0.386923	0.547151	0.446415	0.255408	0.510786	0.406831	0.295122	0.246656	0.355939	0.591990	0.066390	0.140133	0.245922	0.306139	0.407590	
0.468775	0.579320	0.616729	0.543952	0.360568	0.627673	0.609279	0.098684	0.577555	0.516028	0.493986	0.638366	0.492406	0.508184	0.565818	0.496815	0.610717	0.398614	0.481811	0.574696	0.601579	0.611702	0.573688	0.478827	0.503937	0.353619	0.634312	0.439966	0.414739	0.585366	0.262017	0.421769	0.482647	0.453642	0.608182	0.470106	0.582026	0.614520	0.349150	0.540046	0.603849	0.645124	0.637194	0.551519	0.488391	0.363798	0.627396	0.503699	0.588398	0.491765	0.474277	0.570194	0.541322	0.530046	0.406897	0.598701	0.441841	0.377524	0.430144	0.538287	0.556708	0.346188	0.607628	0.385289	0.641375	0.602067	0.383275	0.551520	0.411664	0.617866	0.509005	0.495645	0.581752	0.589708	0.529822	0.052115	0.435443	0.645905	0.567175	0.605894	0.446115	0.519757	0.390584	0.657402	0.482535	0.652778	0.539970	0.529638	0.179664	0.656073	0.241519	0.459259	0.605176	0.397569	0.630332	0.591398	0.343325	0.380368	0.606843	0.505114	0.560776	0.380368	0.557111	0.125434	0.626140	0.168818	0.633740	0.275019	0.594931	0.529002	0.240458	0.596808	0.311355	0.338739	0.596299	0.632756	0.264411	0.545045	0.622407	0.615879	0.511811	0.588329	0.176063	0.610526	0.121005	0.554897	0.510903	0.641204	0.531801	0.399306	0.561549	0.619313	0.353571	0.532438	0.607020	0.507886	0.444555	0.562590	0.297322	0.626723	0.612346	0.567972	0.567901	0.573643	0.613546	0.648345	0.628190	0.600259	0.156000	0.498042	0.569971	0.617672	0.527692	0.346188	0.591903	0.485682	0.560940	0.340234	0.629405	0.496397	0.499131	0.662519	0.174257	0.648157	0.624805	0.517375	0.455592	0.620538	0.579387	0.594556	0.628795	0.647317	0.583921	0.618958	0.636364	0.471477	0.433531	0.570392	0.552727	0.644681	0.634450	0.639222	0.490103	0.617359	0.624329	0.580069	0.585535	0.602041	0.590320	0.600135	0.323636	0.434803	0.630137	0.554324	0.650989	0.562590	0.614322	0.636150	0.589488	0.596752	0.607835	0.499208	0.608638	0.532925	0.515528	0.528484	0.428207	0.560639	0.514988	0.578763	0.472698	0.419795	0.633214	0.188605	0.449625	0.642455	0.572049	0.353595	0.649258	0.502370	0.228626	0.291010	0.503962	0.551771	0.472995	0.630580	0.610912	0.560472	0.638272	0.514510	0.209709	0.570182	0.159681	0.502741	0.487961	0.455495	0.566548	0.560300	0.569536	0.637205	0.397915	0.609601	0.636007	0.356506	0.283054	0.591644	0.421142	0.597156	0.366547	0.551124	0.547670	0.449625	0.532717	0.619335	0.246359	0.411311	0.292593	0.609772	0.543646	0.657143	0.503541	0.598208	0.468085	0.436608	0.414676	0.440706	0.517885	0.518119	0.622826	0.081738	0.546504	0.500000	0.446862	0.645161	0.549451	0.628502	0.192157	0.587169	0.400000	0.633192	0.644217	0.471928	0.538346	0.512982	0.522076	0.146734	0.532418	0.530265	0.626030	0.530176	0.446862	0.656942	0.188605	0.364925	0.561224	0.265287	0.619946	0.493947	0.610811	0.412017	0.613607	0.447960	0.403448	0.620199	0.524316	0.344704	0.401732	0.592384	0.299643	0.436608	0.409081	0.391415	0.360889	0.559284	0.600135	0.535552	0.298893	0.500396	0.605245	0.587644	0.620013	0.629371	0.455298	0.376098	0.637581	0.416096	0.613699	0.586648	0.592745	0.322111	0.499205	0.298189	0.506309	0.627610	0.614330	0.538462	0.572836	0.624694	0.174257	0.279851	0.618940	0.570392	0.540646	0.577172	0.630237	0.629482	0.487570	0.571025	0.615674	0.468156	0.621359	0.536364	0.588107	0.279851	0.434122	0.235407	0.395147	0.533590	0.510972	0.437710	0.556047	0.553598	0.626159	0.597544	0.587091	0.611529	0.550073	0.202729	0.644766	0.593361	0.548817	0.556204	0.609404	0.641584	0.298893	0.486339	0.623344	0.636250	0.493590	0.599322	0.494748	0.583095	0.383874	0.455748	0.510638	0.608640	0.357651	0.532124	0.562631	0.318645	0.229897	0.577465	0.586835	0.353571	0.520801	0.586445	0.622360	0.275023	0.199219	0.576318	0.454921	0.427726	0.570812	0.485484	0.625125	0.416027	0.516425	0.116445	0.494400	0.322603	0.537134	0.376429	0.554839	0.516535	0.624365	0.618619	0.606114	0.372462	0.396177	0.630567	0.375439	0.643805	0.631579	0.349150	0.505529	0.640184	0.581747	0.273428	0.430144	0.639570	0.569026	0.425703	0.591017	0.529321	0.158093	0.540212	0.284651	0.349150	0.576369	0.582531	0.597977	0.621244	0.487097	0.056749	0.557425	0.469338	0.356506	0.421502	0.549925	0.448505	0.635632	0.586957	0.347670	0.648363	0.516732	0.622114	0.340234	0.555639	0.555405	0.634333	0.554488	1.000000	0.481752	0.385289	0.533636	0.273408	0.483265	0.442035	0.542474	0.591909	0.356506	0.635495	0.382121	0.243810	0.626784	0.377193	0.433836	0.235407	0.352851	0.640000	0.265287	0.426871	0.382121	0.620565	0.567010	0.646694	0.567175	0.463554	0.326679	0.426508	0.458534	0.303588	0.275023	0.323636	0.522536	0.637326	0.586373	0.579649	0.627601	0.598302	0.471928	0.632137	0.584932	0.518288	0.461791	0.561047	0.634339	0.144869	0.292593	0.470395	0.514988	0.580822	
0.633441	0.624220	0.514632	0.633333	0.609709	0.561798	0.490662	0.034412	0.606599	0.640719	0.638365	0.473600	0.625000	0.636905	0.604712	0.632558	0.573561	0.611418	0.626198	0.606599	0.346325	0.378116	0.610256	0.635332	0.652504	0.135276	0.509905	0.648276	0.622302	0.296897	0.537778	0.626549	0.621019	0.636516	0.390183	0.613115	0.616941	0.365238	0.588933	0.600000	0.591518	0.495544	0.420408	0.257344	0.642633	0.612403	0.405759	0.224711	0.594982	0.223019	0.641390	0.611825	0.271260	0.620087	0.622951	0.564047	0.626712	0.609848	0.607018	0.641243	0.272687	0.587302	0.568376	0.621469	0.535316	0.363530	0.607076	0.620596	0.630631	0.547453	0.654655	0.650307	0.292156	0.611850	0.641176	0.017888	0.616725	0.509350	0.290247	0.596698	0.624573	0.618440	0.611940	0.465079	0.645161	0.487019	0.629371	0.622093	0.437811	0.502172	0.088554	0.635762	0.587054	0.617375	0.534819	0.588369	0.130672	0.611321	0.567164	0.618182	0.610959	0.615094	0.619303	0.044145	0.541586	0.414141	0.561181	0.102068	0.344098	0.624633	0.512586	0.597590	0.594595	0.609218	0.603774	0.495756	0.097753	0.626907	0.397946	0.395408	0.231141	0.328926	0.445000	0.545817	0.042521	0.275465	0.641902	0.519248	0.628242	0.598891	0.272687	0.403111	0.605108	0.638356	0.574822	0.621005	0.181871	0.608472	0.572034	0.534972	0.537166	0.612091	0.608355	0.596535	0.583240	0.491468	0.535266	0.566845	0.395887	0.621622	0.596583	0.356856	0.632801	0.611111	0.399220	0.215897	0.620506	0.596000	0.535266	0.617555	0.218783	0.453718	0.436090	0.442336	0.455927	0.622807	0.638017	0.489256	0.603636	0.588535	0.429071	0.479012	0.609665	0.560081	0.421414	0.192689	0.624561	0.597132	0.612565	0.455477	0.416498	0.504394	0.209005	0.538537	0.381538	0.604265	0.602177	0.564263	0.595794	0.543578	0.601227	0.174670	0.510079	0.617251	0.474603	0.613607	0.556575	0.521500	0.585202	0.599769	0.324635	0.645161	0.581655	0.635971	0.644018	0.249199	0.632509	0.618799	0.628986	0.317347	0.633117	0.634581	0.530574	0.466830	0.637288	0.452381	0.638961	0.135100	0.459016	0.635115	0.520930	0.555556	0.620584	0.264231	0.612111	0.497883	0.382769	0.612081	0.517045	0.632530	0.477327	0.612565	0.404092	0.633634	0.633071	0.182351	0.627204	0.604972	0.612299	0.449438	0.607407	0.518784	0.496587	0.587084	0.561555	0.591065	0.615658	0.595843	0.141783	0.627604	0.609694	0.654237	0.648256	0.442182	0.090486	0.618705	0.558635	0.549784	0.248303	0.512730	0.636364	0.597619	0.651391	0.637931	0.627451	0.619377	0.642963	0.609329	0.356243	0.028338	0.266381	0.658499	0.650685	0.513711	0.620690	0.543162	0.459658	0.612394	0.606618	0.462139	0.428373	0.624595	0.628651	0.633333	0.617647	0.380208	0.620000	0.242874	0.485950	0.624642	0.643836	0.447349	0.452088	0.610039	0.267067	0.548673	0.572738	0.601911	0.589183	0.646209	0.572334	0.623729	0.633880	0.409880	0.632624	0.592445	0.628676	0.604709	0.112214	0.637931	0.160227	0.151893	0.622568	0.621918	0.584862	0.613221	0.562368	0.631902	0.579909	0.609475	0.575163	0.569647	0.639866	0.614801	0.438122	0.642729	0.581861	0.604768	0.609412	0.581967	0.636785	0.111610	0.636225	0.513926	0.553320	0.634278	0.602469	0.540488	0.431078	0.555315	0.500430	0.599739	0.253670	0.608696	0.511583	0.435218	0.635220	0.621891	0.552846	0.612040	0.578158	0.617772	0.292019	0.563991	0.617801	0.516129	0.622468	0.248800	0.640602	0.620451	0.614765	0.641811	0.456799	0.603509	0.373107	0.550254	0.620600	0.467470	0.487764	0.608383	0.620783	0.629776	0.544715	0.434351	0.566596	0.204001	0.560575	0.564206	0.637363	0.590278	0.206851	0.626752	0.592453	0.187293	0.638298	0.548287	0.615984	0.623596	0.276814	0.120170	0.083941	0.298035	0.607099	0.593320	0.622999	0.601198	0.542543	0.572052	0.464891	0.583529	0.642140	0.632867	0.612821	0.635930	0.443011	0.626335	0.638968	0.309783	0.619718	0.121841	0.634349	0.623574	0.607143	0.619120	0.547150	0.535104	0.376671	0.624521	0.644444	0.448352	0.608696	0.497911	0.527753	0.600791	0.629008	0.520426	0.565789	0.101419	0.628070	0.544256	0.593137	0.171728	0.322782	0.610219	0.056274	0.625177	0.564655	0.596838	0.625483	0.297465	0.558187	0.355023	0.629571	0.019509	0.626984	0.630719	0.590998	0.627451	0.632011	0.610455	0.503100	0.332088	0.582178	0.480125	0.643917	0.541063	0.584000	0.631868	0.264794	0.543933	0.258306	0.481752	1.000000	0.621469	0.632022	0.555799	0.641694	0.632653	0.623803	0.604010	0.594912	0.442671	0.615094	0.523918	0.485549	0.620038	0.651801	0.511521	0.134778	0.482702	0.557522	0.640708	0.618868	0.547529	0.613119	0.451321	0.290247	0.642623	0.586558	0.625442	0.186675	0.592437	0.550218	0.593047	0.636103	0.503378	0.591449	0.601966	0.490535	0.578261	0.621359	0.531250	0.593640	0.637982	0.653465	0.619608	0.432624	0.375979	0.562900	0.634711	0.620290	0.610130	
0.591337	0.557746	0.451111	0.588235	0.636792	0.470721	0.401104	0.024466	0.553802	0.599653	0.616514	0.379638	0.622951	0.595525	0.564636	0.631769	0.491145	0.637168	0.631776	0.533716	0.258065	0.283140	0.545718	0.631179	0.598592	0.097626	0.411215	0.601227	0.649462	0.219561	0.568245	0.637131	0.618250	0.660079	0.293725	0.597303	0.565714	0.272953	0.616867	0.545156	0.506832	0.415131	0.319072	0.189166	0.595978	0.621176	0.306193	0.164363	0.538874	0.163084	0.627306	0.561863	0.199818	0.580537	0.633188	0.486874	0.576065	0.608696	0.597077	0.580227	0.200913	0.644068	0.499408	0.627273	0.438579	0.271605	0.632287	0.574961	0.642241	0.465934	0.591304	0.634581	0.215898	0.538043	0.607810	0.012687	0.616977	0.418605	0.214425	0.531044	0.630303	0.602606	0.606742	0.372968	0.627599	0.405458	0.586538	0.596315	0.527331	0.407547	0.063465	0.612086	0.514286	0.622222	0.434077	0.516539	0.094239	0.637813	0.491145	0.583480	0.563380	0.637813	0.570992	0.031431	0.447508	0.504918	0.473746	0.073297	0.258065	0.585448	0.578035	0.533153	0.635897	0.602941	0.517834	0.399264	0.070153	0.580952	0.299932	0.297901	0.169231	0.244444	0.543689	0.466594	0.030268	0.203046	0.587629	0.423002	0.597015	0.600000	0.200913	0.303030	0.650718	0.575900	0.505992	0.614841	0.132172	0.555233	0.629921	0.448811	0.466231	0.557610	0.565926	0.557880	0.509950	0.403330	0.457627	0.492891	0.463087	0.608696	0.531343	0.266344	0.571906	0.629540	0.304077	0.157706	0.560606	0.640587	0.455508	0.625229	0.159884	0.358598	0.545455	0.344019	0.359184	0.576728	0.630350	0.389634	0.547684	0.536023	0.328358	0.391459	0.567039	0.466891	0.322108	0.140261	0.609603	0.547337	0.570579	0.368421	0.317003	0.408787	0.152513	0.462527	0.286832	0.539177	0.551630	0.489607	0.528105	0.486556	0.648241	0.126801	0.415238	0.559140	0.376390	0.558140	0.469663	0.429142	0.511860	0.533505	0.241096	0.589286	0.515567	0.622517	0.607509	0.182952	0.648421	0.565926	0.597663	0.235420	0.605714	0.655319	0.440329	0.563291	0.629259	0.351157	0.571429	0.097496	0.351719	0.609929	0.607670	0.631300	0.564286	0.194432	0.580769	0.398165	0.286832	0.544343	0.439378	0.607330	0.579268	0.549777	0.493333	0.601739	0.606618	0.132530	0.557610	0.552923	0.587519	0.353698	0.636971	0.420643	0.405180	0.576190	0.575269	0.519182	0.645435	0.526452	0.102421	0.573117	0.562771	0.649299	0.589615	0.342679	0.064868	0.636559	0.619048	0.477791	0.182270	0.408397	0.625659	0.531375	0.619231	0.646217	0.646809	0.579055	0.592466	0.598319	0.265861	0.020130	0.196078	0.590747	0.653144	0.428714	0.576169	0.453191	0.528302	0.546448	0.653422	0.369748	0.326652	0.633776	0.589172	0.601054	0.573854	0.484642	0.597701	0.178138	0.389634	0.583196	0.640974	0.342146	0.550633	0.655738	0.196604	0.559557	0.506394	0.592179	0.516710	0.639309	0.495327	0.617234	0.659389	0.312722	0.599349	0.645631	0.635762	0.550279	0.080704	0.646217	0.116064	0.109890	0.647754	0.560250	0.507042	0.583871	0.643979	0.606061	0.509554	0.559420	0.512696	0.482204	0.632411	0.637615	0.334601	0.643777	0.511873	0.535411	0.529644	0.639798	0.607914	0.080263	0.575972	0.422701	0.467331	0.584615	0.559110	0.456103	0.506494	0.567568	0.408582	0.553254	0.186362	0.555716	0.427513	0.336907	0.620183	0.555400	0.474804	0.607495	0.491103	0.592233	0.215792	0.616216	0.630705	0.606414	0.646018	0.182648	0.606272	0.617284	0.559633	0.581818	0.354839	0.534031	0.282051	0.476510	0.568047	0.549383	0.400366	0.532258	0.572308	0.568862	0.483763	0.333839	0.602094	0.148749	0.480181	0.469933	0.604396	0.522639	0.150892	0.573487	0.633257	0.136223	0.606702	0.470183	0.658768	0.589372	0.204082	0.086529	0.060118	0.220441	0.542700	0.626794	0.597315	0.521505	0.466960	0.599455	0.546584	0.521739	0.635108	0.636175	0.528302	0.613383	0.337423	0.636943	0.593081	0.411552	0.613139	0.087754	0.586371	0.657471	0.559885	0.588028	0.478261	0.444444	0.282958	0.635731	0.645880	0.345369	0.621005	0.397830	0.434524	0.592771	0.602837	0.421256	0.499391	0.072824	0.638831	0.442842	0.540690	0.124611	0.239651	0.589226	0.040139	0.568182	0.600536	0.645783	0.556851	0.220000	0.479545	0.264901	0.631970	0.013840	0.574436	0.614203	0.590476	0.634043	0.593750	0.577689	0.418112	0.246914	0.628019	0.369128	0.603774	0.449153	0.655257	0.599686	0.194863	0.469364	0.189901	0.385289	0.621469	1.000000	0.605475	0.612022	0.608031	0.635815	0.584375	0.540311	0.600000	0.341880	0.642369	0.574713	0.391071	0.634703	0.658537	0.559767	0.097259	0.390027	0.626039	0.637131	0.637813	0.449532	0.560976	0.356564	0.214425	0.589595	0.625000	0.640000	0.135761	0.607792	0.599455	0.618090	0.602965	0.400732	0.527297	0.550484	0.387900	0.504222	0.648956	0.437312	0.525066	0.600343	0.652427	0.575668	0.333586	0.465753	0.613757	0.634241	0.587646	0.532982	
0.620787	0.639731	0.567993	0.632099	0.571901	0.600561	0.550473	0.044151	0.635535	0.649077	0.647383	0.534328	0.632877	0.635171	0.655738	0.612245	0.612840	0.590837	0.634078	0.637813	0.419936	0.453026	0.627586	0.628006	0.638184	0.171075	0.561151	0.600000	0.622291	0.367048	0.462963	0.601527	0.640669	0.628821	0.463371	0.594286	0.646992	0.441718	0.560403	0.620253	0.622718	0.546205	0.494872	0.319904	0.620879	0.557756	0.475896	0.280616	0.647249	0.278569	0.633472	0.633641	0.336551	0.648649	0.607199	0.612365	0.599407	0.572816	0.612121	0.639098	0.338254	0.562290	0.625731	0.592593	0.591767	0.437535	0.586922	0.642512	0.610853	0.608616	0.653439	0.641509	0.361424	0.643402	0.631169	0.023005	0.599398	0.553998	0.359158	0.635394	0.615385	0.626415	0.581470	0.528889	0.645070	0.540182	0.623602	0.622108	0.369919	0.560838	0.112735	0.628242	0.616633	0.602219	0.589546	0.626680	0.165361	0.590323	0.589494	0.626667	0.634146	0.580645	0.638756	0.056559	0.583630	0.345679	0.601156	0.129690	0.413574	0.642487	0.459203	0.641304	0.535902	0.550085	0.622601	0.555205	0.124283	0.633785	0.462379	0.468034	0.288385	0.401817	0.363265	0.590494	0.054491	0.341567	0.642202	0.576636	0.637755	0.564184	0.338254	0.477648	0.557596	0.646341	0.598712	0.637216	0.228490	0.621404	0.533808	0.594077	0.595086	0.633484	0.640187	0.634744	0.611168	0.562599	0.592000	0.614634	0.325678	0.613757	0.615746	0.433170	0.631579	0.572391	0.454545	0.269943	0.620690	0.566102	0.588444	0.640110	0.273440	0.517045	0.359918	0.510959	0.527738	0.630491	0.624460	0.543077	0.636066	0.630857	0.494412	0.548659	0.624303	0.598881	0.484809	0.241712	0.603030	0.630105	0.625293	0.516556	0.490758	0.555375	0.261579	0.597309	0.445481	0.627409	0.634678	0.590258	0.625793	0.586279	0.549223	0.219666	0.560520	0.653846	0.536296	0.630610	0.590103	0.571429	0.619145	0.635319	0.397807	0.647773	0.621951	0.631847	0.654498	0.310131	0.612805	0.630841	0.628205	0.389268	0.634561	0.596006	0.584562	0.386318	0.626471	0.524407	0.641860	0.170856	0.522346	0.644295	0.446154	0.523297	0.631579	0.328151	0.619116	0.560189	0.452478	0.625150	0.572426	0.636605	0.424361	0.634660	0.332640	0.642857	0.623448	0.229077	0.649321	0.631450	0.644391	0.512281	0.571429	0.579470	0.564184	0.532446	0.509946	0.637591	0.598160	0.631799	0.179138	0.636364	0.633867	0.641176	0.634961	0.505119	0.115164	0.609907	0.508050	0.581854	0.309056	0.563059	0.637333	0.625806	0.619116	0.620896	0.614439	0.601796	0.650980	0.623711	0.432462	0.036390	0.330722	0.632571	0.617211	0.555743	0.627962	0.579839	0.388778	0.628697	0.586751	0.532458	0.489529	0.632768	0.650185	0.624000	0.631169	0.308017	0.643038	0.302527	0.540000	0.637056	0.629080	0.511247	0.382294	0.582237	0.331542	0.476015	0.610592	0.612813	0.619395	0.602484	0.615236	0.614706	0.600939	0.474811	0.636478	0.563238	0.599369	0.657748	0.142375	0.620896	0.201913	0.191637	0.569536	0.626829	0.609148	0.634207	0.522202	0.611860	0.627329	0.629162	0.621032	0.602662	0.640466	0.576985	0.504011	0.599691	0.621938	0.635851	0.640426	0.539792	0.643148	0.141621	0.629183	0.556941	0.594096	0.659446	0.642222	0.599103	0.359918	0.500907	0.553871	0.623104	0.315500	0.637615	0.552398	0.504371	0.628099	0.644295	0.601490	0.619186	0.621094	0.638298	0.361261	0.504537	0.609351	0.450382	0.600316	0.309653	0.633113	0.605697	0.615569	0.625446	0.522167	0.617989	0.435382	0.602791	0.639440	0.407921	0.539608	0.642162	0.625752	0.631331	0.607076	0.500334	0.525755	0.255495	0.609023	0.591288	0.627235	0.605870	0.258960	0.635429	0.564516	0.235122	0.620321	0.592593	0.567164	0.633416	0.343175	0.152298	0.106933	0.368397	0.619625	0.560935	0.669241	0.616216	0.598714	0.500000	0.401590	0.623404	0.627907	0.628399	0.627586	0.634214	0.509091	0.616564	0.637056	0.248908	0.603567	0.154379	0.647783	0.587662	0.624714	0.611482	0.600948	0.587413	0.445853	0.578431	0.584127	0.508591	0.581583	0.559441	0.575273	0.567114	0.644295	0.574013	0.608782	0.128877	0.609091	0.602431	0.629139	0.216056	0.397620	0.614194	0.071973	0.629862	0.505415	0.557047	0.648212	0.367721	0.605090	0.429967	0.631433	0.025084	0.631206	0.621083	0.555740	0.605223	0.638246	0.591508	0.551272	0.405502	0.551261	0.536052	0.633508	0.581333	0.555932	0.638142	0.328823	0.600382	0.321057	0.533636	0.632022	0.605475	1.000000	0.500914	0.625000	0.613569	0.633374	0.623874	0.559068	0.500000	0.580645	0.465028	0.550346	0.584814	0.641902	0.442748	0.170457	0.546012	0.487085	0.598473	0.603226	0.600701	0.630824	0.520141	0.359158	0.631429	0.547332	0.621951	0.234366	0.526502	0.503650	0.535406	0.657360	0.549451	0.615880	0.639381	0.551724	0.621782	0.635593	0.577250	0.630458	0.636126	0.632184	0.619883	0.506667	0.304440	0.500894	0.630216	0.625641	0.632588	
0.533917	0.452830	0.346247	0.497297	0.628571	0.358722	0.288253	0.016304	0.459069	0.528827	0.543524	0.269124	0.534737	0.508876	0.470785	0.520833	0.377749	0.608466	0.537961	0.443018	0.179031	0.197297	0.448780	0.561947	0.522267	0.065870	0.293173	0.559036	0.588235	0.151295	0.561404	0.580000	0.552916	0.578704	0.205056	0.521348	0.453674	0.189857	0.539589	0.471028	0.396717	0.305120	0.223755	0.129663	0.541226	0.558405	0.214233	0.112178	0.425595	0.111280	0.555556	0.469821	0.137218	0.505747	0.604167	0.379581	0.525060	0.584022	0.538272	0.500921	0.137996	0.601770	0.378729	0.573770	0.320527	0.188875	0.629032	0.481675	0.589744	0.349282	0.538922	0.550308	0.148676	0.441088	0.528155	0.008438	0.586797	0.304802	0.147624	0.424597	0.560570	0.507407	0.576819	0.266667	0.567033	0.304622	0.501818	0.516252	0.540084	0.296146	0.042572	0.560364	0.396717	0.606383	0.320175	0.410112	0.063547	0.580822	0.377749	0.509091	0.481416	0.630137	0.475043	0.020969	0.336018	0.502165	0.365262	0.049249	0.179031	0.510638	0.580882	0.436090	0.639241	0.610778	0.415813	0.288253	0.047112	0.503597	0.209620	0.208125	0.115598	0.169177	0.595745	0.348033	0.020189	0.139513	0.527559	0.306723	0.514178	0.526596	0.137996	0.211901	0.610465	0.484956	0.407681	0.532520	0.089708	0.465798	0.592834	0.326988	0.345972	0.457870	0.475874	0.444790	0.397260	0.289970	0.335632	0.379221	0.500000	0.546906	0.453020	0.185044	0.492366	0.631268	0.212673	0.107511	0.467577	0.626866	0.335632	0.520085	0.109037	0.253252	0.547009	0.242324	0.253692	0.493256	0.572727	0.279426	0.430303	0.438710	0.230648	0.278095	0.454829	0.357405	0.226006	0.095331	0.558025	0.455150	0.474124	0.264493	0.222222	0.300103	0.103878	0.339535	0.200000	0.430044	0.435045	0.368687	0.422576	0.396040	0.635802	0.085984	0.299180	0.481802	0.266667	0.459283	0.357843	0.314655	0.401651	0.413105	0.166762	0.522634	0.400549	0.509434	0.535156	0.125268	0.588529	0.462562	0.514286	0.162674	0.558758	0.601010	0.325167	0.611570	0.578824	0.247668	0.469421	0.065781	0.248088	0.530612	0.603774	0.627063	0.502058	0.133394	0.538117	0.287402	0.200000	0.479310	0.327722	0.541082	0.574803	0.460768	0.601770	0.542914	0.527660	0.089957	0.454690	0.465116	0.487136	0.249573	0.576000	0.306401	0.289970	0.526012	0.563758	0.409605	0.574307	0.410842	0.069162	0.470978	0.462036	0.569412	0.516252	0.241322	0.043524	0.603581	0.611842	0.376812	0.124786	0.299795	0.545455	0.426667	0.551570	0.612048	0.575758	0.532688	0.517647	0.514395	0.184693	0.013404	0.134562	0.520492	0.553699	0.314316	0.475382	0.337182	0.532787	0.443769	0.622691	0.261649	0.229379	0.556291	0.498195	0.521212	0.497087	0.575342	0.508411	0.121870	0.279426	0.502814	0.577566	0.240924	0.611570	0.611898	0.134935	0.599303	0.406780	0.505400	0.411932	0.601542	0.373402	0.564706	0.614583	0.219055	0.507407	0.621302	0.606860	0.442368	0.054295	0.612048	0.078558	0.074300	0.653295	0.470796	0.407355	0.498168	0.610390	0.525667	0.407876	0.457792	0.387782	0.366374	0.583333	0.591160	0.235294	0.602041	0.412281	0.446203	0.420438	0.631579	0.543568	0.053994	0.500000	0.308017	0.352232	0.482639	0.449612	0.339535	0.547009	0.567568	0.292585	0.458472	0.127678	0.457050	0.330654	0.237013	0.543524	0.453834	0.356532	0.540416	0.379714	0.492647	0.148601	0.668919	0.558824	0.617100	0.608466	0.125054	0.528000	0.543689	0.458621	0.481229	0.250429	0.417391	0.196501	0.356098	0.471761	0.576000	0.286275	0.432836	0.486111	0.471380	0.356532	0.234727	0.590909	0.101248	0.360939	0.354369	0.521186	0.412017	0.102745	0.458065	0.564384	0.092522	0.515213	0.365915	0.643678	0.500914	0.140250	0.058272	0.040304	0.151925	0.435583	0.604651	0.505747	0.429851	0.350120	0.593857	0.596774	0.417518	0.558891	0.584767	0.452033	0.547414	0.237398	0.579345	0.517824	0.492611	0.552743	0.059109	0.491921	0.609418	0.455574	0.497976	0.365000	0.328459	0.197164	0.621849	0.586667	0.243333	0.598901	0.282946	0.312634	0.592375	0.526531	0.303850	0.388220	0.048928	0.562963	0.325530	0.442396	0.084466	0.165721	0.492308	0.026819	0.490775	0.581940	0.598240	0.460784	0.151610	0.362283	0.183995	0.551724	0.009206	0.470389	0.541387	0.554913	0.580808	0.480565	0.532710	0.302905	0.170960	0.588235	0.261181	0.526523	0.335632	0.644776	0.490231	0.133700	0.364096	0.130183	0.273408	0.555799	0.612022	0.500914	1.000000	0.507795	0.586288	0.477032	0.445498	0.560694	0.240725	0.602740	0.598540	0.279159	0.620879	0.598086	0.565056	0.065618	0.278360	0.634146	0.575000	0.569863	0.329200	0.463918	0.251724	0.147624	0.516854	0.625767	0.578554	0.092201	0.617363	0.587031	0.654321	0.517824	0.286555	0.425406	0.443760	0.278095	0.386755	0.560706	0.316360	0.423977	0.510806	0.575964	0.466667	0.234538	0.513761	0.651316	0.586364	0.518095	0.426901	
0.622150	0.615385	0.494405	0.615169	0.587771	0.558187	0.473504	0.033542	0.602564	0.645455	0.633758	0.468599	0.632911	0.647590	0.616402	0.653061	0.559140	0.616822	0.660194	0.610256	0.338926	0.370189	0.593264	0.640394	0.642089	0.132026	0.496097	0.671329	0.642336	0.290369	0.561086	0.588869	0.619355	0.590832	0.380772	0.651163	0.620690	0.357522	0.622490	0.618497	0.565315	0.504488	0.414501	0.251557	0.619048	0.618110	0.397368	0.219565	0.591074	0.217907	0.624000	0.625974	0.265208	0.639175	0.613678	0.571118	0.645833	0.611538	0.633452	0.642857	0.266608	0.572581	0.564655	0.623327	0.529963	0.355843	0.548204	0.610959	0.628885	0.535750	0.613982	0.599379	0.285714	0.595849	0.666667	0.017432	0.618375	0.514798	0.283841	0.590476	0.622837	0.596844	0.632576	0.471246	0.647059	0.506763	0.602546	0.638235	0.446701	0.496938	0.086374	0.617450	0.569820	0.649156	0.525725	0.570771	0.127525	0.639847	0.533333	0.616564	0.639889	0.605364	0.620596	0.043034	0.539961	0.427835	0.572340	0.099573	0.337808	0.655786	0.536131	0.598540	0.553911	0.606925	0.592857	0.487179	0.095358	0.614306	0.389677	0.388462	0.225867	0.321827	0.428571	0.534137	0.041450	0.269333	0.613534	0.508566	0.650146	0.630394	0.266608	0.394788	0.594810	0.587258	0.604317	0.625578	0.177608	0.596628	0.581897	0.521905	0.527473	0.597964	0.577836	0.570000	0.572717	0.491409	0.539435	0.545847	0.398950	0.583587	0.600266	0.349280	0.637298	0.600806	0.388235	0.210929	0.621803	0.597561	0.541383	0.647619	0.213757	0.456489	0.439898	0.439060	0.448012	0.639053	0.599665	0.469218	0.585067	0.617761	0.418833	0.478873	0.583229	0.546201	0.407177	0.188199	0.622776	0.635046	0.579365	0.453608	0.409245	0.502655	0.204178	0.523107	0.374768	0.569378	0.600733	0.535300	0.580189	0.576389	0.569647	0.170560	0.485437	0.623978	0.472843	0.604410	0.544707	0.521659	0.549774	0.584400	0.317610	0.622084	0.586907	0.622999	0.633782	0.243569	0.623656	0.588391	0.601173	0.310451	0.631579	0.614828	0.515640	0.441103	0.635739	0.446108	0.614173	0.131854	0.446777	0.615147	0.516588	0.539130	0.631415	0.258312	0.616915	0.482523	0.373531	0.607870	0.513359	0.625000	0.491484	0.632275	0.386423	0.610942	0.644338	0.178078	0.600509	0.645251	0.621622	0.444612	0.620301	0.493694	0.493127	0.584493	0.567033	0.575723	0.592058	0.566434	0.138388	0.589474	0.585052	0.632302	0.620588	0.430139	0.088261	0.616788	0.559653	0.552402	0.242691	0.514589	0.616564	0.603365	0.620232	0.615385	0.643761	0.635088	0.623688	0.598820	0.348677	0.027620	0.260421	0.641860	0.642361	0.523020	0.592493	0.512219	0.468828	0.596319	0.608209	0.454046	0.420979	0.629508	0.613221	0.634969	0.642857	0.377660	0.609827	0.237368	0.470882	0.634783	0.642361	0.441198	0.461153	0.600000	0.261094	0.558559	0.601156	0.632258	0.590012	0.611722	0.553781	0.632302	0.587800	0.404027	0.614060	0.610101	0.604478	0.615770	0.109485	0.615385	0.156427	0.148275	0.588933	0.623269	0.587963	0.591750	0.559140	0.618012	0.594470	0.633894	0.562637	0.572327	0.614601	0.616570	0.430615	0.644809	0.596908	0.613435	0.591449	0.583333	0.651017	0.108895	0.616333	0.497738	0.537525	0.613915	0.593516	0.534907	0.445013	0.582781	0.488312	0.598155	0.247954	0.614987	0.521401	0.430526	0.624204	0.587940	0.534836	0.644068	0.574514	0.610556	0.285580	0.534216	0.608850	0.507042	0.609346	0.243178	0.636225	0.629174	0.616011	0.602961	0.447468	0.580874	0.363968	0.530194	0.579710	0.491400	0.494477	0.604595	0.605730	0.591212	0.524590	0.426838	0.580645	0.199277	0.550725	0.546381	0.642289	0.560748	0.202067	0.628057	0.639847	0.182916	0.643077	0.534031	0.586139	0.616477	0.270657	0.117260	0.081870	0.291486	0.585909	0.618762	0.603829	0.575574	0.536831	0.537778	0.464198	0.567696	0.616949	0.638298	0.608808	0.624799	0.429704	0.624549	0.605797	0.316667	0.599049	0.118893	0.633053	0.602317	0.585052	0.645161	0.547544	0.506692	0.368742	0.607004	0.620301	0.430361	0.560461	0.487805	0.518790	0.618474	0.621329	0.508050	0.548673	0.098939	0.633452	0.529412	0.574257	0.167681	0.315789	0.611521	0.054866	0.626609	0.583333	0.578313	0.616385	0.290927	0.535826	0.347477	0.618357	0.019012	0.582888	0.629139	0.600398	0.618445	0.600277	0.622222	0.501338	0.324933	0.595573	0.464314	0.618619	0.516066	0.581301	0.633333	0.258864	0.575949	0.252500	0.483265	0.641694	0.608031	0.625000	0.507795	1.000000	0.620690	0.614108	0.610127	0.596421	0.433577	0.616858	0.524362	0.473815	0.591171	0.619130	0.521127	0.131539	0.482587	0.527027	0.649910	0.628352	0.532567	0.638701	0.449506	0.283841	0.604651	0.608696	0.623656	0.182310	0.559829	0.537778	0.586279	0.605797	0.482993	0.580336	0.583127	0.475559	0.557018	0.636066	0.514815	0.580262	0.621622	0.622074	0.602378	0.425107	0.378667	0.550976	0.633166	0.583578	0.580262	
0.615646	0.599739	0.499478	0.620991	0.627859	0.531217	0.466783	0.030708	0.591512	0.630915	0.647841	0.445724	0.646865	0.623824	0.605479	0.621931	0.546460	0.636542	0.652027	0.591512	0.314415	0.343886	0.587131	0.638079	0.633600	0.121385	0.477374	0.619048	0.628352	0.268802	0.533654	0.647834	0.643098	0.639432	0.356270	0.628472	0.605020	0.331935	0.605932	0.594595	0.563805	0.468750	0.385794	0.232480	0.635762	0.634855	0.370817	0.202634	0.577833	0.201089	0.654424	0.604839	0.245241	0.600306	0.656311	0.536313	0.592727	0.627530	0.615672	0.614243	0.246551	0.625532	0.554324	0.639839	0.502879	0.330352	0.648111	0.613636	0.633397	0.525336	0.645570	0.637540	0.264439	0.595208	0.625387	0.015948	0.640741	0.479339	0.262684	0.579853	0.641304	0.611028	0.653386	0.437194	0.651877	0.457987	0.619677	0.629969	0.467391	0.465533	0.079256	0.659649	0.563805	0.619329	0.490892	0.569395	0.117224	0.641129	0.539823	0.607029	0.609195	0.608871	0.609551	0.039414	0.504000	0.453039	0.527352	0.091419	0.314415	0.620370	0.565757	0.582915	0.608501	0.615054	0.579853	0.459790	0.087534	0.620087	0.363517	0.361147	0.208506	0.298331	0.464481	0.527835	0.037961	0.249101	0.641628	0.483841	0.633333	0.607495	0.246551	0.367131	0.635789	0.620690	0.554455	0.629213	0.163615	0.606711	0.607306	0.509766	0.521026	0.610526	0.590164	0.602067	0.559814	0.467487	0.517483	0.552719	0.428169	0.632911	0.588721	0.324166	0.625954	0.617021	0.365691	0.194591	0.596932	0.618026	0.511489	0.632450	0.197223	0.423676	0.465753	0.408683	0.424337	0.621538	0.644483	0.450680	0.584071	0.575233	0.396564	0.457240	0.597671	0.531646	0.387913	0.173450	0.623134	0.605730	0.594521	0.430769	0.382007	0.474638	0.188307	0.510595	0.348209	0.572840	0.592686	0.543879	0.591241	0.539379	0.632967	0.157074	0.476965	0.610169	0.438825	0.593289	0.519535	0.483475	0.554779	0.581032	0.294368	0.622366	0.553488	0.629349	0.637636	0.225020	0.627820	0.601093	0.612805	0.287643	0.646048	0.637571	0.501458	0.498660	0.636691	0.419847	0.619565	0.121225	0.422018	0.631240	0.535354	0.594470	0.589951	0.238793	0.613518	0.460331	0.348209	0.596343	0.504892	0.615873	0.519481	0.597260	0.436975	0.626582	0.632280	0.164051	0.607895	0.591304	0.610644	0.419677	0.632411	0.477860	0.469244	0.578616	0.578089	0.574493	0.640152	0.574519	0.127269	0.618529	0.594667	0.633094	0.623853	0.410142	0.080994	0.636015	0.602299	0.525843	0.224201	0.476018	0.635783	0.570720	0.644714	0.641026	0.641366	0.628676	0.611544	0.610429	0.323598	0.025279	0.240765	0.636511	0.643636	0.492453	0.594444	0.509529	0.490667	0.590621	0.666667	0.431435	0.390313	0.660959	0.621898	0.638978	0.613003	0.411429	0.621622	0.219232	0.447279	0.632530	0.654545	0.409531	0.493298	0.615702	0.241394	0.545455	0.555423	0.616162	0.577246	0.642308	0.556407	0.629496	0.633010	0.378415	0.640835	0.631130	0.635294	0.584735	0.100563	0.641026	0.143971	0.136420	0.633333	0.600575	0.558473	0.611521	0.615034	0.614887	0.567696	0.594378	0.565611	0.543103	0.642984	0.645030	0.402332	0.638623	0.564417	0.581913	0.588235	0.612335	0.649266	0.100018	0.606742	0.478221	0.520833	0.613861	0.597938	0.522704	0.460274	0.580796	0.478299	0.594816	0.229115	0.604278	0.475050	0.402054	0.634551	0.602597	0.534737	0.624113	0.557778	0.607407	0.264313	0.604215	0.649351	0.545000	0.652259	0.224655	0.633914	0.633517	0.599156	0.610879	0.420971	0.567600	0.341373	0.527865	0.600273	0.514436	0.456994	0.599251	0.611033	0.604138	0.538947	0.400000	0.592255	0.183748	0.540426	0.531937	0.623549	0.556627	0.186344	0.607190	0.612903	0.168543	0.647436	0.533907	0.638831	0.619469	0.250339	0.107740	0.075108	0.269849	0.579821	0.623158	0.627871	0.569288	0.524352	0.584906	0.496042	0.571078	0.659574	0.661710	0.584450	0.631933	0.407054	0.628788	0.626506	0.341317	0.628099	0.109249	0.619186	0.646341	0.594667	0.592000	0.526316	0.511765	0.343672	0.631148	0.640316	0.414726	0.626263	0.466036	0.497653	0.605932	0.615137	0.479853	0.560364	0.090835	0.634328	0.519455	0.578005	0.154404	0.292657	0.592934	0.050277	0.606241	0.590698	0.618644	0.597577	0.269324	0.533618	0.322468	0.648739	0.017395	0.628809	0.640138	0.591195	0.637571	0.614060	0.622540	0.471233	0.301251	0.624204	0.443555	0.628125	0.513487	0.613734	0.634006	0.239309	0.527115	0.233361	0.442035	0.632653	0.635815	0.613569	0.586288	0.620690	1.000000	0.614060	0.581152	0.612159	0.406250	0.653226	0.543210	0.458794	0.634343	0.655738	0.530000	0.120934	0.452542	0.598086	0.632768	0.620968	0.508841	0.597475	0.426026	0.262684	0.618056	0.617068	0.657895	0.167981	0.606335	0.584906	0.628571	0.620482	0.471304	0.566832	0.587179	0.455546	0.550790	0.660959	0.500949	0.581595	0.643750	0.643357	0.615595	0.401163	0.412607	0.602299	0.654991	0.615854	0.584049	
0.612859	0.643956	0.563636	0.622437	0.557692	0.610294	0.553225	0.046194	0.628763	0.617761	0.625503	0.553348	0.627503	0.629962	0.609393	0.639257	0.605540	0.588957	0.617687	0.635452	0.434646	0.464082	0.620922	0.625344	0.632812	0.178458	0.579528	0.603774	0.595489	0.381125	0.461538	0.587537	0.618725	0.603399	0.474676	0.625869	0.644444	0.456954	0.546341	0.608158	0.634826	0.555646	0.507916	0.332542	0.615797	0.556800	0.488699	0.291971	0.638478	0.289855	0.617251	0.640361	0.349709	0.623116	0.571429	0.603083	0.580087	0.546311	0.597938	0.638923	0.351464	0.554649	0.620096	0.571875	0.592405	0.448352	0.554180	0.635183	0.575301	0.601802	0.634839	0.636005	0.375335	0.638889	0.638783	0.024082	0.591508	0.579545	0.373002	0.622780	0.621583	0.633907	0.570543	0.537619	0.625514	0.553018	0.628641	0.632371	0.356164	0.571429	0.117763	0.605891	0.614925	0.587692	0.585160	0.628803	0.172520	0.569640	0.611270	0.624187	0.634088	0.566510	0.643275	0.059159	0.579178	0.336634	0.616840	0.135418	0.427297	0.647282	0.443223	0.630458	0.515254	0.542763	0.647858	0.559441	0.129790	0.636145	0.484703	0.475850	0.300000	0.416000	0.349705	0.589398	0.056999	0.354035	0.634271	0.577488	0.645081	0.566154	0.351464	0.485472	0.537217	0.626937	0.609884	0.621410	0.238028	0.644144	0.495697	0.594687	0.595707	0.631229	0.633143	0.621592	0.627490	0.558938	0.604895	0.605364	0.313253	0.621935	0.618391	0.443844	0.616541	0.548124	0.469945	0.280936	0.630233	0.532020	0.594406	0.623829	0.284553	0.532586	0.346457	0.523327	0.533333	0.640605	0.613445	0.548901	0.620985	0.628635	0.507792	0.543807	0.626638	0.612282	0.496807	0.251723	0.594993	0.632420	0.643757	0.522496	0.497481	0.559743	0.272285	0.592593	0.461361	0.623295	0.641026	0.604128	0.627979	0.599388	0.535117	0.228883	0.572800	0.636898	0.550767	0.641892	0.607339	0.587354	0.629371	0.645492	0.411852	0.607895	0.628116	0.631841	0.641221	0.322457	0.598519	0.624000	0.628285	0.404060	0.604138	0.600000	0.581911	0.372093	0.612303	0.524432	0.646189	0.178230	0.529290	0.604712	0.441558	0.492201	0.610526	0.341048	0.611111	0.562791	0.463668	0.618267	0.583691	0.626132	0.409091	0.634593	0.320000	0.621935	0.626344	0.238636	0.640089	0.624250	0.655776	0.531856	0.588598	0.568867	0.560500	0.561290	0.486014	0.629328	0.587183	0.631795	0.186833	0.629418	0.629339	0.609442	0.634881	0.521563	0.120292	0.604511	0.508651	0.596321	0.321347	0.570513	0.626788	0.630137	0.619444	0.606676	0.591045	0.593886	0.619898	0.631447	0.447439	0.038081	0.343699	0.624672	0.614719	0.580216	0.644264	0.598246	0.374517	0.635193	0.594181	0.545324	0.511959	0.632737	0.623188	0.634590	0.623574	0.296146	0.618047	0.314607	0.545868	0.639405	0.608947	0.526245	0.372093	0.570973	0.344545	0.474153	0.610998	0.607870	0.625767	0.585219	0.617424	0.600858	0.568389	0.489110	0.631450	0.552288	0.591118	0.615721	0.148620	0.606676	0.210474	0.199810	0.574639	0.626937	0.613660	0.624390	0.501718	0.633377	0.613198	0.647191	0.623174	0.616246	0.600567	0.575472	0.510891	0.609610	0.628392	0.637969	0.642336	0.536013	0.632275	0.147835	0.629243	0.576105	0.611061	0.640000	0.642002	0.590829	0.346457	0.484211	0.562893	0.630137	0.327997	0.630752	0.562445	0.512616	0.636242	0.628697	0.602013	0.596888	0.607862	0.643032	0.375167	0.487719	0.583578	0.438306	0.570552	0.321962	0.630491	0.603499	0.637002	0.644186	0.529167	0.622407	0.448864	0.605119	0.630137	0.396947	0.565688	0.625000	0.632941	0.642857	0.596523	0.507246	0.515464	0.265991	0.611265	0.604736	0.621984	0.620761	0.269576	0.653244	0.566510	0.244898	0.628422	0.598881	0.562701	0.626066	0.356537	0.158940	0.111717	0.382514	0.611231	0.540453	0.635678	0.620763	0.604693	0.479718	0.386973	0.615224	0.608204	0.596182	0.620922	0.620596	0.519947	0.593145	0.634449	0.238994	0.612299	0.161105	0.635379	0.560630	0.636058	0.622396	0.607076	0.586414	0.461538	0.564184	0.591680	0.516961	0.579937	0.568147	0.581126	0.517073	0.633508	0.589474	0.599412	0.134572	0.594993	0.602904	0.631351	0.225141	0.410609	0.612091	0.075255	0.622549	0.502618	0.562602	0.641084	0.381818	0.611111	0.443847	0.623306	0.026257	0.635838	0.604716	0.541935	0.594030	0.630952	0.575499	0.573506	0.421796	0.537459	0.558908	0.636015	0.606643	0.541872	0.649940	0.341741	0.595305	0.333731	0.542474	0.623803	0.584375	0.633374	0.477032	0.614108	0.614060	1.000000	0.639471	0.541935	0.519166	0.582160	0.441606	0.557576	0.564263	0.618497	0.430939	0.177815	0.554800	0.467023	0.584570	0.575900	0.592593	0.630841	0.535565	0.373002	0.603616	0.530000	0.598519	0.244115	0.512821	0.479718	0.528428	0.649318	0.575406	0.635121	0.615385	0.552870	0.614189	0.627235	0.584795	0.626305	0.633461	0.604196	0.652174	0.520079	0.292683	0.491349	0.621849	0.623279	0.634656	
0.586466	0.642784	0.613539	0.633929	0.529667	0.633766	0.564254	0.053367	0.632780	0.639810	0.630542	0.583450	0.625000	0.620283	0.638298	0.621194	0.624776	0.570236	0.615960	0.643154	0.473631	0.496431	0.644351	0.615385	0.625150	0.204022	0.601346	0.587302	0.576503	0.425363	0.440895	0.556005	0.609453	0.587322	0.511048	0.605598	0.655636	0.494944	0.533724	0.618721	0.641791	0.582435	0.547995	0.375627	0.611794	0.531792	0.530516	0.330842	0.651530	0.328499	0.615575	0.651992	0.390441	0.623407	0.557241	0.635294	0.584211	0.542614	0.589812	0.635747	0.396418	0.514706	0.638489	0.551627	0.623003	0.491786	0.513324	0.634573	0.555404	0.608326	0.636580	0.615942	0.420824	0.656032	0.640187	0.027870	0.586667	0.595843	0.416559	0.626953	0.593176	0.615210	0.547753	0.586351	0.613065	0.607889	0.639731	0.627315	0.314879	0.605878	0.135278	0.600000	0.643657	0.555091	0.609737	0.634378	0.197326	0.543909	0.619390	0.622010	0.655629	0.549575	0.644252	0.068274	0.614876	0.297203	0.631673	0.155343	0.471602	0.638695	0.401305	0.654076	0.484018	0.509630	0.644531	0.593796	0.148952	0.624303	0.516724	0.505734	0.339728	0.459603	0.309028	0.623729	0.065793	0.395234	0.638398	0.601701	0.643678	0.560669	0.396418	0.523560	0.531387	0.602649	0.638507	0.650660	0.270857	0.626178	0.475309	0.615883	0.619409	0.645361	0.639066	0.626016	0.636788	0.586053	0.629232	0.601260	0.276106	0.624703	0.631804	0.490881	0.619653	0.502941	0.508751	0.318613	0.647249	0.520710	0.622626	0.641278	0.322623	0.575636	0.306087	0.560155	0.565684	0.644186	0.606914	0.577201	0.633367	0.655567	0.552582	0.588066	0.642930	0.625216	0.532762	0.286134	0.584450	0.646872	0.634043	0.559170	0.542598	0.607306	0.309010	0.624480	0.505275	0.629412	0.652044	0.619594	0.645349	0.633588	0.499248	0.260637	0.581625	0.631808	0.584958	0.649215	0.613656	0.606777	0.632959	0.636625	0.459847	0.609432	0.641121	0.649828	0.611958	0.364521	0.590296	0.632696	0.623557	0.444757	0.601010	0.575305	0.626312	0.329331	0.595300	0.568421	0.634249	0.203766	0.569170	0.620939	0.392739	0.459627	0.631197	0.384190	0.612452	0.599853	0.505275	0.647123	0.615260	0.609524	0.363025	0.638298	0.282187	0.627078	0.601726	0.271536	0.639175	0.631111	0.653680	0.561218	0.558659	0.601236	0.597923	0.526929	0.463224	0.632984	0.558266	0.641075	0.213456	0.629237	0.618750	0.605744	0.620370	0.551902	0.138156	0.551913	0.465116	0.600000	0.363297	0.608365	0.629187	0.637795	0.597205	0.595238	0.586160	0.586207	0.634548	0.626450	0.489074	0.044023	0.387893	0.612786	0.592105	0.609449	0.625806	0.609776	0.335043	0.634635	0.555556	0.573782	0.539033	0.609572	0.632402	0.626794	0.628505	0.260714	0.646119	0.355864	0.584416	0.643021	0.589474	0.558918	0.329331	0.521614	0.387226	0.442675	0.646330	0.619403	0.643062	0.547945	0.621549	0.584856	0.540690	0.522103	0.633371	0.530191	0.544444	0.628688	0.170309	0.595238	0.240020	0.228050	0.536232	0.635762	0.637405	0.642616	0.468413	0.630435	0.623574	0.647858	0.639854	0.636204	0.579560	0.534851	0.558786	0.570259	0.641951	0.659815	0.637427	0.500000	0.622114	0.169421	0.605042	0.598914	0.620513	0.632497	0.640974	0.619484	0.306087	0.452119	0.594473	0.646872	0.370624	0.640919	0.587459	0.558169	0.608374	0.634694	0.624138	0.599483	0.654054	0.644068	0.418907	0.445840	0.592790	0.403279	0.547983	0.363976	0.634958	0.576361	0.634093	0.634304	0.564035	0.638215	0.479475	0.618432	0.617179	0.351946	0.592212	0.652819	0.632497	0.633155	0.615517	0.543849	0.480740	0.302016	0.633043	0.626609	0.634686	0.640385	0.306001	0.659729	0.546742	0.278524	0.628297	0.614574	0.519594	0.623874	0.401156	0.181988	0.128394	0.424216	0.634441	0.522628	0.621089	0.638971	0.624681	0.444795	0.346350	0.627680	0.607235	0.585561	0.606695	0.608696	0.549968	0.569106	0.613272	0.209559	0.625767	0.184435	0.634744	0.535613	0.625000	0.615569	0.652060	0.603252	0.501647	0.544413	0.555866	0.560675	0.530496	0.601602	0.611765	0.524927	0.620939	0.605223	0.593750	0.154383	0.592493	0.630048	0.637097	0.256451	0.455540	0.650407	0.086740	0.634202	0.459375	0.516129	0.652676	0.426996	0.612031	0.491701	0.616149	0.030381	0.626609	0.614213	0.526929	0.569878	0.639471	0.546164	0.603831	0.461689	0.519824	0.583962	0.637647	0.614368	0.514793	0.632743	0.384950	0.614841	0.376935	0.591909	0.604010	0.540311	0.623874	0.445498	0.610127	0.581152	0.639471	1.000000	0.524017	0.550837	0.546742	0.409756	0.586878	0.524823	0.582345	0.403279	0.203298	0.576978	0.433121	0.591093	0.563739	0.615635	0.641387	0.572951	0.416559	0.582697	0.500750	0.582210	0.277651	0.475460	0.447950	0.487218	0.624714	0.595588	0.634578	0.632323	0.573688	0.638686	0.596977	0.610759	0.626341	0.623529	0.585678	0.641870	0.551072	0.257603	0.452713	0.612036	0.621247	0.638049	
0.583170	0.524638	0.422727	0.548440	0.603960	0.451613	0.369260	0.022267	0.534712	0.588869	0.601905	0.351185	0.601134	0.577540	0.529862	0.543071	0.457074	0.615741	0.601942	0.525849	0.237389	0.260756	0.538117	0.600791	0.580292	0.089146	0.380952	0.622601	0.606742	0.201613	0.613569	0.603524	0.595745	0.559671	0.270636	0.621242	0.532353	0.251256	0.653165	0.577250	0.481529	0.393670	0.294334	0.173461	0.611006	0.637037	0.282287	0.150546	0.515152	0.149365	0.578544	0.518741	0.183318	0.552083	0.657534	0.466993	0.625793	0.642686	0.636166	0.562814	0.184332	0.585242	0.453333	0.623810	0.412435	0.250000	0.577465	0.564593	0.630631	0.440449	0.576577	0.550832	0.198216	0.508380	0.572935	0.011540	0.591793	0.395257	0.196850	0.499322	0.635789	0.531987	0.640000	0.348129	0.620825	0.389662	0.516556	0.568458	0.536082	0.382692	0.057862	0.616633	0.494268	0.613953	0.414079	0.477807	0.086040	0.630072	0.444982	0.564663	0.542811	0.610979	0.538583	0.028614	0.422535	0.547368	0.465950	0.066856	0.237389	0.598949	0.582822	0.522949	0.583784	0.639175	0.507463	0.374883	0.063980	0.560656	0.276434	0.274537	0.155039	0.224719	0.512111	0.441209	0.027554	0.186306	0.587189	0.395626	0.579760	0.660465	0.184332	0.279330	0.603015	0.529887	0.514364	0.567766	0.120882	0.526946	0.626039	0.416051	0.436526	0.509517	0.506870	0.502152	0.479592	0.377003	0.424242	0.456311	0.510791	0.522523	0.550769	0.245098	0.584775	0.625954	0.280308	0.144404	0.559375	0.611825	0.428571	0.584440	0.146413	0.331400	0.534722	0.317712	0.331950	0.572426	0.591093	0.363967	0.512605	0.528190	0.303030	0.362319	0.520115	0.436280	0.297177	0.128329	0.627451	0.548780	0.505360	0.345423	0.292398	0.389484	0.139616	0.422319	0.264201	0.485675	0.508380	0.444444	0.507383	0.494087	0.613757	0.115942	0.386408	0.554675	0.348129	0.517964	0.448276	0.403259	0.476312	0.497354	0.221607	0.574074	0.482759	0.568493	0.558304	0.167715	0.602198	0.549618	0.549223	0.216333	0.609901	0.640000	0.411765	0.533784	0.592902	0.324412	0.552352	0.089027	0.324939	0.562500	0.570533	0.599440	0.596296	0.178333	0.608000	0.373832	0.264201	0.533123	0.404233	0.560579	0.538961	0.551302	0.485714	0.569369	0.603053	0.121212	0.521230	0.564437	0.555730	0.326797	0.624709	0.397219	0.375118	0.640000	0.579545	0.485564	0.585366	0.484768	0.093545	0.514460	0.546805	0.617954	0.561525	0.316456	0.059145	0.624719	0.620112	0.460025	0.167084	0.389105	0.579235	0.507545	0.620000	0.571429	0.640000	0.638116	0.585106	0.556522	0.244648	0.018317	0.179856	0.608856	0.613108	0.404883	0.534992	0.423913	0.550336	0.516854	0.605081	0.341880	0.301432	0.587771	0.559211	0.582878	0.594025	0.468864	0.522920	0.163265	0.363967	0.555366	0.608879	0.315956	0.533784	0.628993	0.180343	0.604106	0.498688	0.607350	0.501319	0.636569	0.461722	0.605428	0.607306	0.288392	0.542088	0.627551	0.595843	0.514368	0.073638	0.571429	0.106073	0.100402	0.605459	0.571890	0.491459	0.540000	0.596685	0.554529	0.496732	0.540299	0.465923	0.462985	0.613169	0.600962	0.308880	0.623318	0.501355	0.518950	0.500677	0.594164	0.615672	0.073233	0.611722	0.397206	0.430351	0.546032	0.509299	0.428884	0.520833	0.617143	0.380228	0.521341	0.170867	0.530551	0.419459	0.311042	0.586667	0.513709	0.451317	0.624230	0.469016	0.545151	0.198118	0.577143	0.588745	0.563467	0.611111	0.167434	0.552347	0.618026	0.526814	0.540625	0.327869	0.502688	0.259740	0.441648	0.527439	0.552632	0.372439	0.519337	0.536508	0.530864	0.444444	0.308166	0.640884	0.136147	0.444959	0.448747	0.638783	0.456839	0.138122	0.540059	0.658711	0.124611	0.606947	0.455399	0.592040	0.562396	0.187266	0.078973	0.054802	0.202429	0.492918	0.643216	0.545139	0.464088	0.441441	0.599424	0.556291	0.495264	0.591376	0.611714	0.541106	0.575290	0.311526	0.589800	0.548552	0.428016	0.530303	0.080096	0.553191	0.612048	0.520059	0.602190	0.454333	0.419936	0.260586	0.622871	0.634033	0.318979	0.583732	0.368324	0.400810	0.617722	0.591912	0.392118	0.479401	0.066423	0.649237	0.418507	0.487943	0.113928	0.220264	0.564460	0.036556	0.573826	0.623229	0.617722	0.549550	0.202020	0.453488	0.243754	0.555985	0.012590	0.536434	0.602794	0.605000	0.608889	0.529032	0.589212	0.392927	0.227015	0.614213	0.341297	0.582593	0.419913	0.586118	0.554295	0.178731	0.461538	0.174140	0.356506	0.594912	0.600000	0.559068	0.560694	0.596421	0.612159	0.541935	0.524017	1.000000	0.315706	0.601432	0.554878	0.361818	0.607656	0.618644	0.588235	0.088810	0.362647	0.563050	0.603524	0.658711	0.422954	0.556604	0.329489	0.196850	0.593186	0.610526	0.628571	0.124185	0.630137	0.587896	0.613757	0.555366	0.372787	0.508892	0.503556	0.362319	0.479604	0.564103	0.409417	0.490515	0.571936	0.597980	0.522936	0.307929	0.492647	0.575419	0.591093	0.535406	0.509485	
0.432511	0.562620	0.596451	0.514905	0.321007	0.612104	0.630817	0.113324	0.541451	0.484551	0.456897	0.638086	0.457020	0.474790	0.530263	0.461099	0.593861	0.357198	0.442836	0.553109	0.626176	0.638067	0.541667	0.436999	0.467845	0.391109	0.631195	0.399701	0.373476	0.603297	0.230514	0.384557	0.445087	0.416851	0.635394	0.428990	0.552036	0.631964	0.309033	0.487637	0.577482	0.613419	0.640611	0.569808	0.456241	0.322327	0.636602	0.527809	0.567483	0.533709	0.446364	0.544980	0.571335	0.483714	0.364751	0.588724	0.402985	0.338006	0.390649	0.504098	0.565031	0.306349	0.600473	0.341880	0.634279	0.633968	0.349575	0.520750	0.370709	0.611269	0.473980	0.465909	0.593414	0.571068	0.490251	0.060065	0.393985	0.623736	0.597447	0.569825	0.405365	0.503765	0.348297	0.634921	0.441860	0.607581	0.511217	0.491690	0.157168	0.622968	0.274293	0.425000	0.578692	0.354665	0.618658	0.571953	0.385062	0.340591	0.608028	0.473164	0.514132	0.340591	0.524634	0.143742	0.613408	0.147569	0.586854	0.311533	0.612069	0.484006	0.211232	0.562421	0.274859	0.299602	0.577307	0.625646	0.299761	0.513202	0.633535	0.624785	0.551204	0.616547	0.153979	0.611364	0.138716	0.576642	0.484255	0.624666	0.491034	0.354665	0.588080	0.637669	0.313043	0.515478	0.563204	0.469922	0.485632	0.549837	0.262215	0.619625	0.613031	0.549677	0.538765	0.563939	0.593580	0.625519	0.624232	0.597280	0.136245	0.476793	0.528675	0.624250	0.491349	0.306349	0.618134	0.533407	0.521566	0.300955	0.621999	0.451937	0.541261	0.634523	0.152381	0.627469	0.638031	0.486111	0.423218	0.632757	0.555345	0.532122	0.642890	0.628108	0.563020	0.596087	0.629010	0.497490	0.387632	0.529219	0.538158	0.622222	0.648770	0.629356	0.512326	0.623245	0.615708	0.573750	0.558433	0.601284	0.566998	0.558968	0.285944	0.474404	0.635741	0.523364	0.625000	0.547231	0.610248	0.619794	0.597087	0.585336	0.612275	0.461976	0.586667	0.497588	0.487090	0.568881	0.384266	0.532194	0.486860	0.614875	0.428571	0.379651	0.626718	0.165090	0.413076	0.644762	0.538663	0.395896	0.646330	0.463501	0.200675	0.256536	0.460554	0.580707	0.430139	0.631905	0.630827	0.520986	0.618102	0.474648	0.183830	0.528947	0.139494	0.478200	0.448598	0.491481	0.547097	0.502703	0.525266	0.633190	0.353395	0.626467	0.627593	0.315706	0.249385	0.579497	0.380880	0.577065	0.409100	0.538058	0.546753	0.410104	0.491690	0.649460	0.279685	0.371951	0.257959	0.577381	0.563631	0.626913	0.473164	0.567669	0.430139	0.401198	0.379651	0.394303	0.479385	0.489598	0.629097	0.093988	0.576512	0.459901	0.402985	0.611892	0.525828	0.614438	0.168240	0.557315	0.358462	0.640157	0.641750	0.438137	0.511186	0.470339	0.481894	0.128070	0.501374	0.567380	0.645982	0.495186	0.404478	0.635724	0.165090	0.324961	0.572447	0.233444	0.567219	0.440751	0.578462	0.370992	0.598943	0.410104	0.361686	0.632653	0.498289	0.305004	0.358462	0.551504	0.338784	0.401198	0.443726	0.433725	0.319685	0.510094	0.582310	0.509884	0.263629	0.465909	0.574755	0.541314	0.594982	0.604191	0.416851	0.336711	0.644773	0.374714	0.555763	0.558918	0.567870	0.284566	0.460442	0.337178	0.460014	0.626003	0.608000	0.522378	0.556833	0.613139	0.152381	0.246508	0.639917	0.537098	0.570449	0.538362	0.594866	0.641895	0.455460	0.557692	0.602299	0.415066	0.588166	0.503754	0.587665	0.246508	0.389767	0.206723	0.357198	0.571867	0.475721	0.399100	0.528981	0.526875	0.639195	0.577281	0.608226	0.621482	0.533158	0.177626	0.631633	0.559397	0.526386	0.533333	0.605747	0.636490	0.263629	0.521945	0.609249	0.607450	0.453697	0.588889	0.518735	0.548994	0.340591	0.497425	0.471004	0.592205	0.318361	0.509537	0.590743	0.359744	0.261327	0.596553	0.550540	0.313043	0.493416	0.566939	0.610826	0.242175	0.174508	0.561644	0.418021	0.388554	0.533854	0.449097	0.640632	0.379363	0.499312	0.101423	0.454480	0.363760	0.511502	0.335413	0.541558	0.465018	0.603138	0.615470	0.634471	0.330203	0.353395	0.653465	0.339300	0.635945	0.626415	0.309033	0.467753	0.635494	0.583933	0.309769	0.387632	0.621562	0.555980	0.466423	0.619456	0.489938	0.180710	0.498975	0.250820	0.309033	0.538813	0.602740	0.606833	0.630781	0.449097	0.065382	0.531746	0.429825	0.315706	0.376614	0.519166	0.410675	0.620690	0.626854	0.307692	0.650319	0.486713	0.614182	0.300955	0.516173	0.579066	0.589953	0.577118	0.635495	0.442671	0.341880	0.500000	0.240725	0.433577	0.406250	0.519166	0.550837	0.315706	1.000000	0.340591	0.214226	0.634469	0.339300	0.403286	0.206723	0.396202	0.633503	0.233444	0.383043	0.340591	0.621681	0.522954	0.648727	0.602967	0.426061	0.288693	0.384266	0.489726	0.267857	0.242175	0.285944	0.502063	0.639175	0.575720	0.559236	0.624049	0.596659	0.439592	0.627983	0.573209	0.479720	0.427313	0.539119	0.653740	0.126427	0.257959	0.427627	0.497925	0.570717	
0.584906	0.552891	0.442714	0.570064	0.605201	0.475761	0.401473	0.024356	0.540230	0.611111	0.613971	0.378238	0.602190	0.610345	0.574405	0.611212	0.482270	0.620843	0.617978	0.543103	0.257042	0.282035	0.558140	0.643810	0.613757	0.097204	0.409729	0.618852	0.637931	0.218672	0.592179	0.617336	0.623134	0.641584	0.292585	0.602317	0.552217	0.271881	0.618357	0.555921	0.509950	0.415534	0.317852	0.188387	0.604396	0.603774	0.305014	0.163677	0.531544	0.162403	0.621072	0.559767	0.199000	0.578151	0.652079	0.480287	0.593496	0.614679	0.615063	0.594156	0.200091	0.655340	0.497630	0.646925	0.439024	0.270537	0.620225	0.566563	0.630670	0.462046	0.609756	0.603571	0.215022	0.549660	0.598639	0.012630	0.630705	0.415131	0.213554	0.534392	0.639676	0.610114	0.644144	0.373288	0.621212	0.413659	0.581059	0.614094	0.516129	0.411709	0.063185	0.617188	0.509950	0.614699	0.438579	0.527389	0.093830	0.621005	0.494090	0.577465	0.579937	0.634703	0.571865	0.031290	0.447983	0.513158	0.476636	0.072976	0.257042	0.589831	0.585507	0.542005	0.616967	0.648649	0.529101	0.397790	0.069845	0.572337	0.298772	0.296748	0.168526	0.243469	0.519481	0.469298	0.030132	0.202216	0.602410	0.423415	0.598007	0.596882	0.200091	0.301861	0.633094	0.557994	0.509333	0.605310	0.131611	0.558952	0.615789	0.449275	0.455834	0.561254	0.563798	0.544693	0.503113	0.400000	0.455992	0.483986	0.478114	0.606272	0.562033	0.265294	0.589615	0.626214	0.302905	0.157046	0.561457	0.622549	0.453871	0.611722	0.159215	0.357259	0.501629	0.342723	0.357843	0.587838	0.631579	0.391771	0.526603	0.542569	0.327110	0.388246	0.553846	0.476404	0.320879	0.139668	0.619247	0.557037	0.565476	0.368734	0.315789	0.411090	0.151872	0.452304	0.285714	0.537234	0.555102	0.480925	0.534031	0.492308	0.644836	0.126261	0.411821	0.566154	0.375000	0.561863	0.472441	0.429570	0.505000	0.526452	0.240132	0.593918	0.508728	0.610282	0.598291	0.182196	0.632911	0.548961	0.588629	0.234475	0.618321	0.631130	0.444902	0.526984	0.642570	0.349840	0.560472	0.097074	0.350400	0.596803	0.579882	0.611702	0.579606	0.193634	0.605010	0.400367	0.285714	0.551302	0.437759	0.608392	0.574924	0.559524	0.488294	0.599303	0.611418	0.131967	0.558405	0.579114	0.579268	0.352373	0.602679	0.421053	0.398148	0.606205	0.592992	0.514725	0.634043	0.524548	0.101979	0.553254	0.569364	0.626506	0.590604	0.341387	0.064583	0.637931	0.610080	0.475962	0.181517	0.412607	0.623239	0.532086	0.616570	0.643443	0.656716	0.617284	0.600343	0.592593	0.264813	0.020039	0.195274	0.595365	0.621951	0.427146	0.564955	0.455804	0.555205	0.536252	0.628319	0.368377	0.325409	0.634981	0.586922	0.602113	0.588435	0.472603	0.611842	0.177400	0.389982	0.580858	0.642276	0.340856	0.526984	0.624413	0.195798	0.588889	0.519846	0.604478	0.522523	0.632035	0.491228	0.630522	0.638950	0.311522	0.606852	0.642336	0.659292	0.537063	0.080352	0.643443	0.115567	0.109418	0.644550	0.567398	0.515385	0.571890	0.645669	0.617857	0.515306	0.574746	0.506053	0.487356	0.605941	0.643678	0.333333	0.623656	0.528402	0.567376	0.535620	0.651515	0.637838	0.079912	0.573451	0.419197	0.465632	0.585516	0.543175	0.458735	0.521173	0.596206	0.405229	0.565926	0.185593	0.550725	0.430085	0.335632	0.621324	0.561798	0.468610	0.616601	0.489311	0.593193	0.214917	0.601626	0.636175	0.584795	0.629712	0.181894	0.603839	0.602062	0.575804	0.570561	0.353511	0.524246	0.280949	0.472564	0.562963	0.557276	0.398902	0.543742	0.582435	0.569715	0.473094	0.332574	0.624672	0.148123	0.489796	0.470457	0.605505	0.515544	0.150257	0.556999	0.621005	0.135646	0.607774	0.473020	0.655582	0.574194	0.203248	0.086153	0.059852	0.219549	0.526897	0.637890	0.608403	0.530283	0.465270	0.590164	0.548287	0.522427	0.636364	0.654167	0.537791	0.610801	0.336147	0.621277	0.590759	0.413043	0.606947	0.087373	0.580952	0.645161	0.566474	0.592593	0.478809	0.444906	0.281853	0.627907	0.629464	0.344069	0.613272	0.394570	0.432969	0.608696	0.600355	0.421663	0.500000	0.072505	0.623431	0.449485	0.535912	0.124079	0.238692	0.576728	0.039960	0.556098	0.612903	0.632850	0.554745	0.219110	0.486917	0.263855	0.618250	0.013777	0.572289	0.611538	0.610979	0.635394	0.579030	0.586826	0.414658	0.245929	0.629540	0.367758	0.601375	0.447508	0.637255	0.584906	0.194063	0.474537	0.189119	0.382121	0.615094	0.642369	0.580645	0.602740	0.616858	0.653226	0.582160	0.546742	0.601432	0.340591	1.000000	0.582133	0.391421	0.627002	0.635438	0.573099	0.096838	0.388592	0.605556	0.642706	0.625571	0.447917	0.567939	0.353609	0.213554	0.567568	0.631579	0.645570	0.135185	0.630208	0.617486	0.629723	0.610561	0.399267	0.530667	0.542936	0.386465	0.502415	0.642586	0.435743	0.525760	0.580756	0.618677	0.576523	0.332322	0.474227	0.615385	0.654971	0.585284	0.525760	
0.505695	0.407767	0.316832	0.461825	0.590361	0.321608	0.257286	0.014308	0.419835	0.490722	0.529801	0.239925	0.498906	0.507157	0.426850	0.480519	0.339073	0.577778	0.528217	0.416529	0.158710	0.175103	0.412060	0.516129	0.491597	0.057984	0.261759	0.539043	0.557641	0.133891	0.599251	0.565445	0.530337	0.526570	0.182077	0.519906	0.421053	0.168421	0.619195	0.452611	0.359046	0.272630	0.198912	0.114593	0.496703	0.582583	0.190335	0.099033	0.391437	0.098235	0.511111	0.423529	0.121327	0.476190	0.573770	0.343164	0.523691	0.585507	0.537468	0.472381	0.122021	0.573209	0.339973	0.597701	0.286674	0.167539	0.525424	0.454054	0.580645	0.312958	0.476190	0.486141	0.131552	0.394410	0.482897	0.007401	0.547315	0.272340	0.130612	0.381955	0.545906	0.478927	0.611898	0.237697	0.540046	0.274090	0.462406	0.483168	0.547945	0.264463	0.037421	0.532067	0.359046	0.564246	0.286353	0.368876	0.055932	0.582133	0.339073	0.507338	0.449726	0.605187	0.440497	0.018408	0.300823	0.563380	0.334641	0.043309	0.158710	0.492986	0.582677	0.389490	0.604027	0.594937	0.384962	0.257286	0.041424	0.472119	0.186182	0.184838	0.102073	0.149883	0.589862	0.311815	0.017722	0.123373	0.485714	0.274090	0.481409	0.558659	0.122021	0.188235	0.588957	0.446069	0.388467	0.493671	0.079086	0.422819	0.608997	0.292571	0.309927	0.415712	0.418525	0.403200	0.359551	0.258847	0.300469	0.340426	0.553398	0.492754	0.422145	0.164103	0.474308	0.610592	0.188930	0.094885	0.443662	0.605678	0.300469	0.514286	0.096241	0.225551	0.564815	0.215670	0.225949	0.475050	0.526066	0.249270	0.398754	0.415282	0.205128	0.248062	0.410256	0.320401	0.200942	0.084072	0.563307	0.424658	0.430293	0.235727	0.197531	0.268063	0.091658	0.304038	0.177531	0.387292	0.397516	0.330749	0.377415	0.365747	0.620915	0.075784	0.267223	0.443649	0.237697	0.419463	0.320802	0.281319	0.361072	0.374269	0.147721	0.512821	0.360056	0.496094	0.489879	0.110679	0.558747	0.435678	0.477318	0.144063	0.531178	0.566138	0.290909	0.616071	0.545455	0.220500	0.425894	0.057905	0.220880	0.504237	0.582996	0.610526	0.500000	0.117918	0.518692	0.256513	0.177531	0.441281	0.293242	0.494802	0.593220	0.433735	0.576923	0.496894	0.517699	0.079306	0.405892	0.454713	0.446018	0.222222	0.588235	0.273797	0.258847	0.548780	0.550000	0.371014	0.538259	0.374817	0.060894	0.420513	0.422629	0.525799	0.467327	0.214765	0.038260	0.573727	0.573427	0.345479	0.110250	0.267782	0.507338	0.386606	0.537383	0.559194	0.555556	0.556962	0.495935	0.469185	0.163788	0.011761	0.118959	0.510638	0.553616	0.281010	0.430823	0.301887	0.619469	0.400000	0.554017	0.233151	0.203984	0.505747	0.473881	0.469602	0.482897	0.597015	0.464217	0.107653	0.249270	0.469903	0.533666	0.214405	0.598214	0.585075	0.119292	0.617100	0.371014	0.503371	0.373178	0.592992	0.335079	0.540541	0.557377	0.194677	0.448276	0.587500	0.576177	0.410256	0.047761	0.559194	0.069208	0.065440	0.616314	0.446069	0.368650	0.454545	0.586207	0.481876	0.363636	0.421405	0.348299	0.328626	0.536232	0.575581	0.209321	0.582888	0.378378	0.410423	0.383808	0.583607	0.512931	0.047495	0.506329	0.275269	0.315660	0.440860	0.408293	0.304038	0.592593	0.618705	0.261224	0.428082	0.112825	0.420701	0.300117	0.210873	0.507726	0.412238	0.319600	0.525301	0.340879	0.460076	0.131484	0.611511	0.538462	0.605578	0.566667	0.110488	0.477178	0.527919	0.434164	0.436620	0.222997	0.380952	0.174387	0.319202	0.424658	0.603448	0.255489	0.389571	0.444444	0.427083	0.319600	0.208809	0.600000	0.089323	0.323641	0.317618	0.515419	0.372981	0.090652	0.421927	0.587896	0.081581	0.501053	0.328205	0.581818	0.465028	0.124031	0.051272	0.035423	0.134454	0.400631	0.601227	0.480159	0.386503	0.313725	0.603636	0.600000	0.380810	0.544578	0.555270	0.412060	0.529148	0.211221	0.564644	0.466019	0.518919	0.504386	0.052011	0.448980	0.594752	0.419301	0.495798	0.327366	0.293915	0.174983	0.589971	0.582633	0.216582	0.572254	0.252465	0.279476	0.582043	0.512712	0.271474	0.351166	0.043025	0.573643	0.291240	0.401264	0.074440	0.146789	0.470120	0.023551	0.461832	0.604982	0.575851	0.427609	0.134172	0.324873	0.163161	0.515695	0.008076	0.429319	0.512821	0.585366	0.560847	0.448905	0.502439	0.270613	0.151479	0.596273	0.232727	0.480652	0.300469	0.567823	0.455046	0.118190	0.331177	0.115056	0.243810	0.523918	0.574713	0.465028	0.598540	0.524362	0.543210	0.441606	0.409756	0.554878	0.214226	0.582133	1.000000	0.249027	0.566474	0.555000	0.629482	0.057762	0.248303	0.617100	0.544503	0.587896	0.294591	0.436170	0.224168	0.130612	0.515222	0.616883	0.558747	0.081296	0.621160	0.574545	0.614379	0.477670	0.255744	0.385432	0.399366	0.248062	0.347354	0.524138	0.282873	0.384384	0.480652	0.534279	0.429553	0.208639	0.580000	0.608392	0.530806	0.473373	0.384384	
0.483898	0.589928	0.600000	0.548510	0.369565	0.621173	0.634975	0.096442	0.583878	0.518695	0.493061	0.641653	0.501221	0.528152	0.569106	0.507293	0.620825	0.404594	0.488889	0.586783	0.608805	0.616831	0.577064	0.484245	0.511218	0.346250	0.638857	0.439692	0.422707	0.570045	0.267565	0.436742	0.493016	0.470489	0.624426	0.463720	0.581159	0.617801	0.356164	0.521334	0.615488	0.600818	0.642059	0.534930	0.498778	0.371041	0.627303	0.482574	0.604488	0.496744	0.500818	0.576445	0.550312	0.518809	0.416520	0.617918	0.450128	0.386750	0.436583	0.533539	0.536585	0.353156	0.630820	0.391071	0.641441	0.615652	0.399645	0.563677	0.421329	0.640252	0.519522	0.514102	0.565857	0.601695	0.521671	0.050904	0.440241	0.623832	0.568814	0.588727	0.449362	0.544049	0.394667	0.611141	0.488007	0.621336	0.553681	0.526233	0.183653	0.620690	0.236438	0.472758	0.616835	0.405310	0.638655	0.604366	0.336511	0.387846	0.623445	0.518815	0.548901	0.391421	0.561798	0.122624	0.637092	0.172589	0.608979	0.269340	0.588679	0.530291	0.245614	0.599013	0.317757	0.345588	0.597077	0.636106	0.258918	0.548092	0.638100	0.619379	0.512195	0.595161	0.179980	0.636535	0.118289	0.538110	0.522979	0.641266	0.536243	0.401770	0.554007	0.629456	0.360656	0.553450	0.564640	0.510433	0.443502	0.578947	0.303487	0.631451	0.637046	0.578453	0.577122	0.594130	0.615903	0.625781	0.628079	0.627297	0.159509	0.535458	0.545185	0.604631	0.522692	0.353156	0.614010	0.492219	0.559701	0.347107	0.631773	0.503667	0.501748	0.635553	0.178138	0.631955	0.648819	0.521603	0.469012	0.642579	0.598303	0.573508	0.638614	0.635255	0.594556	0.621260	0.613881	0.456379	0.431406	0.554572	0.588322	0.614639	0.641199	0.636943	0.466760	0.641884	0.589883	0.608514	0.597458	0.626132	0.607612	0.576318	0.330241	0.428434	0.634682	0.558978	0.620876	0.583333	0.638217	0.629013	0.609048	0.615385	0.595609	0.509677	0.612272	0.549844	0.532385	0.532253	0.436364	0.574170	0.526974	0.593174	0.486307	0.426087	0.639225	0.192771	0.458015	0.638386	0.581310	0.346620	0.646297	0.512862	0.233562	0.297067	0.500000	0.542983	0.471667	0.641808	0.624210	0.550225	0.631003	0.518755	0.214286	0.566149	0.163265	0.530677	0.486928	0.446000	0.592914	0.537700	0.568437	0.630977	0.402126	0.636204	0.643952	0.363636	0.288973	0.615595	0.430930	0.615808	0.361334	0.576271	0.576839	0.461408	0.534064	0.639511	0.241190	0.422707	0.298677	0.593523	0.525533	0.619213	0.525220	0.597621	0.476667	0.451668	0.427826	0.437018	0.530063	0.531765	0.607281	0.079865	0.545828	0.504026	0.451833	0.614379	0.568876	0.624691	0.196393	0.593484	0.407767	0.640642	0.626542	0.493786	0.558104	0.510809	0.534279	0.150051	0.549263	0.529524	0.645914	0.539239	0.456948	0.631740	0.192771	0.373984	0.535984	0.270893	0.595075	0.488085	0.599451	0.418198	0.622396	0.452926	0.418278	0.625779	0.544049	0.351648	0.407767	0.574499	0.293542	0.451668	0.397227	0.384287	0.368087	0.547384	0.594114	0.549231	0.305085	0.512490	0.595222	0.576642	0.627737	0.615087	0.468803	0.387097	0.642607	0.422339	0.592490	0.572872	0.608756	0.328691	0.504854	0.292113	0.500803	0.636898	0.634239	0.563910	0.598999	0.634449	0.178138	0.285714	0.654110	0.567847	0.540612	0.579139	0.589538	0.642497	0.501224	0.591529	0.621742	0.461668	0.626395	0.551618	0.560500	0.285714	0.438898	0.240469	0.409894	0.532211	0.523126	0.445969	0.560720	0.571642	0.643750	0.613573	0.589286	0.631512	0.582596	0.207171	0.629087	0.594101	0.563910	0.574184	0.631914	0.635636	0.305085	0.479384	0.632118	0.623574	0.495922	0.608396	0.477197	0.574964	0.387846	0.449616	0.514836	0.615979	0.366606	0.551883	0.566996	0.312229	0.225028	0.573244	0.591750	0.360656	0.531348	0.601124	0.628463	0.280802	0.203593	0.603197	0.471778	0.442722	0.562454	0.487685	0.643145	0.430930	0.543901	0.119122	0.501629	0.316122	0.556827	0.385650	0.581209	0.498397	0.631918	0.639075	0.613870	0.378038	0.403897	0.650972	0.388193	0.652856	0.644550	0.356164	0.506431	0.644898	0.614257	0.267777	0.434858	0.642035	0.596441	0.421753	0.600954	0.532182	0.154613	0.535494	0.290598	0.356164	0.588580	0.576119	0.629487	0.606578	0.500821	0.055432	0.576952	0.481266	0.363636	0.426087	0.563636	0.458545	0.615832	0.601950	0.354662	0.646368	0.532067	0.629310	0.347107	0.557327	0.552757	0.588997	0.544545	0.626784	0.485549	0.391071	0.550346	0.279159	0.473815	0.458794	0.557576	0.586878	0.361818	0.634469	0.391421	0.249027	1.000000	0.389982	0.457338	0.240469	0.345888	0.636717	0.270893	0.431542	0.389634	0.644729	0.562874	0.640543	0.572474	0.473728	0.333333	0.434632	0.446825	0.309859	0.280802	0.330241	0.547009	0.638466	0.605171	0.600143	0.629712	0.622929	0.487158	0.646392	0.606398	0.527316	0.473640	0.577548	0.645323	0.148148	0.298677	0.477387	0.539484	0.599444	
0.593573	0.556497	0.432071	0.567783	0.630332	0.469526	0.398157	0.024246	0.555396	0.605217	0.626151	0.376837	0.606947	0.601036	0.566319	0.601449	0.487574	0.644444	0.604128	0.520863	0.256019	0.280928	0.538574	0.595420	0.593640	0.096781	0.406367	0.587269	0.630670	0.217782	0.560224	0.648305	0.609346	0.630952	0.291444	0.584139	0.567335	0.270807	0.576271	0.550247	0.505604	0.404276	0.316630	0.187608	0.590826	0.614657	0.303833	0.162991	0.534946	0.161721	0.625926	0.563504	0.198182	0.572391	0.631579	0.478469	0.594705	0.625287	0.578616	0.569106	0.199269	0.618005	0.493476	0.611872	0.439471	0.269468	0.648649	0.567442	0.610390	0.471366	0.614311	0.604651	0.214145	0.539510	0.582624	0.012572	0.615385	0.417476	0.212683	0.527152	0.628803	0.591503	0.613995	0.370180	0.622391	0.398438	0.572347	0.578151	0.517799	0.398866	0.062906	0.622309	0.510585	0.629464	0.436992	0.515306	0.093422	0.613272	0.492308	0.589065	0.555730	0.622426	0.575804	0.031150	0.448459	0.475248	0.470175	0.072655	0.256019	0.580645	0.587209	0.537313	0.639175	0.615764	0.521854	0.398157	0.069537	0.582803	0.297611	0.295593	0.167821	0.242492	0.521173	0.463227	0.029997	0.201386	0.575862	0.419922	0.599002	0.584821	0.199269	0.300690	0.629808	0.577708	0.502003	0.588652	0.131049	0.559767	0.585752	0.441451	0.458515	0.550642	0.552749	0.545455	0.501247	0.400371	0.454352	0.494062	0.466216	0.603839	0.538922	0.264242	0.583893	0.613139	0.301730	0.156385	0.544073	0.633907	0.450106	0.594495	0.158545	0.355918	0.509804	0.341425	0.356500	0.585448	0.640625	0.388541	0.546448	0.528902	0.325859	0.388592	0.551821	0.470191	0.319648	0.139075	0.599581	0.540059	0.554396	0.365646	0.314574	0.413397	0.151231	0.452790	0.284595	0.535286	0.553134	0.479167	0.529489	0.480103	0.636364	0.125721	0.408397	0.563945	0.371894	0.556851	0.477477	0.430000	0.503129	0.521964	0.239166	0.612903	0.496879	0.594684	0.602740	0.181440	0.625793	0.552749	0.592965	0.233530	0.611855	0.615385	0.435052	0.541401	0.611670	0.348521	0.564254	0.096653	0.349079	0.622776	0.551929	0.618667	0.573477	0.192835	0.571429	0.400735	0.284595	0.555215	0.434060	0.584939	0.552147	0.542474	0.496644	0.589878	0.594096	0.131404	0.573466	0.557845	0.577099	0.351047	0.604027	0.423415	0.400371	0.574163	0.600000	0.517949	0.631130	0.514877	0.101537	0.560000	0.558611	0.631791	0.594958	0.340094	0.064297	0.630670	0.622340	0.464501	0.180763	0.414914	0.613757	0.543507	0.602317	0.616016	0.615385	0.581443	0.591065	0.576728	0.263763	0.019949	0.194469	0.592857	0.615071	0.423576	0.553707	0.449893	0.544304	0.539726	0.625277	0.367003	0.324164	0.613333	0.584665	0.589065	0.572402	0.467354	0.586491	0.176661	0.386750	0.575207	0.627291	0.339564	0.535032	0.625882	0.194991	0.607242	0.502564	0.571963	0.515464	0.633406	0.491803	0.631791	0.644737	0.310320	0.594771	0.634146	0.647450	0.535014	0.080000	0.616016	0.115070	0.108946	0.622328	0.558870	0.513479	0.563107	0.605263	0.568873	0.503193	0.546512	0.492121	0.478711	0.626984	0.640553	0.332064	0.625000	0.505291	0.534091	0.525760	0.622785	0.606498	0.079562	0.599291	0.417647	0.459489	0.586420	0.563459	0.457082	0.509804	0.586957	0.407477	0.545994	0.184824	0.551524	0.430541	0.334356	0.607735	0.554149	0.469136	0.590099	0.492271	0.561688	0.214040	0.603261	0.600000	0.586510	0.648889	0.181138	0.590909	0.611570	0.549080	0.577508	0.352181	0.517060	0.279846	0.466368	0.557864	0.540373	0.393773	0.530997	0.567901	0.543544	0.475870	0.331307	0.589474	0.147497	0.474461	0.466518	0.591912	0.508431	0.149623	0.549133	0.594966	0.135068	0.612389	0.471264	0.628571	0.594507	0.202414	0.085776	0.059587	0.218656	0.530387	0.629808	0.595960	0.522911	0.461369	0.591781	0.531250	0.517834	0.633663	0.638831	0.544396	0.597015	0.334869	0.622601	0.601653	0.407273	0.586081	0.086991	0.581876	0.632794	0.538350	0.572438	0.467890	0.441207	0.280747	0.620047	0.617450	0.342767	0.628440	0.394928	0.429423	0.600484	0.580071	0.420136	0.503053	0.072185	0.649895	0.445820	0.536653	0.123548	0.237732	0.567568	0.039781	0.576547	0.576819	0.600484	0.555556	0.218218	0.478360	0.262809	0.611940	0.013715	0.579186	0.612717	0.578947	0.615385	0.573668	0.600000	0.413127	0.244944	0.621359	0.366387	0.598967	0.443737	0.628993	0.582677	0.193262	0.475087	0.188337	0.377193	0.620038	0.634703	0.584814	0.620879	0.591171	0.634343	0.564263	0.524823	0.607656	0.339300	0.627002	0.566474	0.389982	1.000000	0.636735	0.580645	0.096418	0.387154	0.601671	0.614407	0.604119	0.446298	0.562691	0.353896	0.212683	0.584139	0.597990	0.621564	0.134609	0.605744	0.602740	0.611111	0.604959	0.397800	0.528705	0.527046	0.388592	0.498186	0.624762	0.430151	0.523810	0.585198	0.619883	0.556548	0.331055	0.475862	0.638298	0.613281	0.582915	0.547619	
0.607204	0.590551	0.495798	0.625551	0.621849	0.529787	0.465320	0.030162	0.603471	0.639110	0.616415	0.440958	0.632280	0.628752	0.584828	0.613861	0.540601	0.650794	0.637138	0.576769	0.309619	0.338730	0.574899	0.619377	0.625806	0.119324	0.467023	0.606285	0.638298	0.264591	0.559611	0.646388	0.634975	0.652330	0.350968	0.602452	0.595745	0.326923	0.591006	0.574887	0.560093	0.452447	0.380154	0.228764	0.617696	0.591195	0.365346	0.199340	0.581454	0.197818	0.632997	0.600812	0.241349	0.601852	0.647059	0.532584	0.601835	0.633947	0.617702	0.615845	0.242640	0.623656	0.552954	0.597561	0.505304	0.325359	0.638554	0.606581	0.635659	0.523909	0.634769	0.639478	0.260287	0.588832	0.624025	0.015662	0.624299	0.474170	0.258555	0.571075	0.639854	0.627628	0.627767	0.425880	0.640275	0.445269	0.621302	0.622496	0.479339	0.460432	0.077881	0.647788	0.550758	0.641434	0.495183	0.579952	0.115230	0.619145	0.547275	0.615137	0.578871	0.655804	0.602546	0.038716	0.500503	0.453782	0.521452	0.089843	0.309619	0.603421	0.527638	0.579014	0.601810	0.604348	0.568603	0.460053	0.086022	0.621701	0.358130	0.355788	0.205128	0.293737	0.476454	0.526425	0.037288	0.245155	0.621451	0.482375	0.607634	0.605578	0.242640	0.361702	0.634043	0.619392	0.550436	0.614887	0.160899	0.600000	0.591224	0.494603	0.513402	0.580132	0.591472	0.600780	0.551402	0.460724	0.514056	0.544643	0.434286	0.618820	0.570637	0.319249	0.609231	0.619355	0.361574	0.191414	0.595506	0.616052	0.514056	0.631052	0.194009	0.414386	0.483333	0.408715	0.421300	0.595349	0.639576	0.450897	0.592875	0.571046	0.387931	0.447279	0.588542	0.532344	0.382228	0.170586	0.598870	0.579670	0.598621	0.426016	0.376389	0.460419	0.185223	0.515213	0.341740	0.583851	0.581218	0.538126	0.565483	0.523409	0.617778	0.154458	0.477314	0.600284	0.432432	0.589189	0.515924	0.489564	0.560375	0.582126	0.289824	0.601307	0.561404	0.621951	0.636364	0.221408	0.629981	0.591472	0.632873	0.283186	0.630849	0.647510	0.498047	0.505435	0.627949	0.412261	0.612859	0.119168	0.415963	0.642857	0.542199	0.596737	0.604575	0.234989	0.604895	0.457093	0.343001	0.577904	0.489676	0.630400	0.510526	0.590345	0.448864	0.634769	0.627517	0.161329	0.601325	0.586861	0.612130	0.413580	0.602794	0.480074	0.455428	0.593220	0.561321	0.563549	0.634799	0.565901	0.125115	0.587106	0.625503	0.646098	0.619414	0.405689	0.079590	0.642166	0.595349	0.524294	0.220600	0.470909	0.637681	0.571785	0.632867	0.624769	0.632184	0.615955	0.619497	0.621329	0.318688	0.024829	0.236934	0.628664	0.653211	0.470142	0.593007	0.506048	0.475676	0.599490	0.621782	0.429952	0.387420	0.642487	0.614706	0.615137	0.605304	0.423188	0.596067	0.215702	0.447481	0.600910	0.664220	0.405082	0.494565	0.613779	0.237555	0.576271	0.549161	0.621392	0.546988	0.656311	0.539648	0.631579	0.674510	0.372858	0.618619	0.620690	0.633663	0.593750	0.098837	0.624769	0.141556	0.134122	0.635789	0.587554	0.542617	0.601190	0.585253	0.616639	0.568698	0.576819	0.550626	0.533044	0.637993	0.631148	0.397952	0.637066	0.538272	0.593668	0.589396	0.628062	0.644737	0.098301	0.614887	0.474860	0.517277	0.621083	0.586252	0.517241	0.466667	0.568720	0.467972	0.568681	0.225446	0.584118	0.471414	0.399116	0.643216	0.598693	0.522751	0.601073	0.547486	0.611940	0.260163	0.606635	0.602996	0.546835	0.662698	0.221048	0.623003	0.620818	0.575071	0.606742	0.416409	0.573529	0.336228	0.522199	0.615385	0.500000	0.453752	0.585427	0.601140	0.602778	0.531217	0.395620	0.576037	0.180731	0.530481	0.524211	0.628763	0.543030	0.183288	0.605898	0.615071	0.165753	0.607431	0.530303	0.658228	0.621100	0.246377	0.105898	0.073803	0.265625	0.565553	0.617021	0.617284	0.567839	0.525000	0.577566	0.497326	0.564735	0.644007	0.656660	0.596491	0.657627	0.401180	0.642447	0.622155	0.346505	0.613333	0.107383	0.623719	0.640657	0.579866	0.609677	0.516199	0.512315	0.338519	0.654244	0.654691	0.407240	0.648980	0.457686	0.488679	0.595289	0.616883	0.482061	0.558992	0.089268	0.632768	0.514174	0.584299	0.151828	0.288136	0.582043	0.049392	0.595808	0.583529	0.620985	0.593496	0.265107	0.547210	0.317572	0.613559	0.017083	0.602510	0.621291	0.567797	0.616858	0.606936	0.635379	0.464220	0.296619	0.600858	0.435691	0.620472	0.502008	0.624729	0.612482	0.235498	0.516903	0.229633	0.433836	0.651801	0.658537	0.641902	0.598086	0.619130	0.655738	0.618497	0.582345	0.618644	0.403286	0.635438	0.555000	0.457338	0.636735	1.000000	0.521519	0.118881	0.445957	0.585956	0.619772	0.619145	0.519250	0.598870	0.416796	0.258555	0.605954	0.606195	0.645161	0.165199	0.627002	0.572792	0.626667	0.628225	0.459389	0.577833	0.598710	0.452381	0.558456	0.635579	0.499523	0.570370	0.629921	0.645503	0.611570	0.396791	0.412791	0.613953	0.639576	0.611367	0.582716	
0.502304	0.398042	0.306351	0.443609	0.568807	0.310999	0.248485	0.013753	0.410000	0.487500	0.517857	0.231638	0.500000	0.491736	0.423611	0.472648	0.328000	0.585915	0.515982	0.400000	0.152985	0.168840	0.402027	0.526807	0.484076	0.055782	0.252826	0.561224	0.548913	0.128998	0.648855	0.567639	0.513636	0.498778	0.175589	0.521327	0.407960	0.162376	0.597484	0.464844	0.347458	0.263383	0.191888	0.110363	0.511111	0.579268	0.183582	0.095349	0.379045	0.094579	0.498876	0.416949	0.116865	0.460922	0.565097	0.331984	0.545455	0.594118	0.534031	0.457692	0.117535	0.582278	0.328877	0.588921	0.277027	0.161523	0.532951	0.436364	0.555858	0.302583	0.497908	0.474138	0.126739	0.384977	0.491870	0.007113	0.559585	0.263102	0.125831	0.372727	0.537688	0.437137	0.597701	0.229478	0.523148	0.264801	0.444023	0.476000	0.616822	0.255452	0.035986	0.524038	0.347458	0.594901	0.276715	0.357039	0.053806	0.590643	0.328000	0.483051	0.446494	0.578947	0.433692	0.017695	0.290780	0.644231	0.323684	0.041653	0.152985	0.485830	0.618474	0.380062	0.593857	0.636656	0.372727	0.248485	0.039838	0.450281	0.179562	0.178261	0.098282	0.144451	0.537736	0.301471	0.017036	0.118841	0.474227	0.264801	0.478261	0.560907	0.117535	0.181550	0.560748	0.431734	0.376147	0.481876	0.076114	0.409475	0.598592	0.282759	0.299635	0.405941	0.408304	0.393548	0.347949	0.250000	0.290437	0.329317	0.646766	0.460251	0.429319	0.158199	0.475050	0.626582	0.182222	0.091348	0.429840	0.589744	0.290437	0.484444	0.092655	0.217699	0.597156	0.208122	0.218085	0.475806	0.527578	0.240705	0.386185	0.408710	0.197908	0.239533	0.397415	0.309824	0.193853	0.080921	0.575916	0.424870	0.409722	0.227567	0.190550	0.258947	0.088235	0.293907	0.171190	0.375000	0.384977	0.319896	0.368263	0.356725	0.584718	0.072932	0.258132	0.433213	0.229478	0.406091	0.310214	0.271823	0.349432	0.362297	0.142361	0.492441	0.348442	0.465483	0.478528	0.106586	0.544974	0.418685	0.462151	0.138826	0.542056	0.530831	0.281143	0.593607	0.552239	0.212803	0.419244	0.055707	0.213172	0.492505	0.578512	0.607143	0.514039	0.113573	0.520095	0.247734	0.171190	0.427289	0.283410	0.487395	0.571429	0.423611	0.581281	0.476987	0.510067	0.076326	0.402640	0.451493	0.432143	0.214473	0.590909	0.264516	0.250000	0.575851	0.596364	0.359124	0.529412	0.359882	0.058585	0.417241	0.409396	0.522388	0.464000	0.207245	0.036793	0.570652	0.619217	0.334239	0.106172	0.258675	0.495763	0.377301	0.515366	0.525510	0.557641	0.543590	0.488706	0.465863	0.157895	0.011305	0.114578	0.498925	0.550505	0.271523	0.416961	0.291815	0.886878	0.384252	0.539326	0.225069	0.196800	0.520930	0.444444	0.483051	0.487805	0.561224	0.453125	0.103666	0.240705	0.462745	0.535354	0.206897	0.611872	0.587879	0.114900	0.666667	0.359124	0.504545	0.361233	0.557377	0.324111	0.537313	0.565097	0.187786	0.452611	0.577778	0.550562	0.397415	0.045938	0.525510	0.066594	0.062964	0.588957	0.442804	0.359649	0.435946	0.596491	0.465517	0.357558	0.411467	0.336986	0.317829	0.537897	0.560472	0.201970	0.558266	0.372163	0.403941	0.371601	0.600000	0.509804	0.045682	0.498934	0.265946	0.305211	0.433996	0.389068	0.293907	0.663507	0.864469	0.252308	0.417962	0.108657	0.414141	0.290094	0.203474	0.486607	0.396104	0.309045	0.521951	0.329759	0.452975	0.126674	0.586081	0.540260	0.617886	0.557746	0.106401	0.477987	0.534704	0.427289	0.429840	0.215223	0.368816	0.168148	0.308657	0.417962	0.634361	0.246740	0.380216	0.430380	0.416813	0.309045	0.201474	0.645614	0.085984	0.312977	0.307116	0.512249	0.363905	0.087265	0.408710	0.596491	0.078519	0.502128	0.317419	0.560000	0.446565	0.119475	0.049318	0.034063	0.129542	0.387917	0.604361	0.464930	0.374034	0.303329	0.614815	0.648889	0.368580	0.531707	0.541667	0.412162	0.512472	0.203811	0.572193	0.458824	0.511111	0.492239	0.050031	0.445693	0.609467	0.399329	0.488323	0.316602	0.284065	0.168724	0.574850	0.579545	0.209006	0.557185	0.243806	0.270033	0.591195	0.492505	0.262260	0.339779	0.041379	0.549738	0.281465	0.382166	0.071637	0.141461	0.462777	0.022642	0.450867	0.623188	0.559748	0.410866	0.129270	0.314176	0.157289	0.485261	0.007761	0.422535	0.504717	0.600619	0.568365	0.430939	0.528395	0.261424	0.145994	0.586751	0.224658	0.477366	0.290437	0.557692	0.448148	0.113836	0.320312	0.110811	0.235407	0.511521	0.559767	0.442748	0.565056	0.521127	0.530000	0.430939	0.403279	0.588235	0.206723	0.573099	0.629482	0.240469	0.580645	0.521519	1.000000	0.055568	0.239766	0.606061	0.546419	0.567251	0.284722	0.429338	0.216359	0.125831	0.516588	0.620462	0.571429	0.078244	0.583333	0.592593	0.604651	0.454902	0.246988	0.376147	0.386581	0.239533	0.336066	0.506977	0.273333	0.369138	0.477366	0.511962	0.409012	0.201309	0.553846	0.604982	0.527578	0.454183	0.372163	
0.134778	0.204422	0.272873	0.173562	0.090506	0.268705	0.335332	0.389161	0.199540	0.153186	0.140419	0.358192	0.142025	0.154770	0.190456	0.144028	0.254309	0.102293	0.136393	0.199540	0.485058	0.455481	0.196522	0.132755	0.149613	0.602258	0.329841	0.117647	0.107716	0.522996	0.062570	0.111452	0.137200	0.124619	0.449301	0.129915	0.200669	0.469101	0.086686	0.165779	0.239313	0.317107	0.419550	0.547270	0.141222	0.090929	0.432530	0.570330	0.217805	0.600708	0.139213	0.195766	0.560611	0.160684	0.104800	0.251117	0.119292	0.095996	0.113522	0.168900	0.529487	0.085835	0.253601	0.097259	0.301835	0.473703	0.099779	0.180512	0.107300	0.276332	0.152393	0.146825	0.530219	0.214108	0.157929	0.222056	0.115174	0.317435	0.530965	0.221855	0.120114	0.167731	0.099360	0.360937	0.133969	0.315460	0.171623	0.161077	0.041411	0.326594	0.603794	0.127474	0.239313	0.101456	0.302170	0.232444	0.642751	0.096838	0.254309	0.150011	0.177430	0.096838	0.183583	0.461981	0.287647	0.038733	0.257843	0.626747	0.481258	0.158717	0.056885	0.215219	0.075995	0.083704	0.221855	0.335332	0.637505	0.173950	0.442803	0.439489	0.596349	0.503739	0.040519	0.277366	0.449600	0.533355	0.155165	0.315460	0.163431	0.101456	0.545744	0.438945	0.087961	0.177430	0.219648	0.148817	0.632942	0.196144	0.072116	0.295783	0.279088	0.201797	0.191217	0.207040	0.238953	0.333398	0.287987	0.253247	0.035600	0.152393	0.189314	0.472106	0.161469	0.085835	0.437172	0.610707	0.185497	0.084131	0.287987	0.141222	0.606202	0.378460	0.040073	0.393437	0.378226	0.159504	0.127882	0.345570	0.213367	0.198409	0.411136	0.347158	0.206667	0.269749	0.413211	0.586345	0.113522	0.191597	0.190456	0.363360	0.421053	0.322354	0.574257	0.284576	0.444998	0.220385	0.214108	0.261010	0.224789	0.230627	0.079429	0.630130	0.323335	0.182049	0.360937	0.196144	0.269401	0.307511	0.237871	0.228807	0.499238	0.146425	0.238592	0.163823	0.156745	0.578517	0.111867	0.191217	0.161862	0.516042	0.132350	0.109794	0.297468	0.043636	0.121754	0.384111	0.192736	0.634407	0.386129	0.148021	0.053810	0.070388	0.146425	0.553647	0.130321	0.336297	0.456034	0.183200	0.295108	0.151600	0.048957	0.190456	0.036496	0.152393	0.140017	0.619935	0.201797	0.175111	0.184349	0.383258	0.101037	0.315789	0.333398	0.088810	0.068223	0.230991	0.110209	0.228442	0.642959	0.191976	0.198032	0.121754	0.161077	0.395678	0.622619	0.107716	0.070820	0.249339	0.561404	0.322681	0.150011	0.218912	0.130321	0.117647	0.109794	0.116823	0.155955	0.160291	0.468723	0.331817	0.555626	0.147223	0.119292	0.307844	0.186644	0.286624	0.044525	0.212625	0.102711	0.367842	0.408396	0.133160	0.173175	0.150011	0.157929	0.033356	0.165779	0.586512	0.345570	0.164997	0.119292	0.393669	0.043636	0.091776	0.544764	0.063442	0.230991	0.137200	0.229535	0.106884	0.257490	0.121754	0.104800	0.426152	0.167731	0.085409	0.102711	0.206667	0.642198	0.117647	0.612825	0.627349	0.090082	0.177430	0.230627	0.170068	0.072548	0.146825	0.232081	0.196900	0.247200	0.262765	0.124619	0.095575	0.401185	0.108132	0.222222	0.202923	0.222589	0.079000	0.144828	0.644993	0.148817	0.314140	0.273912	0.181665	0.207787	0.284576	0.040073	0.067355	0.330489	0.191597	0.571296	0.197277	0.288328	0.400742	0.140419	0.205545	0.270444	0.125027	0.252892	0.169290	0.524253	0.067355	0.114761	0.055568	0.102293	0.570769	0.151997	0.116411	0.183200	0.185497	0.383171	0.224422	0.452870	0.270791	0.191597	0.047187	0.337582	0.217067	0.181665	0.188552	0.270444	0.401703	0.072548	0.612326	0.266962	0.272180	0.140821	0.227713	0.587429	0.198409	0.096838	0.620180	0.149215	0.263115	0.089658	0.170457	0.550000	0.617734	0.608787	0.522368	0.210395	0.087961	0.160684	0.217067	0.275641	0.066053	0.046300	0.222589	0.125027	0.114348	0.196522	0.137603	0.400148	0.110209	0.164997	0.026141	0.141623	0.641679	0.174337	0.095154	0.198032	0.149613	0.263816	0.294432	0.458592	0.093466	0.101037	0.392684	0.096418	0.341426	0.309505	0.086686	0.148021	0.318422	0.245056	0.623148	0.113522	0.297132	0.210023	0.638214	0.509797	0.159897	0.526652	0.168511	0.068656	0.086686	0.195388	0.528928	0.265915	0.474848	0.137603	0.239938	0.187408	0.130727	0.088810	0.109794	0.177815	0.122983	0.319406	0.500511	0.086261	0.368461	0.155560	0.287987	0.084131	0.176657	0.560706	0.260659	0.557413	0.352851	0.134778	0.097259	0.170457	0.065618	0.131539	0.120934	0.177815	0.203298	0.088810	0.396202	0.096838	0.057762	0.345888	0.096418	0.118881	0.055568	1.000000	0.346841	0.063442	0.111452	0.096838	0.293756	0.183966	0.380218	0.539765	0.129915	0.080285	0.111867	0.596587	0.073842	0.066053	0.079429	0.164997	0.337261	0.219648	0.209278	0.347158	0.247914	0.133160	0.305845	0.222222	0.155560	0.128289	0.190836	0.404960	0.032907	0.070820	0.127882	0.161862	0.222222	
0.482702	0.587222	0.598863	0.547256	0.368564	0.630172	0.619209	0.096748	0.573913	0.519048	0.495114	0.646037	0.506494	0.515823	0.560472	0.497979	0.606536	0.403524	0.479475	0.581159	0.604690	0.612427	0.568513	0.481390	0.513189	0.347206	0.640046	0.441980	0.419861	0.573874	0.266795	0.425238	0.480328	0.457527	0.618982	0.477537	0.574114	0.627451	0.355191	0.532508	0.615591	0.621937	0.629486	0.543702	0.505691	0.370036	0.628302	0.486310	0.593422	0.489204	0.488163	0.575182	0.544194	0.523847	0.411919	0.604865	0.447279	0.382143	0.438898	0.541538	0.548556	0.352190	0.615183	0.391808	0.645084	0.605297	0.396811	0.563910	0.421970	0.622724	0.526232	0.509646	0.577729	0.590557	0.529874	0.051069	0.437393	0.633236	0.575503	0.598611	0.441426	0.522745	0.393617	0.643629	0.483498	0.614394	0.535578	0.532813	0.183099	0.634538	0.237132	0.471572	0.599462	0.400706	0.632714	0.597686	0.337444	0.388592	0.603922	0.501597	0.550681	0.386809	0.550075	0.123008	0.624846	0.172065	0.625974	0.270117	0.599665	0.524333	0.244898	0.596343	0.316869	0.344638	0.595833	0.642938	0.259669	0.537700	0.633488	0.614815	0.510509	0.590415	0.179435	0.621554	0.118660	0.545263	0.524901	0.629608	0.539658	0.400706	0.560390	0.632319	0.359673	0.546142	0.577406	0.501201	0.445165	0.568928	0.302632	0.629091	0.630856	0.571429	0.556701	0.572857	0.610625	0.640590	0.628150	0.623445	0.159021	0.516693	0.566149	0.605567	0.527713	0.352190	0.606573	0.487187	0.556962	0.346154	0.625691	0.492683	0.495488	0.636649	0.177598	0.643221	0.632075	0.529781	0.464495	0.631521	0.582922	0.563544	0.627781	0.639734	0.584703	0.621347	0.617862	0.460733	0.435456	0.571008	0.561947	0.620097	0.647030	0.641618	0.477018	0.624613	0.606225	0.586351	0.591966	0.608134	0.592541	0.596995	0.329325	0.431014	0.626659	0.550225	0.647948	0.583516	0.629371	0.624332	0.594340	0.615490	0.594099	0.497184	0.608345	0.529915	0.521671	0.532383	0.428325	0.571429	0.524181	0.591693	0.481788	0.423244	0.629607	0.192192	0.456853	0.636364	0.578561	0.347575	0.647363	0.503609	0.232877	0.296226	0.510056	0.543109	0.477140	0.639594	0.607127	0.554974	0.631068	0.509554	0.213650	0.567847	0.162767	0.507154	0.492258	0.447664	0.572872	0.544073	0.562687	0.629995	0.401060	0.621053	0.650794	0.362647	0.288152	0.602048	0.426343	0.591221	0.362322	0.567647	0.561047	0.453469	0.532813	0.637519	0.241897	0.419861	0.297832	0.608179	0.532774	0.647025	0.514377	0.587989	0.473815	0.443686	0.424978	0.435897	0.516180	0.527387	0.615911	0.080121	0.543902	0.497992	0.445578	0.640569	0.557207	0.617375	0.195804	0.586572	0.408451	0.633209	0.625616	0.485950	0.549199	0.517572	0.528302	0.149590	0.532508	0.525848	0.634850	0.537984	0.457483	0.633824	0.192192	0.372973	0.551866	0.270115	0.604778	0.490164	0.596851	0.415358	0.621183	0.455161	0.410167	0.623923	0.538165	0.350685	0.408451	0.574696	0.294377	0.443686	0.400536	0.385321	0.367089	0.555219	0.587432	0.537222	0.304225	0.508039	0.598093	0.582666	0.618543	0.612613	0.459209	0.386059	0.632633	0.421236	0.594032	0.578834	0.595007	0.327778	0.505246	0.292944	0.510809	0.625220	0.621690	0.556639	0.576320	0.623377	0.177598	0.284900	0.624501	0.575423	0.543364	0.573508	0.614251	0.634490	0.491857	0.583095	0.620558	0.460504	0.621232	0.544197	0.576047	0.284900	0.439485	0.239766	0.401762	0.538163	0.520286	0.441403	0.553478	0.570365	0.635465	0.604008	0.591173	0.617628	0.569536	0.206554	0.631401	0.597057	0.552138	0.558105	0.618020	0.624688	0.304225	0.479539	0.629630	0.618596	0.496338	0.614011	0.485135	0.575163	0.386809	0.450805	0.512000	0.609646	0.365611	0.544479	0.562170	0.313107	0.225694	0.576334	0.580554	0.359673	0.531665	0.578837	0.627278	0.280000	0.202985	0.590846	0.458824	0.443299	0.572886	0.484848	0.642174	0.426343	0.537984	0.118750	0.493907	0.317009	0.544901	0.381038	0.571221	0.508393	0.633269	0.625759	0.600536	0.378815	0.399293	0.629535	0.383586	0.656233	0.641041	0.355191	0.502005	0.635623	0.589096	0.268550	0.433735	0.642080	0.582386	0.420028	0.590711	0.513704	0.155088	0.551193	0.289773	0.355191	0.591673	0.574730	0.615483	0.607509	0.489762	0.055612	0.568249	0.478405	0.362647	0.423244	0.559335	0.455696	0.627542	0.593103	0.353692	0.643200	0.519747	0.624462	0.346154	0.554545	0.550833	0.608527	0.550667	0.640000	0.482702	0.390027	0.546012	0.278360	0.482587	0.452542	0.554800	0.576978	0.362647	0.633503	0.388592	0.248303	0.636717	0.387154	0.445957	0.239766	0.346841	1.000000	0.270115	0.428695	0.386809	0.630170	0.561613	0.653104	0.560146	0.479201	0.332410	0.426598	0.450561	0.308989	0.280000	0.329325	0.536434	0.641892	0.591353	0.580370	0.618705	0.605820	0.477686	0.633333	0.599584	0.519747	0.469115	0.565954	0.629371	0.147692	0.297832	0.474520	0.525741	0.596808	
0.530973	0.443740	0.341048	0.483636	0.631884	0.348578	0.279762	0.015750	0.436893	0.522088	0.540773	0.261111	0.523404	0.513944	0.461279	0.513684	0.367188	0.611260	0.543860	0.436893	0.173432	0.191186	0.439344	0.545861	0.519427	0.063686	0.284561	0.560976	0.590674	0.146494	0.614286	0.587342	0.541485	0.562061	0.198732	0.545455	0.444444	0.183953	0.607143	0.467925	0.388430	0.296218	0.216923	0.125501	0.529915	0.595376	0.207658	0.108545	0.416792	0.107675	0.561555	0.457237	0.132831	0.499033	0.617414	0.368906	0.555556	0.614525	0.555000	0.490706	0.133586	0.634731	0.368146	0.592798	0.311258	0.182998	0.594005	0.468310	0.587013	0.339350	0.528226	0.526971	0.143951	0.423135	0.513725	0.008150	0.564356	0.295908	0.142930	0.415929	0.572115	0.493458	0.595628	0.258716	0.560000	0.297782	0.491743	0.513514	0.568966	0.287462	0.041144	0.557604	0.385675	0.603774	0.310915	0.398868	0.061438	0.600000	0.367188	0.518367	0.467857	0.605556	0.468750	0.020259	0.326389	0.566372	0.359897	0.047603	0.173432	0.507812	0.621723	0.418182	0.655949	0.613982	0.410029	0.279762	0.045535	0.482759	0.203170	0.201717	0.111860	0.163858	0.608696	0.338129	0.019505	0.135057	0.512922	0.297782	0.511450	0.544474	0.133586	0.205390	0.643068	0.489286	0.410714	0.525667	0.086769	0.453202	0.642384	0.317568	0.336114	0.445513	0.449664	0.432602	0.388966	0.281437	0.326012	0.368627	0.575342	0.520161	0.450085	0.179275	0.500963	0.628743	0.206140	0.104021	0.468158	0.612121	0.326012	0.512821	0.105499	0.245645	0.593886	0.235000	0.246073	0.490272	0.565517	0.271154	0.421374	0.439024	0.223632	0.269856	0.433281	0.347291	0.219114	0.092217	0.565000	0.455611	0.447811	0.256597	0.215432	0.291322	0.100499	0.329825	0.193814	0.418398	0.426180	0.358323	0.408163	0.384615	0.633229	0.083161	0.290422	0.475524	0.258716	0.443350	0.347719	0.305525	0.390582	0.404591	0.161512	0.536383	0.389503	0.506667	0.516765	0.121238	0.590909	0.449664	0.500000	0.157542	0.542601	0.562660	0.315789	0.649789	0.561905	0.240204	0.463333	0.063599	0.240614	0.540206	0.600000	0.644295	0.507277	0.129121	0.530612	0.278932	0.193814	0.462609	0.318284	0.518219	0.602410	0.457912	0.588235	0.516129	0.546237	0.087010	0.448718	0.476534	0.474048	0.242060	0.567568	0.297468	0.281437	0.551320	0.600683	0.398293	0.581633	0.405172	0.066872	0.461538	0.446254	0.566667	0.498069	0.234025	0.042064	0.601036	0.628763	0.366048	0.120771	0.291022	0.530612	0.417910	0.544218	0.570732	0.578005	0.549020	0.510891	0.488372	0.178934	0.012948	0.130254	0.525880	0.574879	0.305195	0.458904	0.327526	0.610879	0.425727	0.593583	0.253825	0.222397	0.571429	0.495446	0.526531	0.490196	0.579439	0.486792	0.117942	0.271154	0.507576	0.584541	0.233637	0.624473	0.614943	0.130616	0.624113	0.395448	0.510917	0.397711	0.604167	0.362934	0.552381	0.612137	0.212349	0.493458	0.612613	0.631016	0.439560	0.052485	0.570732	0.075970	0.071847	0.627907	0.471429	0.393162	0.480591	0.620462	0.522822	0.396601	0.448445	0.377005	0.356061	0.557377	0.616246	0.228155	0.599483	0.400589	0.443381	0.411765	0.628931	0.545073	0.052193	0.513347	0.299046	0.342233	0.476357	0.437500	0.329825	0.585153	0.591065	0.283988	0.452261	0.123576	0.450980	0.323326	0.229829	0.527897	0.438486	0.346437	0.528037	0.369110	0.486085	0.143878	0.666667	0.555831	0.651515	0.616622	0.121030	0.513131	0.565111	0.448696	0.464716	0.242894	0.405839	0.190412	0.346012	0.452261	0.604082	0.277833	0.415038	0.476357	0.455008	0.346437	0.227603	0.587459	0.097951	0.350746	0.344322	0.522484	0.403458	0.099401	0.442276	0.572222	0.089495	0.512295	0.353090	0.612245	0.490775	0.135773	0.056332	0.038950	0.147105	0.426584	0.613569	0.499033	0.412030	0.340169	0.611111	0.641975	0.402941	0.551402	0.572139	0.452459	0.553377	0.230204	0.607143	0.511364	0.505051	0.533049	0.057143	0.485507	0.606742	0.439739	0.507157	0.354717	0.319005	0.191057	0.642045	0.589189	0.235983	0.601671	0.274586	0.303552	0.619048	0.511340	0.294979	0.377358	0.047292	0.580000	0.316143	0.430341	0.081692	0.160501	0.473786	0.025912	0.480447	0.632653	0.625000	0.454695	0.146799	0.352060	0.178255	0.544662	0.008892	0.460751	0.524887	0.592375	0.603581	0.459893	0.567376	0.294056	0.165590	0.620896	0.253369	0.507937	0.326012	0.612121	0.483871	0.129417	0.358779	0.126005	0.265287	0.557522	0.626039	0.487085	0.634146	0.527027	0.598086	0.467023	0.433121	0.563050	0.233444	0.605556	0.617100	0.270893	0.601671	0.585956	0.606061	0.063442	0.270115	1.000000	0.556962	0.594444	0.319728	0.478336	0.244156	0.142930	0.545455	0.623053	0.570707	0.089184	0.627451	0.625000	0.652038	0.507576	0.278107	0.410714	0.431677	0.269856	0.376000	0.562500	0.307190	0.415317	0.511905	0.564220	0.463866	0.227419	0.544601	0.662207	0.565517	0.503846	0.412371	
0.591150	0.583333	0.477516	0.606335	0.585153	0.516269	0.433541	0.028194	0.574555	0.618658	0.625216	0.422464	0.641509	0.624390	0.579915	0.625850	0.528944	0.625514	0.629174	0.574555	0.292122	0.319899	0.586445	0.635714	0.627907	0.111870	0.452899	0.623327	0.653307	0.249264	0.559796	0.622047	0.619965	0.637037	0.331593	0.611212	0.591281	0.308627	0.619154	0.590980	0.541120	0.452582	0.359519	0.215254	0.612737	0.618736	0.345343	0.187385	0.561538	0.185944	0.621528	0.576976	0.227191	0.596825	0.621951	0.518349	0.614801	0.632696	0.584795	0.605223	0.228417	0.626398	0.527873	0.645570	0.480864	0.307134	0.587500	0.587372	0.638554	0.500000	0.620690	0.628571	0.245174	0.568831	0.609952	0.014633	0.626692	0.459662	0.243528	0.561315	0.620038	0.580247	0.597077	0.420615	0.625222	0.454717	0.607903	0.614897	0.469565	0.451554	0.072915	0.628885	0.541120	0.607438	0.478431	0.548780	0.108016	0.608879	0.522134	0.600332	0.594354	0.630021	0.597968	0.036200	0.493347	0.460177	0.520763	0.084148	0.292122	0.611200	0.563158	0.574386	0.589623	0.579186	0.551201	0.438894	0.080558	0.602410	0.338441	0.336201	0.192863	0.276990	0.478134	0.500528	0.034864	0.230804	0.620130	0.466038	0.621664	0.628099	0.228417	0.341857	0.619469	0.585438	0.542675	0.626667	0.151056	0.592798	0.621687	0.483516	0.502101	0.591588	0.578279	0.559254	0.548926	0.443049	0.490798	0.521640	0.445783	0.627258	0.571023	0.301305	0.607595	0.599553	0.343011	0.179887	0.576369	0.627540	0.482618	0.629948	0.182340	0.402855	0.473684	0.386900	0.400318	0.609250	0.613139	0.433651	0.559896	0.568681	0.369723	0.428325	0.570667	0.510270	0.362857	0.160202	0.635478	0.577465	0.579915	0.407591	0.357243	0.455134	0.174032	0.489669	0.323980	0.556544	0.571429	0.508889	0.555695	0.520245	0.615741	0.144977	0.455720	0.607299	0.417290	0.581717	0.515152	0.469112	0.531737	0.538272	0.273265	0.622896	0.542413	0.626959	0.616129	0.208282	0.652259	0.572638	0.603476	0.266947	0.622540	0.615079	0.475149	0.491429	0.649156	0.394716	0.586255	0.111722	0.395331	0.612040	0.557641	0.579075	0.582492	0.221158	0.599278	0.441281	0.323980	0.584302	0.470470	0.612850	0.535912	0.594059	0.449102	0.617406	0.595156	0.151461	0.583446	0.584708	0.590449	0.395931	0.608696	0.459943	0.444843	0.594714	0.571429	0.556373	0.617822	0.543881	0.117321	0.590717	0.563961	0.649156	0.608558	0.385432	0.074520	0.621242	0.592233	0.502884	0.207516	0.454713	0.620232	0.567050	0.620939	0.627151	0.638889	0.614203	0.614887	0.604134	0.300770	0.023205	0.223003	0.610738	0.637571	0.470588	0.582496	0.482546	0.511364	0.574413	0.628337	0.406863	0.367849	0.631016	0.601208	0.616915	0.616372	0.434251	0.600311	0.202875	0.428448	0.608424	0.626186	0.384848	0.497143	0.624729	0.223592	0.582278	0.549020	0.605954	0.549261	0.651911	0.532584	0.615385	0.626016	0.352533	0.595679	0.627803	0.632444	0.570667	0.092599	0.627151	0.132810	0.125805	0.625821	0.597325	0.542331	0.608563	0.596154	0.625210	0.547009	0.580110	0.534262	0.525967	0.611111	0.625532	0.376575	0.628000	0.547980	0.570270	0.557377	0.617169	0.627119	0.092096	0.610000	0.460227	0.508004	0.602339	0.565737	0.495868	0.479532	0.584158	0.443038	0.577465	0.212109	0.582069	0.469867	0.379104	0.632124	0.578313	0.511327	0.598891	0.533637	0.613497	0.245055	0.584158	0.631783	0.546419	0.617284	0.207941	0.611842	0.630769	0.587209	0.587896	0.395604	0.553885	0.318695	0.510776	0.594366	0.525140	0.441489	0.570694	0.602339	0.601140	0.502697	0.375740	0.586538	0.169786	0.516903	0.506438	0.634483	0.550186	0.172203	0.582418	0.613108	0.155637	0.608985	0.507726	0.644737	0.607634	0.231963	0.099238	0.069087	0.250246	0.571053	0.601770	0.606349	0.555270	0.507431	0.578554	0.511236	0.547289	0.628466	0.640777	0.564315	0.629371	0.379671	0.637624	0.605304	0.366559	0.615120	0.100634	0.604511	0.626866	0.574966	0.614618	0.519824	0.483450	0.319698	0.623656	0.645963	0.388379	0.572034	0.442105	0.476008	0.614699	0.618729	0.463985	0.519298	0.083608	0.643275	0.489552	0.579710	0.142496	0.271658	0.601911	0.046199	0.596923	0.589681	0.641425	0.597222	0.249754	0.503282	0.299705	0.611888	0.015962	0.580830	0.627027	0.616740	0.611111	0.602374	0.604478	0.451493	0.279736	0.620536	0.414356	0.625608	0.488753	0.613995	0.616990	0.221640	0.502781	0.216078	0.426871	0.640708	0.637131	0.598473	0.575000	0.649910	0.632768	0.584570	0.591093	0.603524	0.383043	0.642706	0.544503	0.431542	0.614407	0.619772	0.546419	0.111452	0.428695	0.556962	1.000000	0.617336	0.496482	0.588406	0.397476	0.243528	0.600362	0.599078	0.632613	0.155115	0.587112	0.568579	0.597222	0.608424	0.445430	0.557962	0.562748	0.430052	0.530707	0.631016	0.481086	0.570707	0.619125	0.630237	0.590395	0.375462	0.417178	0.577670	0.627737	0.609795	0.565657	
0.603774	0.544429	0.440489	0.554140	0.614657	0.475761	0.392265	0.024356	0.557471	0.600694	0.628676	0.378238	0.620438	0.613793	0.568452	0.578662	0.484634	0.603104	0.617978	0.563218	0.257042	0.282035	0.558140	0.617143	0.592593	0.097204	0.409729	0.627049	0.637931	0.218672	0.592179	0.630021	0.611940	0.609901	0.292585	0.621622	0.563662	0.271881	0.652174	0.575658	0.504975	0.421359	0.317852	0.188387	0.622711	0.641509	0.305014	0.163677	0.539597	0.162403	0.617375	0.556851	0.199000	0.594958	0.652079	0.489845	0.609756	0.610092	0.644351	0.581169	0.200091	0.631068	0.492891	0.642369	0.441057	0.270537	0.593258	0.572755	0.643629	0.459846	0.602787	0.610714	0.215022	0.536054	0.588435	0.012630	0.601660	0.422890	0.213554	0.534392	0.623482	0.577488	0.621622	0.375000	0.621212	0.413659	0.552167	0.580537	0.516129	0.409821	0.063185	0.632812	0.512438	0.632517	0.444670	0.509554	0.093830	0.634703	0.477541	0.570423	0.583072	0.643836	0.556575	0.031290	0.445860	0.506579	0.492991	0.072976	0.257042	0.610169	0.585507	0.533875	0.601542	0.624079	0.526455	0.399632	0.069845	0.591415	0.298772	0.296748	0.168526	0.243469	0.512987	0.462719	0.030132	0.202216	0.598967	0.421463	0.601329	0.641425	0.200091	0.301861	0.613909	0.573668	0.528000	0.584071	0.131611	0.556041	0.600000	0.438923	0.455834	0.544160	0.554896	0.544693	0.500623	0.405556	0.451750	0.486358	0.471380	0.588850	0.562033	0.265294	0.576214	0.626214	0.302905	0.157046	0.564492	0.627451	0.455992	0.615385	0.159215	0.357259	0.521173	0.342723	0.357843	0.584459	0.619883	0.388193	0.529332	0.554113	0.327110	0.388246	0.537063	0.467416	0.320879	0.139668	0.631799	0.554074	0.550595	0.370433	0.315789	0.411090	0.151872	0.445874	0.285714	0.515957	0.533333	0.469364	0.523560	0.505128	0.639798	0.126261	0.413727	0.569231	0.375000	0.535662	0.465692	0.431568	0.502500	0.523871	0.240132	0.597496	0.503741	0.590381	0.594872	0.182196	0.628692	0.548961	0.581940	0.234475	0.618321	0.643923	0.440783	0.533333	0.630522	0.349840	0.569322	0.097074	0.350400	0.596803	0.562130	0.617021	0.604651	0.193634	0.628131	0.400367	0.285714	0.560490	0.433610	0.594406	0.550459	0.571429	0.488294	0.599303	0.611418	0.131967	0.544160	0.575949	0.570122	0.352373	0.620536	0.421053	0.401852	0.634845	0.592992	0.514725	0.604255	0.516796	0.101979	0.550296	0.560694	0.622490	0.590604	0.341387	0.064583	0.637931	0.625995	0.490385	0.181517	0.416428	0.595070	0.540107	0.620424	0.610656	0.665245	0.629630	0.614065	0.585859	0.264813	0.020039	0.195274	0.613191	0.638211	0.429142	0.570997	0.451544	0.536278	0.533516	0.632743	0.368377	0.325409	0.627376	0.567783	0.591549	0.591837	0.465753	0.569079	0.177400	0.386404	0.577558	0.609756	0.340856	0.533333	0.624413	0.195798	0.577778	0.501921	0.593284	0.519949	0.666667	0.481871	0.610442	0.608315	0.311522	0.577488	0.632603	0.619469	0.562238	0.080352	0.610656	0.115567	0.109418	0.630332	0.579937	0.517949	0.600969	0.629921	0.596429	0.522959	0.554427	0.498789	0.491954	0.617822	0.629885	0.333333	0.640860	0.528402	0.550355	0.530343	0.611111	0.616216	0.079912	0.598230	0.421156	0.470067	0.588598	0.540390	0.454448	0.508143	0.607046	0.405229	0.560000	0.185593	0.550725	0.436441	0.335632	0.602941	0.544944	0.468610	0.628458	0.498812	0.580227	0.214917	0.585366	0.607069	0.567251	0.625277	0.181894	0.589878	0.630928	0.557427	0.567527	0.353511	0.516383	0.280949	0.470325	0.557037	0.557276	0.397072	0.543742	0.554700	0.581709	0.468610	0.332574	0.624672	0.148123	0.482993	0.472687	0.623853	0.520725	0.150257	0.568543	0.634703	0.135646	0.607774	0.477612	0.608076	0.577419	0.203248	0.086153	0.059852	0.219549	0.524138	0.628297	0.584874	0.500673	0.467475	0.617486	0.554517	0.530343	0.616601	0.637500	0.543605	0.633147	0.336147	0.617021	0.567657	0.398551	0.581353	0.087373	0.584127	0.649770	0.537572	0.603175	0.474227	0.444906	0.281853	0.632558	0.629464	0.344069	0.608696	0.396380	0.430983	0.628019	0.596803	0.417795	0.487805	0.072505	0.644351	0.447423	0.530387	0.124079	0.238692	0.573356	0.039960	0.565854	0.612903	0.613527	0.554745	0.219110	0.482366	0.263855	0.607076	0.013777	0.575301	0.607692	0.630072	0.639659	0.572770	0.570858	0.418515	0.245929	0.619855	0.367758	0.594502	0.447508	0.598039	0.581761	0.194063	0.476852	0.189119	0.382121	0.618868	0.637813	0.603226	0.569863	0.628352	0.620968	0.575900	0.563739	0.658711	0.340591	0.625571	0.587896	0.389634	0.604119	0.619145	0.567251	0.096838	0.386809	0.594444	0.617336	1.000000	0.450000	0.583206	0.355231	0.213554	0.610039	0.626566	0.649789	0.135185	0.614583	0.562842	0.644836	0.584158	0.395604	0.533333	0.526316	0.390027	0.495169	0.604563	0.437751	0.528402	0.587629	0.610895	0.543834	0.332322	0.474227	0.610080	0.619883	0.571906	0.528402	
0.534221	0.627132	0.623505	0.598261	0.427513	0.643009	0.641791	0.080086	0.620690	0.570128	0.549719	0.639286	0.549533	0.569873	0.597990	0.554419	0.646199	0.464543	0.543561	0.607553	0.578616	0.604337	0.606612	0.544413	0.561983	0.294749	0.642363	0.506931	0.482759	0.531485	0.315909	0.488442	0.538752	0.527751	0.606241	0.528846	0.617527	0.592593	0.414530	0.557522	0.633484	0.615979	0.627368	0.489638	0.548689	0.429175	0.616956	0.439650	0.645620	0.445480	0.549389	0.624172	0.502387	0.565801	0.469867	0.643120	0.499014	0.446764	0.486000	0.586995	0.492807	0.413276	0.638360	0.451613	0.646746	0.593181	0.461220	0.597603	0.477157	0.644305	0.562044	0.561922	0.529113	0.633254	0.574775	0.042100	0.494024	0.633612	0.530120	0.627543	0.505906	0.592070	0.455487	0.616568	0.535238	0.619263	0.592140	0.574240	0.218750	0.627451	0.198819	0.528046	0.636501	0.463440	0.652953	0.647284	0.285549	0.450000	0.641813	0.572477	0.584483	0.447917	0.607143	0.102066	0.648907	0.205811	0.619739	0.227161	0.559748	0.568345	0.290657	0.630159	0.373216	0.400431	0.622848	0.636816	0.218166	0.596003	0.606640	0.599600	0.461391	0.564412	0.214458	0.647141	0.098419	0.502976	0.574796	0.645120	0.583630	0.459320	0.518628	0.611252	0.419595	0.603448	0.608491	0.557498	0.384416	0.623656	0.356984	0.649194	0.646282	0.627451	0.620401	0.630048	0.650566	0.626717	0.651195	0.653480	0.190476	0.569343	0.587741	0.577082	0.568365	0.413276	0.598577	0.441558	0.597798	0.404301	0.648464	0.544944	0.446685	0.625858	0.212304	0.617778	0.630011	0.572711	0.525604	0.641463	0.632669	0.595885	0.622246	0.633435	0.622474	0.645892	0.610493	0.402952	0.494000	0.603175	0.614740	0.607416	0.618125	0.644133	0.421022	0.657045	0.561557	0.632653	0.630072	0.650324	0.643857	0.597542	0.387378	0.371336	0.656906	0.597270	0.622485	0.613730	0.657690	0.631648	0.638427	0.652274	0.556692	0.562442	0.645015	0.588444	0.576332	0.486671	0.491968	0.618729	0.580357	0.553138	0.533461	0.492432	0.649699	0.229391	0.515686	0.629087	0.618333	0.294398	0.637698	0.573272	0.276744	0.349666	0.543941	0.497845	0.522574	0.646803	0.592701	0.590638	0.629879	0.561243	0.254417	0.608040	0.194884	0.569343	0.538967	0.385837	0.632353	0.578856	0.609508	0.627762	0.457732	0.644703	0.652934	0.420829	0.340426	0.638526	0.489919	0.640432	0.307660	0.624374	0.619440	0.511765	0.576029	0.632687	0.202903	0.476673	0.351502	0.624815	0.480409	0.634799	0.572477	0.631496	0.526417	0.506931	0.482341	0.500000	0.571946	0.587814	0.582721	0.066223	0.503436	0.555863	0.510848	0.616798	0.603041	0.658453	0.233611	0.633679	0.466119	0.638223	0.613490	0.536260	0.593560	0.561468	0.578378	0.179361	0.591150	0.479438	0.645122	0.590426	0.508876	0.617598	0.229391	0.430380	0.500906	0.319728	0.627782	0.536862	0.632794	0.479675	0.641975	0.519608	0.473953	0.596473	0.600881	0.411576	0.459959	0.619240	0.248117	0.506931	0.343692	0.327514	0.427966	0.582759	0.626728	0.597721	0.358804	0.560074	0.618683	0.604459	0.660237	0.640805	0.514119	0.447231	0.625272	0.484296	0.612979	0.612877	0.626563	0.385621	0.551532	0.246877	0.550138	0.644200	0.640449	0.616567	0.625806	0.644674	0.212304	0.336700	0.641557	0.603175	0.488550	0.613861	0.605730	0.629447	0.553471	0.633712	0.639321	0.507782	0.645161	0.586479	0.521875	0.336700	0.492522	0.284722	0.464543	0.485324	0.569863	0.494538	0.597447	0.602879	0.629188	0.638132	0.560308	0.657244	0.613200	0.246154	0.624149	0.626087	0.606319	0.608915	0.666195	0.614464	0.358804	0.423685	0.641026	0.645525	0.552952	0.627512	0.427117	0.622222	0.445833	0.395095	0.566176	0.646088	0.426299	0.597198	0.518491	0.264360	0.189031	0.531585	0.631917	0.417465	0.578335	0.622925	0.645206	0.331081	0.241993	0.623437	0.517510	0.499002	0.598347	0.551464	0.629041	0.487903	0.585106	0.142857	0.553789	0.267751	0.602431	0.443515	0.617792	0.552801	0.648029	0.648248	0.588632	0.436975	0.468041	0.635097	0.450469	0.649047	0.652714	0.414530	0.551152	0.643959	0.646796	0.225811	0.496000	0.654155	0.627608	0.365745	0.560034	0.597309	0.129060	0.580475	0.342282	0.414530	0.618061	0.533122	0.646681	0.582951	0.545798	0.045864	0.612142	0.523992	0.420829	0.488396	0.606374	0.521994	0.624759	0.570560	0.414973	0.644483	0.572464	0.643003	0.404301	0.602763	0.508096	0.611833	0.499648	0.620565	0.547529	0.449532	0.600701	0.329200	0.532567	0.508841	0.592593	0.615635	0.422954	0.621681	0.447917	0.294591	0.644729	0.446298	0.519250	0.284722	0.293756	0.630170	0.319728	0.496482	0.450000	1.000000	0.603229	0.627920	0.531675	0.525000	0.390879	0.493976	0.392344	0.364238	0.331081	0.387378	0.586879	0.644362	0.630503	0.627010	0.635866	0.648889	0.538168	0.654809	0.631744	0.579710	0.530888	0.602510	0.632609	0.177122	0.351502	0.525604	0.587500	0.645817	
0.605087	0.632829	0.594982	0.615385	0.546875	0.619565	0.541827	0.047912	0.626506	0.635561	0.622865	0.554182	0.616993	0.624843	0.638920	0.607792	0.600188	0.583832	0.636485	0.646221	0.441437	0.480226	0.623204	0.609164	0.622449	0.184628	0.583204	0.609929	0.578561	0.392793	0.473043	0.579710	0.605578	0.584488	0.478413	0.631293	0.646288	0.463895	0.557845	0.649697	0.630754	0.577386	0.514107	0.343037	0.621232	0.555382	0.496068	0.301417	0.638254	0.299245	0.627968	0.637874	0.358974	0.628079	0.596439	0.607211	0.603667	0.572741	0.610072	0.650660	0.362427	0.543720	0.608860	0.576220	0.599500	0.458606	0.540785	0.632677	0.582353	0.603908	0.632111	0.604891	0.385980	0.640756	0.645963	0.024988	0.592275	0.580128	0.383598	0.641316	0.593530	0.624096	0.586989	0.557401	0.620134	0.581320	0.614286	0.634686	0.345351	0.587774	0.121975	0.620027	0.648384	0.576577	0.597338	0.620758	0.178506	0.583206	0.602070	0.611465	0.659649	0.564885	0.626866	0.061344	0.595341	0.326296	0.628145	0.140215	0.440396	0.649318	0.427046	0.634555	0.501650	0.538462	0.645427	0.570990	0.134402	0.640662	0.483660	0.494979	0.309659	0.424603	0.339048	0.602303	0.059107	0.365925	0.624060	0.578100	0.652015	0.588589	0.362427	0.494005	0.539432	0.615205	0.628749	0.611253	0.245980	0.637168	0.489112	0.593407	0.587302	0.624592	0.610550	0.621651	0.619608	0.584426	0.601724	0.603774	0.303502	0.599241	0.638826	0.460385	0.643735	0.546900	0.458208	0.290086	0.643836	0.531200	0.608621	0.618611	0.293801	0.546085	0.335878	0.537793	0.539903	0.647713	0.597260	0.546816	0.621053	0.659341	0.505141	0.577612	0.624464	0.603433	0.514539	0.260066	0.618705	0.645740	0.609674	0.545194	0.511222	0.581156	0.281200	0.593043	0.475429	0.615067	0.634454	0.585952	0.615698	0.623872	0.524430	0.236571	0.563981	0.638985	0.563177	0.628319	0.598553	0.582923	0.607670	0.625000	0.425282	0.626289	0.628067	0.634146	0.628429	0.332697	0.590449	0.610550	0.635583	0.411511	0.631579	0.571429	0.589226	0.353383	0.612587	0.548673	0.634637	0.184394	0.541241	0.630769	0.414414	0.482293	0.644330	0.351755	0.644022	0.571210	0.472000	0.639080	0.580864	0.613435	0.393382	0.647919	0.310078	0.624526	0.642105	0.246606	0.624592	0.654888	0.630011	0.534247	0.586466	0.569590	0.567463	0.566038	0.506803	0.623246	0.585153	0.607467	0.193262	0.618141	0.618262	0.598601	0.637146	0.517333	0.124589	0.596182	0.501684	0.615825	0.331559	0.588608	0.626752	0.650777	0.630435	0.570213	0.591837	0.614509	0.640000	0.609125	0.461785	0.039503	0.354472	0.642674	0.609309	0.587367	0.621160	0.603806	0.363296	0.628692	0.565022	0.547653	0.516955	0.619112	0.627962	0.629299	0.643478	0.286837	0.618182	0.324646	0.548315	0.646416	0.609309	0.537949	0.357143	0.544323	0.355338	0.464471	0.645291	0.634794	0.639839	0.594993	0.619403	0.606993	0.569733	0.490450	0.628916	0.528662	0.576981	0.650215	0.153846	0.570213	0.217619	0.206635	0.541471	0.657310	0.625878	0.619617	0.508361	0.607465	0.629371	0.646799	0.611697	0.621895	0.598338	0.567485	0.522534	0.592375	0.661191	0.642082	0.648205	0.499184	0.655440	0.153036	0.639386	0.581583	0.604111	0.635104	0.616043	0.593043	0.335878	0.481229	0.555901	0.645740	0.338378	0.646086	0.590870	0.522996	0.604468	0.637244	0.604148	0.627939	0.615675	0.616307	0.386696	0.474403	0.595989	0.432916	0.556886	0.332190	0.627848	0.612536	0.627586	0.623288	0.528846	0.620408	0.459459	0.598198	0.621076	0.377778	0.570992	0.656250	0.621247	0.633484	0.598738	0.528031	0.494983	0.274732	0.613285	0.622980	0.643045	0.604651	0.278416	0.652747	0.589313	0.253047	0.646232	0.612132	0.536050	0.628435	0.367622	0.164497	0.115727	0.393309	0.619958	0.548896	0.635468	0.610417	0.608541	0.480274	0.375465	0.611282	0.594744	0.591105	0.645304	0.618037	0.519737	0.579330	0.622114	0.231237	0.607330	0.166730	0.628099	0.565284	0.618262	0.642857	0.594495	0.586938	0.465274	0.553323	0.574436	0.524832	0.544343	0.571861	0.588235	0.557845	0.638462	0.570743	0.597878	0.139342	0.604317	0.601516	0.616366	0.232720	0.420078	0.622222	0.078010	0.641827	0.492360	0.532488	0.636364	0.393502	0.594891	0.457112	0.618037	0.027243	0.622020	0.599729	0.544025	0.594752	0.607477	0.584958	0.575758	0.429429	0.539683	0.562500	0.620776	0.584483	0.515200	0.640094	0.352466	0.629047	0.344256	0.567010	0.613119	0.560976	0.630824	0.463918	0.638701	0.597475	0.630841	0.641387	0.556604	0.522954	0.567939	0.436170	0.562874	0.562691	0.598870	0.429338	0.183966	0.561613	0.478336	0.588406	0.583206	0.603229	1.000000	0.536552	0.383598	0.617687	0.545455	0.587554	0.252242	0.492512	0.469983	0.524430	0.626974	0.565317	0.626680	0.617678	0.559701	0.610526	0.605653	0.593570	0.628337	0.660826	0.604651	0.624719	0.521173	0.283465	0.484848	0.621918	0.613497	0.624230	
0.448302	0.574468	0.599764	0.525650	0.334975	0.625446	0.626263	0.107999	0.555332	0.493071	0.463032	0.650282	0.467610	0.488727	0.553511	0.477745	0.608166	0.369181	0.455982	0.562039	0.621849	0.623509	0.559676	0.451515	0.481645	0.379174	0.631974	0.416212	0.387609	0.601858	0.241110	0.397476	0.461307	0.433846	0.637871	0.444783	0.562249	0.630923	0.322581	0.503207	0.586617	0.625753	0.642430	0.564744	0.463833	0.336341	0.634693	0.505330	0.579221	0.518900	0.461078	0.550979	0.576769	0.506475	0.380192	0.604167	0.413364	0.349310	0.403771	0.515946	0.565684	0.319801	0.608908	0.356564	0.637437	0.628003	0.364516	0.526024	0.386328	0.622066	0.486486	0.473801	0.600989	0.573856	0.496023	0.057167	0.410337	0.641840	0.598735	0.580271	0.415826	0.507102	0.363196	0.641875	0.453515	0.636264	0.530324	0.506111	0.164706	0.634304	0.262456	0.439174	0.595372	0.366559	0.628090	0.587342	0.370126	0.355231	0.605728	0.484226	0.533147	0.355231	0.543823	0.137092	0.632124	0.154686	0.604482	0.298367	0.622649	0.493863	0.221053	0.577952	0.287162	0.312812	0.577692	0.641148	0.287008	0.516854	0.641309	0.627037	0.540955	0.618350	0.161378	0.623316	0.132281	0.557244	0.497093	0.631868	0.503937	0.369775	0.589812	0.642030	0.326733	0.527565	0.574757	0.488235	0.471986	0.547908	0.274043	0.631459	0.629673	0.557114	0.551396	0.559894	0.598248	0.635733	0.629459	0.601954	0.142857	0.502557	0.536885	0.627964	0.504310	0.319801	0.620259	0.520089	0.536451	0.314214	0.612198	0.466816	0.530175	0.653142	0.159710	0.642547	0.643883	0.501802	0.435780	0.637742	0.565445	0.555108	0.657919	0.642336	0.576159	0.605341	0.636111	0.489443	0.403771	0.546939	0.550784	0.632860	0.649863	0.644215	0.501223	0.626157	0.617698	0.580478	0.581699	0.616867	0.588839	0.582857	0.298658	0.462008	0.636659	0.546713	0.651044	0.558704	0.621140	0.636971	0.591850	0.583439	0.622375	0.477105	0.596118	0.506438	0.501449	0.556424	0.400315	0.552757	0.505384	0.606834	0.441243	0.393987	0.640997	0.172973	0.422274	0.643869	0.547183	0.381760	0.649389	0.474227	0.210062	0.268147	0.472674	0.567877	0.435312	0.650743	0.631443	0.535912	0.635588	0.485735	0.192513	0.541241	0.146252	0.489408	0.458894	0.483228	0.563794	0.518570	0.554101	0.646712	0.368463	0.619440	0.657067	0.329489	0.260720	0.588832	0.395257	0.588910	0.393713	0.550646	0.546066	0.423821	0.507549	0.644851	0.267652	0.386021	0.269625	0.592502	0.564838	0.641694	0.487161	0.579391	0.444444	0.416212	0.393987	0.413739	0.492017	0.499640	0.631278	0.089529	0.570112	0.470501	0.418026	0.639955	0.540837	0.629758	0.176259	0.566186	0.373697	0.652218	0.639888	0.452687	0.518987	0.488628	0.496023	0.134315	0.514612	0.556373	0.647151	0.515346	0.416472	0.648077	0.172973	0.339066	0.571900	0.244156	0.590102	0.459805	0.595420	0.385044	0.602424	0.420727	0.380192	0.628805	0.515625	0.318408	0.373697	0.564238	0.324688	0.416212	0.433588	0.419341	0.333607	0.526169	0.593016	0.524752	0.275510	0.484133	0.580114	0.560647	0.611968	0.618619	0.430769	0.351220	0.649597	0.390476	0.577320	0.561333	0.580811	0.297229	0.472593	0.323136	0.473529	0.632159	0.624632	0.544321	0.572373	0.630787	0.159710	0.257732	0.638800	0.553741	0.567987	0.557576	0.600345	0.651429	0.466019	0.569343	0.621221	0.435050	0.602321	0.525496	0.588069	0.257732	0.407524	0.216359	0.370787	0.553856	0.488304	0.412500	0.541436	0.543329	0.651917	0.582798	0.589635	0.618483	0.542857	0.186047	0.639831	0.583875	0.545706	0.555404	0.621221	0.642992	0.275510	0.510661	0.616577	0.609929	0.465672	0.588385	0.514825	0.571237	0.353609	0.484095	0.486407	0.600240	0.332237	0.515901	0.587119	0.344957	0.249969	0.596416	0.573684	0.326733	0.507914	0.573472	0.623972	0.253230	0.182796	0.580811	0.431975	0.403137	0.542144	0.454955	0.653003	0.395257	0.511064	0.106443	0.469449	0.349174	0.523509	0.348251	0.558171	0.480176	0.619904	0.622652	0.625798	0.344490	0.366854	0.651838	0.352273	0.642105	0.642619	0.322581	0.474227	0.645161	0.575851	0.296665	0.402200	0.632295	0.570112	0.455029	0.620532	0.507205	0.172508	0.517730	0.262211	0.322581	0.556757	0.607731	0.598566	0.629735	0.460961	0.062235	0.546950	0.447148	0.329489	0.393987	0.536960	0.415123	0.631004	0.621894	0.321192	0.651561	0.501089	0.630610	0.314214	0.531097	0.579292	0.596745	0.568306	0.646694	0.451321	0.356564	0.520141	0.251724	0.449506	0.426026	0.535565	0.572951	0.329489	0.648727	0.353609	0.224168	0.640543	0.353896	0.416796	0.216359	0.380218	0.653104	0.244156	0.397476	0.355231	0.627920	0.536552	1.000000	0.585383	0.444783	0.301508	0.397163	0.477819	0.279898	0.253230	0.298658	0.506781	0.643349	0.578641	0.565590	0.629823	0.601356	0.452687	0.639866	0.587629	0.501089	0.443086	0.554496	0.651207	0.132597	0.269625	0.438838	0.506820	0.586340	
0.290247	0.418605	0.503185	0.365016	0.200393	0.506400	0.566877	0.186977	0.412300	0.326176	0.301344	0.579574	0.304489	0.329229	0.395624	0.308403	0.488003	0.224806	0.293433	0.409701	0.626470	0.632975	0.405910	0.286249	0.319266	0.522308	0.559284	0.256069	0.235917	0.634403	0.141045	0.243528	0.295021	0.270066	0.621865	0.280619	0.414360	0.633375	0.192403	0.350293	0.464212	0.534998	0.611836	0.625190	0.302918	0.201276	0.617252	0.614129	0.438507	0.624594	0.298979	0.404524	0.639224	0.340580	0.229952	0.482449	0.259382	0.211811	0.247728	0.356214	0.614413	0.190617	0.485144	0.214425	0.534463	0.642327	0.219631	0.377158	0.235067	0.509120	0.324646	0.313852	0.636164	0.436116	0.335302	0.100956	0.251074	0.536309	0.637555	0.447446	0.261035	0.353998	0.218765	0.563826	0.288650	0.537528	0.361360	0.341331	0.094644	0.548653	0.422703	0.275765	0.468349	0.223084	0.541186	0.463720	0.528578	0.213554	0.492070	0.320037	0.372279	0.213554	0.383767	0.234706	0.525245	0.088680	0.486027	0.461195	0.619837	0.336813	0.128703	0.433858	0.169830	0.186139	0.444069	0.560207	0.454338	0.365745	0.616434	0.619618	0.629630	0.639508	0.092660	0.511683	0.226887	0.642498	0.329991	0.551175	0.345824	0.223084	0.643346	0.624674	0.195074	0.372279	0.435887	0.317723	0.604736	0.405217	0.161565	0.534316	0.514625	0.415551	0.397027	0.424216	0.468543	0.554772	0.521909	0.487785	0.081675	0.324646	0.391762	0.628064	0.342081	0.190617	0.620464	0.620173	0.387324	0.187036	0.525039	0.302918	0.637030	0.588235	0.091667	0.597025	0.593585	0.338322	0.276576	0.571952	0.433930	0.409367	0.615854	0.567982	0.424399	0.506592	0.607119	0.592125	0.247728	0.395979	0.396499	0.568459	0.614667	0.552839	0.599956	0.523959	0.605849	0.443129	0.431857	0.496368	0.447623	0.446302	0.177114	0.596222	0.558227	0.380910	0.569579	0.406957	0.505995	0.543229	0.471612	0.456449	0.630783	0.313076	0.469565	0.346570	0.333030	0.640279	0.244370	0.397027	0.342831	0.645217	0.285447	0.240154	0.539474	0.099585	0.264330	0.595462	0.399825	0.531265	0.602166	0.316176	0.121989	0.157868	0.313076	0.635871	0.281426	0.560326	0.627463	0.383054	0.535506	0.323112	0.111340	0.395624	0.083682	0.324646	0.300557	0.610300	0.413823	0.367038	0.385192	0.592437	0.222222	0.550208	0.559970	0.196850	0.153226	0.456140	0.240999	0.453289	0.540961	0.398427	0.408677	0.264330	0.341331	0.598757	0.429541	0.235917	0.158794	0.476892	0.630899	0.543609	0.320037	0.437103	0.281426	0.256069	0.240154	0.254407	0.331512	0.339828	0.620753	0.156114	0.646266	0.314627	0.259382	0.521606	0.388571	0.528213	0.101554	0.431741	0.225666	0.583869	0.600203	0.287050	0.364286	0.320037	0.335302	0.076640	0.350293	0.642822	0.571952	0.348806	0.259382	0.596963	0.099585	0.203041	0.634286	0.142930	0.455305	0.295021	0.455230	0.234217	0.489465	0.264330	0.229952	0.614111	0.353998	0.189723	0.225666	0.422680	0.484428	0.256069	0.563391	0.564103	0.199509	0.372279	0.456331	0.358423	0.162487	0.313852	0.458073	0.405734	0.475605	0.488925	0.270066	0.210938	0.598565	0.236766	0.440506	0.417601	0.447912	0.176207	0.309963	0.496194	0.317723	0.546697	0.506561	0.380195	0.425568	0.516889	0.091667	0.151362	0.561848	0.396853	0.643343	0.405558	0.517012	0.603838	0.301344	0.422366	0.507784	0.270882	0.487169	0.356951	0.629417	0.151362	0.250239	0.125831	0.224806	0.640139	0.323879	0.253575	0.383054	0.387324	0.591164	0.447811	0.600883	0.505188	0.398601	0.107438	0.569845	0.437182	0.380195	0.392982	0.507784	0.597270	0.162487	0.629322	0.503407	0.512351	0.302132	0.454507	0.607332	0.409367	0.213554	0.609665	0.318495	0.498390	0.198623	0.359158	0.642251	0.504405	0.408241	0.638581	0.426005	0.195074	0.340580	0.441426	0.509524	0.148560	0.105481	0.447912	0.270882	0.249403	0.404172	0.295814	0.596022	0.240999	0.348806	0.060349	0.303704	0.511017	0.366473	0.210064	0.407809	0.319266	0.499598	0.531262	0.633407	0.206559	0.222222	0.601525	0.212683	0.571008	0.543511	0.192403	0.316176	0.550057	0.479244	0.460413	0.247728	0.536585	0.427043	0.588761	0.643271	0.339075	0.291395	0.355476	0.154156	0.192403	0.403829	0.636213	0.504815	0.634280	0.295814	0.109687	0.390865	0.282232	0.196850	0.240154	0.373002	0.266793	0.539623	0.642899	0.191510	0.584879	0.330752	0.527387	0.187036	0.370831	0.643411	0.482842	0.638330	0.567175	0.290247	0.214425	0.359158	0.147624	0.283841	0.262684	0.373002	0.416559	0.196850	0.602967	0.213554	0.130612	0.572474	0.212683	0.258555	0.125831	0.539765	0.560146	0.142930	0.243528	0.213554	0.531675	0.383598	0.585383	1.000000	0.280619	0.178926	0.244370	0.593447	0.165248	0.148560	0.177114	0.348806	0.565619	0.440118	0.425696	0.574561	0.481770	0.287050	0.540437	0.448101	0.330752	0.277386	0.396325	0.607984	0.075630	0.158794	0.276576	0.342831	0.446414	
0.622951	0.590621	0.514811	0.598870	0.596421	0.550155	0.475129	0.033106	0.600515	0.603659	0.608974	0.463651	0.621019	0.630303	0.606383	0.590837	0.561555	0.602637	0.612378	0.600515	0.335202	0.366197	0.598958	0.618182	0.608964	0.130397	0.494343	0.651408	0.591912	0.287086	0.538813	0.618445	0.600649	0.598291	0.379201	0.618729	0.593068	0.353637	0.607287	0.613372	0.574661	0.488288	0.407407	0.248649	0.632588	0.603175	0.393140	0.216981	0.589091	0.215340	0.628019	0.595300	0.262166	0.610370	0.629423	0.556161	0.643357	0.635659	0.616487	0.603448	0.263552	0.552846	0.551948	0.612717	0.526316	0.351972	0.605714	0.617080	0.596685	0.533873	0.629969	0.618750	0.282475	0.584049	0.631737	0.017204	0.587189	0.505851	0.280619	0.576555	0.616725	0.597403	0.614504	0.459936	0.631579	0.481448	0.583215	0.621302	0.446154	0.491659	0.085282	0.655405	0.574661	0.597353	0.523944	0.580347	0.125948	0.625483	0.539957	0.608025	0.590529	0.602317	0.594005	0.042478	0.528376	0.427083	0.551282	0.098323	0.335202	0.608955	0.508235	0.589242	0.579957	0.603696	0.583732	0.487136	0.094158	0.620592	0.384217	0.384319	0.223218	0.318254	0.432990	0.534274	0.040914	0.266251	0.620272	0.497738	0.615836	0.597353	0.263552	0.390594	0.571429	0.607242	0.563855	0.586047	0.175469	0.591917	0.552174	0.516252	0.533601	0.590793	0.591512	0.580402	0.561721	0.494828	0.531769	0.541712	0.403183	0.571865	0.595461	0.345465	0.629247	0.605691	0.381389	0.208435	0.606225	0.590164	0.529814	0.600639	0.211233	0.442573	0.423773	0.435935	0.438650	0.636905	0.603710	0.472454	0.583026	0.587322	0.411557	0.480466	0.586164	0.554639	0.408304	0.185945	0.637993	0.603974	0.593085	0.453461	0.406271	0.500888	0.201754	0.533070	0.370738	0.567308	0.598773	0.522751	0.594787	0.539535	0.574423	0.168498	0.494243	0.624658	0.466346	0.578879	0.532508	0.510638	0.563636	0.584795	0.314076	0.616588	0.564626	0.585652	0.604511	0.240741	0.606498	0.596817	0.643068	0.306982	0.649007	0.601093	0.509990	0.435443	0.602076	0.441441	0.622691	0.130226	0.442105	0.631415	0.468900	0.539474	0.654147	0.255337	0.631052	0.484175	0.369498	0.608458	0.492337	0.616564	0.452088	0.635638	0.406332	0.608563	0.632424	0.175934	0.595908	0.620787	0.597826	0.441421	0.628788	0.506329	0.486207	0.605210	0.545455	0.583043	0.610909	0.564403	0.136686	0.595238	0.606218	0.633218	0.621302	0.429934	0.087147	0.625000	0.551422	0.557018	0.239872	0.503993	0.617284	0.584541	0.627713	0.577465	0.622951	0.600707	0.642534	0.596439	0.344867	0.027260	0.257426	0.627145	0.622378	0.499076	0.595687	0.520118	0.458438	0.601726	0.582707	0.455477	0.412342	0.623762	0.616690	0.626543	0.628743	0.392473	0.595930	0.234602	0.474124	0.620991	0.622378	0.436630	0.440506	0.588933	0.258092	0.531818	0.569106	0.623377	0.578763	0.634686	0.562567	0.615917	0.636872	0.398385	0.614719	0.586558	0.593985	0.596226	0.108118	0.577465	0.154522	0.146461	0.569721	0.615599	0.553488	0.612303	0.559653	0.600000	0.576389	0.600780	0.554084	0.543158	0.642735	0.570874	0.421808	0.598165	0.585424	0.598726	0.591885	0.558824	0.636220	0.107535	0.623256	0.494096	0.547862	0.617284	0.583960	0.521224	0.423773	0.552339	0.483058	0.566887	0.245082	0.600000	0.505859	0.427437	0.628205	0.595960	0.547325	0.610922	0.579176	0.579627	0.282342	0.556793	0.591800	0.511848	0.580038	0.240354	0.612557	0.615929	0.567531	0.589986	0.436694	0.574140	0.362416	0.538541	0.601325	0.456576	0.473998	0.595383	0.589849	0.589023	0.541152	0.420902	0.577007	0.196905	0.548857	0.546571	0.620800	0.553991	0.199666	0.605433	0.594595	0.180719	0.625387	0.559411	0.570858	0.617143	0.267562	0.115802	0.080833	0.288193	0.578882	0.595573	0.628148	0.554070	0.539007	0.556054	0.478803	0.587112	0.621160	0.610714	0.617188	0.612642	0.423717	0.636364	0.615160	0.314607	0.586922	0.117416	0.628169	0.603113	0.590674	0.636785	0.535152	0.520154	0.364749	0.592157	0.617424	0.428677	0.603482	0.484388	0.518859	0.603239	0.618974	0.500898	0.557778	0.097696	0.630824	0.529524	0.579602	0.165651	0.312272	0.582467	0.054162	0.612950	0.557522	0.603239	0.601307	0.287638	0.544317	0.343678	0.602917	0.018763	0.588710	0.616667	0.601202	0.608379	0.592490	0.605852	0.495971	0.321333	0.567951	0.462628	0.607251	0.527859	0.557377	0.617318	0.255884	0.542373	0.249583	0.463554	0.642623	0.589595	0.631429	0.516854	0.604651	0.618056	0.603616	0.582697	0.593186	0.426061	0.567568	0.515222	0.473728	0.584139	0.605954	0.516588	0.129915	0.479201	0.545455	0.600362	0.610039	0.525000	0.617687	0.444783	0.280619	1.000000	0.580376	0.624549	0.180120	0.573276	0.542601	0.570231	0.618076	0.491468	0.583133	0.576060	0.480466	0.548458	0.597360	0.505576	0.568698	0.646526	0.622896	0.568393	0.424893	0.371968	0.542670	0.600337	0.598820	0.587814	
0.578411	0.513433	0.411628	0.529711	0.635417	0.422170	0.343840	0.020062	0.508371	0.562384	0.586139	0.321716	0.597250	0.554529	0.524487	0.564202	0.436183	0.601942	0.589899	0.499239	0.216216	0.237781	0.499230	0.596708	0.568182	0.080591	0.349515	0.636971	0.640000	0.183299	0.639498	0.612903	0.575453	0.575107	0.246914	0.630480	0.521212	0.229008	0.634667	0.548330	0.462745	0.363269	0.268857	0.157480	0.587771	0.638961	0.257695	0.136519	0.478754	0.135440	0.585657	0.516229	0.166512	0.550360	0.631579	0.433584	0.591611	0.649874	0.628702	0.558059	0.167442	0.605898	0.437267	0.645000	0.380952	0.227848	0.596059	0.540362	0.622642	0.411494	0.571963	0.556622	0.180180	0.485632	0.582878	0.010392	0.623025	0.362903	0.178926	0.476987	0.606593	0.547038	0.637037	0.318866	0.597137	0.359026	0.517123	0.560144	0.568266	0.352941	0.052227	0.604651	0.462745	0.629268	0.380550	0.466488	0.077771	0.656642	0.426270	0.559546	0.534224	0.636591	0.536585	0.025790	0.396456	0.558491	0.433293	0.060372	0.216216	0.580762	0.601307	0.497854	0.617143	0.646739	0.479777	0.343840	0.057766	0.545763	0.252278	0.250522	0.140625	0.204545	0.572491	0.410080	0.024833	0.169252	0.560886	0.365112	0.568384	0.619512	0.167442	0.254958	0.619048	0.534224	0.481013	0.566540	0.109456	0.509259	0.645161	0.386192	0.407745	0.506787	0.497638	0.499261	0.452880	0.345821	0.398230	0.435323	0.542636	0.530841	0.520635	0.223325	0.569892	0.643432	0.255864	0.130909	0.529032	0.607046	0.398230	0.568047	0.132743	0.303286	0.567164	0.290557	0.303797	0.571429	0.603376	0.333642	0.478386	0.510703	0.276923	0.332103	0.502959	0.415981	0.271493	0.116242	0.624146	0.528302	0.508689	0.316344	0.267062	0.357498	0.126538	0.398210	0.240964	0.471248	0.491379	0.426150	0.474483	0.458839	0.631285	0.104956	0.356436	0.527005	0.318866	0.500000	0.416471	0.372141	0.446781	0.470109	0.201681	0.557692	0.461337	0.553191	0.553114	0.152220	0.625287	0.500787	0.529517	0.196829	0.602062	0.641860	0.386266	0.536232	0.631808	0.296785	0.525822	0.080483	0.297275	0.568702	0.595318	0.599407	0.573077	0.161943	0.612500	0.342857	0.240964	0.524430	0.380541	0.562852	0.583333	0.540284	0.546154	0.575701	0.587302	0.109756	0.503771	0.546374	0.521880	0.299003	0.635697	0.364742	0.345821	0.621053	0.650602	0.463612	0.598608	0.454422	0.084586	0.514914	0.517611	0.605664	0.560144	0.289389	0.053389	0.630588	0.650888	0.436318	0.151643	0.357143	0.578450	0.499295	0.591667	0.587973	0.613953	0.621924	0.580882	0.544144	0.222910	0.016500	0.163339	0.578544	0.591611	0.373832	0.523274	0.393333	0.568345	0.491329	0.619855	0.313043	0.275440	0.599589	0.523810	0.589792	0.561020	0.529644	0.534271	0.148148	0.333642	0.560847	0.613687	0.288925	0.579710	0.625323	0.163785	0.629283	0.466307	0.583501	0.466125	0.600473	0.436275	0.614379	0.631579	0.263350	0.554007	0.655914	0.634383	0.497041	0.066519	0.587973	0.095974	0.090817	0.631854	0.530885	0.453441	0.527586	0.637427	0.556622	0.467114	0.513846	0.444727	0.425993	0.592275	0.621212	0.282353	0.624413	0.473538	0.510511	0.475661	0.610644	0.604651	0.066152	0.566540	0.364562	0.412514	0.537705	0.497791	0.398210	0.574627	0.624242	0.348837	0.515723	0.155106	0.506912	0.386740	0.284360	0.574257	0.502229	0.419695	0.599572	0.438356	0.546713	0.180090	0.624242	0.619910	0.640264	0.611650	0.151963	0.573034	0.609865	0.514658	0.525806	0.300000	0.480663	0.236842	0.416862	0.512579	0.605634	0.341556	0.502841	0.514754	0.519108	0.417351	0.281690	0.678363	0.123372	0.419929	0.419580	0.600791	0.458390	0.125174	0.522936	0.641604	0.112853	0.569260	0.427885	0.628272	0.543890	0.170132	0.071358	0.049457	0.184049	0.478134	0.634921	0.557554	0.465909	0.410138	0.623853	0.595745	0.478442	0.586724	0.621315	0.517720	0.574297	0.284810	0.626450	0.543210	0.472574	0.562992	0.072376	0.544839	0.632911	0.502297	0.587121	0.419664	0.385699	0.237624	0.659847	0.650367	0.291734	0.613065	0.337711	0.371901	0.634667	0.576336	0.361809	0.443022	0.059980	0.637813	0.386681	0.490511	0.103122	0.200445	0.537906	0.032961	0.555556	0.636637	0.650667	0.520124	0.183673	0.426190	0.222085	0.562249	0.011338	0.512000	0.586279	0.631579	0.613953	0.520000	0.593074	0.360721	0.206659	0.620321	0.312500	0.552486	0.391593	0.612466	0.546064	0.162308	0.431515	0.158103	0.326679	0.586558	0.625000	0.547332	0.625767	0.608696	0.617068	0.530000	0.500750	0.610526	0.288693	0.631579	0.616883	0.333333	0.597990	0.606195	0.620462	0.080285	0.332410	0.623053	0.599078	0.626566	0.390879	0.545455	0.301508	0.178926	0.580376	1.000000	0.606897	0.112465	0.637681	0.623853	0.659218	0.539683	0.341880	0.475387	0.474378	0.332103	0.443599	0.579055	0.376176	0.470752	0.574586	0.610526	0.514196	0.281470	0.507937	0.609467	0.603376	0.529517	0.476323	
0.607774	0.577181	0.472727	0.596386	0.605664	0.513543	0.433155	0.028303	0.592896	0.611111	0.631034	0.422111	0.623288	0.600649	0.579096	0.631579	0.521542	0.632444	0.624561	0.571038	0.293103	0.320957	0.591160	0.623886	0.613599	0.112285	0.448869	0.629771	0.644000	0.250123	0.573604	0.636542	0.632867	0.624769	0.332681	0.610108	0.598639	0.309654	0.613333	0.608696	0.545238	0.457786	0.360679	0.216010	0.628866	0.617391	0.346467	0.188053	0.568502	0.186608	0.623917	0.578947	0.227984	0.592710	0.632860	0.529210	0.632576	0.614407	0.645914	0.607362	0.229213	0.633929	0.522727	0.627368	0.480392	0.308157	0.615385	0.601173	0.637275	0.503704	0.616393	0.614094	0.246020	0.573281	0.631410	0.014691	0.625483	0.461106	0.244370	0.558081	0.645283	0.597843	0.650000	0.418605	0.645390	0.448633	0.582701	0.610759	0.502890	0.449315	0.073192	0.649635	0.542857	0.639175	0.481881	0.545676	0.108418	0.641350	0.517007	0.599338	0.599407	0.624473	0.597101	0.036340	0.486708	0.470588	0.520179	0.084465	0.293103	0.626198	0.556430	0.568475	0.588235	0.636569	0.563131	0.440285	0.080863	0.604511	0.339547	0.337302	0.193548	0.277929	0.482558	0.495781	0.034999	0.231608	0.632091	0.463713	0.598746	0.614433	0.229213	0.342972	0.609272	0.611276	0.557252	0.612313	0.151605	0.580913	0.610577	0.489022	0.493179	0.566396	0.571831	0.561170	0.531585	0.448029	0.506639	0.518771	0.450450	0.596721	0.573050	0.302312	0.616114	0.607143	0.344130	0.180531	0.595683	0.626126	0.496425	0.625430	0.182992	0.402536	0.472303	0.388128	0.401587	0.608280	0.637523	0.435009	0.564369	0.573388	0.370909	0.433132	0.577896	0.507559	0.364026	0.160782	0.630350	0.582278	0.564972	0.410552	0.358398	0.451017	0.174658	0.489164	0.325048	0.550761	0.583658	0.508324	0.562500	0.524510	0.614319	0.145506	0.457143	0.597668	0.423588	0.578147	0.503784	0.478303	0.540670	0.564735	0.274194	0.601681	0.544153	0.613459	0.628019	0.209016	0.635294	0.574648	0.611987	0.267857	0.621429	0.641584	0.474677	0.501425	0.629213	0.394410	0.621849	0.112137	0.396579	0.617696	0.545455	0.597087	0.611765	0.221932	0.634234	0.440889	0.325048	0.577649	0.468000	0.615132	0.528926	0.587571	0.471642	0.626230	0.639033	0.152012	0.582656	0.604790	0.592486	0.395622	0.628099	0.461394	0.448029	0.610989	0.565111	0.543452	0.620553	0.558025	0.117756	0.578652	0.590659	0.636704	0.610759	0.385140	0.074802	0.648000	0.600484	0.511521	0.208248	0.456140	0.612583	0.571429	0.648649	0.622137	0.653465	0.620690	0.623586	0.580952	0.301775	0.023295	0.223782	0.613065	0.621212	0.470135	0.593123	0.488205	0.526912	0.576271	0.627049	0.409796	0.369030	0.619217	0.597285	0.609272	0.599359	0.439024	0.605590	0.203593	0.429809	0.607477	0.640152	0.386071	0.512821	0.627706	0.224373	0.575758	0.541004	0.615385	0.563346	0.638554	0.531987	0.621723	0.645030	0.352288	0.600924	0.635347	0.618852	0.580559	0.092947	0.622137	0.133298	0.126269	0.620087	0.608309	0.541667	0.595420	0.604317	0.597315	0.546341	0.579310	0.535963	0.525386	0.632163	0.632696	0.377778	0.646707	0.552333	0.582996	0.571788	0.629630	0.626058	0.092442	0.618968	0.474929	0.507463	0.604380	0.575597	0.493292	0.483965	0.607407	0.449864	0.568214	0.212855	0.567493	0.475510	0.378822	0.627586	0.574866	0.517241	0.627306	0.537585	0.588055	0.245902	0.562963	0.622824	0.566138	0.620123	0.208674	0.600985	0.637236	0.583454	0.575540	0.395294	0.553191	0.319749	0.514532	0.582278	0.540390	0.437555	0.572529	0.583942	0.600284	0.508621	0.376940	0.623501	0.170398	0.511983	0.510182	0.623064	0.534653	0.172823	0.595336	0.624473	0.156202	0.624585	0.529217	0.612691	0.591463	0.232770	0.099609	0.069350	0.251108	0.551905	0.662252	0.608558	0.544288	0.504772	0.587065	0.504202	0.551637	0.634686	0.647287	0.588398	0.628272	0.380881	0.636364	0.610592	0.365385	0.596913	0.101010	0.603604	0.629787	0.568681	0.613599	0.499450	0.478958	0.320755	0.639485	0.636364	0.386555	0.630021	0.436459	0.471716	0.617778	0.617696	0.463551	0.530374	0.083923	0.630350	0.489066	0.568421	0.143017	0.272582	0.591415	0.046376	0.592934	0.602941	0.600000	0.585298	0.250614	0.520219	0.300708	0.624782	0.016024	0.591429	0.625899	0.615385	0.633663	0.583704	0.614525	0.456664	0.280682	0.605791	0.415648	0.608414	0.488253	0.617117	0.610119	0.222416	0.522222	0.216837	0.426508	0.625442	0.640000	0.621951	0.578554	0.623656	0.657895	0.598519	0.582210	0.628571	0.384266	0.645570	0.558747	0.434632	0.621564	0.645161	0.571429	0.111867	0.426598	0.570707	0.632613	0.649789	0.493976	0.587554	0.397163	0.244370	0.624549	0.606897	1.000000	0.155678	0.595238	0.582090	0.623557	0.619938	0.445035	0.554707	0.569921	0.426230	0.539352	0.615658	0.478682	0.562421	0.598706	0.632727	0.566996	0.376662	0.440367	0.590799	0.622951	0.596215	0.572509	
0.186675	0.279123	0.367468	0.238484	0.126512	0.362158	0.434156	0.290690	0.272727	0.211368	0.194262	0.462626	0.196418	0.213483	0.260794	0.199106	0.343750	0.142638	0.188849	0.272727	0.561474	0.540528	0.268768	0.183950	0.206589	0.620416	0.433996	0.163526	0.150031	0.605619	0.087975	0.155115	0.189934	0.172966	0.528960	0.180120	0.274207	0.553818	0.121269	0.228152	0.324459	0.422234	0.517225	0.641311	0.195341	0.127092	0.525720	0.654253	0.296589	0.605565	0.192641	0.267775	0.603238	0.221372	0.146057	0.339654	0.165756	0.134033	0.157927	0.232300	0.623522	0.120100	0.342841	0.135761	0.403064	0.548292	0.139205	0.247680	0.149464	0.371328	0.210308	0.202855	0.609217	0.291773	0.217699	0.161197	0.160171	0.421602	0.600453	0.301855	0.166869	0.230747	0.138632	0.470529	0.185586	0.420172	0.235912	0.221895	0.058483	0.434084	0.538730	0.176826	0.324459	0.141495	0.404014	0.315584	0.581258	0.135185	0.343750	0.207122	0.243605	0.135185	0.251736	0.358810	0.385684	0.054733	0.348278	0.548387	0.571238	0.218750	0.080076	0.293220	0.106550	0.117170	0.301855	0.437757	0.549983	0.238997	0.525773	0.537634	0.617663	0.580309	0.057235	0.372106	0.348137	0.627617	0.214011	0.416514	0.225029	0.141495	0.619916	0.526217	0.123020	0.243605	0.298986	0.205524	0.625449	0.268272	0.101194	0.394374	0.375370	0.275685	0.261795	0.282547	0.323994	0.437403	0.386649	0.342387	0.050339	0.210308	0.259291	0.573546	0.222418	0.120100	0.517420	0.612771	0.254262	0.117757	0.386649	0.195341	0.626688	0.485601	0.056610	0.497549	0.478390	0.219800	0.177376	0.447449	0.290806	0.271245	0.503260	0.450955	0.282059	0.363489	0.517399	0.670259	0.157927	0.262295	0.260794	0.473486	0.517069	0.426195	0.654238	0.381794	0.561938	0.299944	0.291773	0.352332	0.305665	0.313233	0.111285	0.626694	0.423267	0.249710	0.468010	0.268272	0.363045	0.409677	0.322599	0.310875	0.593169	0.202321	0.323529	0.225551	0.216120	0.608913	0.155678	0.261795	0.222941	0.578587	0.183403	0.152858	0.397032	0.061598	0.169091	0.490873	0.263793	0.602406	0.483218	0.204458	0.075796	0.098804	0.202321	0.625592	0.180668	0.438448	0.536563	0.251230	0.394583	0.209247	0.069032	0.260794	0.051596	0.210308	0.193722	0.655448	0.275685	0.240536	0.252747	0.487021	0.140923	0.418495	0.437403	0.124185	0.095808	0.313704	0.153423	0.310403	0.599690	0.262795	0.270750	0.169091	0.221895	0.488617	0.538397	0.150031	0.099402	0.337369	0.633174	0.428163	0.207122	0.298028	0.180668	0.163526	0.152858	0.162409	0.215066	0.220848	0.571364	0.245022	0.614073	0.203390	0.165756	0.411146	0.255774	0.384389	0.062841	0.289839	0.143208	0.468053	0.513500	0.184495	0.237970	0.207122	0.217699	0.047188	0.228152	0.620376	0.445408	0.227113	0.165756	0.501101	0.061598	0.128253	0.629093	0.089184	0.313704	0.189934	0.311819	0.148897	0.347826	0.169091	0.146057	0.514259	0.230747	0.119514	0.143208	0.282059	0.558342	0.163526	0.656250	0.640999	0.125931	0.243605	0.313233	0.233850	0.101791	0.202855	0.315114	0.269264	0.334620	0.354575	0.172966	0.133457	0.500972	0.150597	0.302332	0.277160	0.302809	0.110694	0.200179	0.590849	0.205524	0.416427	0.368790	0.249203	0.283523	0.381794	0.056610	0.094607	0.431707	0.262295	0.624177	0.269759	0.387080	0.496226	0.194262	0.280592	0.364375	0.173519	0.341932	0.232817	0.617769	0.094607	0.159610	0.078244	0.142638	0.630326	0.209778	0.161850	0.251230	0.254262	0.480079	0.305189	0.553084	0.364817	0.262295	0.066560	0.441592	0.295628	0.249203	0.258288	0.364375	0.505462	0.101791	0.637263	0.359935	0.366586	0.194801	0.309457	0.662235	0.271245	0.135185	0.639363	0.206057	0.355023	0.125349	0.234366	0.609239	0.612985	0.530830	0.604961	0.286929	0.123020	0.221372	0.295628	0.370989	0.092803	0.065322	0.302809	0.173519	0.159049	0.268768	0.190476	0.493544	0.153423	0.227113	0.037037	0.195879	0.581190	0.239510	0.132880	0.270750	0.206589	0.355918	0.392667	0.543159	0.130569	0.140923	0.485399	0.134609	0.442283	0.410081	0.121269	0.204458	0.420229	0.331861	0.554337	0.157927	0.396607	0.286444	0.612761	0.573215	0.220324	0.424181	0.231782	0.096408	0.121269	0.267278	0.599042	0.358598	0.570148	0.190476	0.174660	0.256780	0.181216	0.124185	0.152858	0.244115	0.170754	0.424069	0.566441	0.120684	0.466817	0.214539	0.385047	0.117757	0.242583	0.615537	0.351882	0.626807	0.458534	0.186675	0.135761	0.234366	0.092201	0.182310	0.167981	0.244115	0.277651	0.124185	0.489726	0.135185	0.081296	0.446825	0.134609	0.165199	0.078244	0.596587	0.450561	0.089184	0.155115	0.135185	0.392344	0.252242	0.477819	0.593447	0.180120	0.112465	0.155678	1.000000	0.103578	0.092803	0.111285	0.227113	0.438110	0.298986	0.285471	0.451465	0.335537	0.184495	0.406530	0.302332	0.214539	0.177925	0.261295	0.497573	0.046557	0.099402	0.177376	0.222941	0.302332	
0.563025	0.485496	0.383432	0.522648	0.617886	0.393758	0.319767	0.018406	0.495327	0.536398	0.571429	0.298913	0.582996	0.543726	0.485437	0.557114	0.414141	0.594458	0.562500	0.482866	0.200000	0.220147	0.485804	0.585987	0.561404	0.074124	0.325123	0.608295	0.604878	0.169318	0.578947	0.620525	0.568465	0.594235	0.228690	0.581897	0.486822	0.211946	0.605556	0.505415	0.434667	0.338115	0.249245	0.145310	0.581301	0.605405	0.238784	0.125858	0.465991	0.124858	0.579055	0.500000	0.153703	0.532348	0.625310	0.411239	0.584475	0.628272	0.584906	0.540925	0.154567	0.603352	0.412658	0.633766	0.354839	0.210863	0.603581	0.516892	0.625917	0.385965	0.561538	0.553360	0.166415	0.469897	0.539326	0.009530	0.570093	0.337769	0.165248	0.458689	0.604545	0.529517	0.620513	0.296230	0.578059	0.335736	0.506151	0.546125	0.585938	0.328358	0.047979	0.593886	0.434667	0.617722	0.352309	0.445964	0.071521	0.625000	0.409091	0.552529	0.503425	0.645833	0.513333	0.023666	0.367117	0.552000	0.408978	0.055481	0.200000	0.537313	0.611684	0.461988	0.662687	0.628895	0.455840	0.319767	0.053080	0.535652	0.233711	0.232068	0.129666	0.189112	0.574803	0.384615	0.022787	0.156250	0.554080	0.339856	0.547445	0.582278	0.154567	0.236220	0.595041	0.527397	0.454023	0.555773	0.100794	0.496051	0.638037	0.361842	0.382387	0.475309	0.487097	0.468278	0.429907	0.321637	0.368954	0.413181	0.543210	0.550000	0.484553	0.206637	0.541436	0.620112	0.237069	0.120658	0.499174	0.644068	0.371204	0.548780	0.122358	0.281570	0.592885	0.269608	0.282051	0.527881	0.579521	0.310150	0.474227	0.466354	0.256809	0.308700	0.481089	0.394737	0.251716	0.107073	0.608491	0.495974	0.485437	0.293856	0.247562	0.332661	0.116608	0.375427	0.223124	0.458453	0.464023	0.399507	0.456338	0.424242	0.629738	0.096633	0.331658	0.506711	0.296230	0.477093	0.392814	0.348469	0.434316	0.454924	0.186441	0.550495	0.435829	0.542805	0.553672	0.140426	0.595238	0.503226	0.529412	0.181918	0.591489	0.607229	0.359869	0.590038	0.585586	0.275459	0.509615	0.074024	0.275920	0.550098	0.591549	0.627329	0.554455	0.149457	0.533333	0.318841	0.223124	0.504174	0.358242	0.552124	0.571429	0.498382	0.579592	0.557692	0.568507	0.101072	0.478395	0.515571	0.521595	0.277544	0.598985	0.339506	0.321637	0.580822	0.611987	0.445667	0.615385	0.441667	0.077812	0.495177	0.498433	0.612613	0.531365	0.268511	0.049049	0.614634	0.600619	0.411311	0.139890	0.332326	0.560311	0.461095	0.584946	0.580645	0.631325	0.578704	0.563327	0.537037	0.206250	0.015136	0.150754	0.556213	0.579909	0.348101	0.500000	0.372881	0.585551	0.469719	0.603015	0.290749	0.255418	0.588983	0.516579	0.556420	0.543071	0.521008	0.527076	0.136646	0.310150	0.528986	0.593607	0.268075	0.590038	0.629032	0.151168	0.601307	0.437414	0.551867	0.439834	0.627451	0.409488	0.603604	0.610422	0.244083	0.525939	0.621849	0.613065	0.475038	0.061145	0.580645	0.088330	0.083565	0.630435	0.500000	0.443526	0.513274	0.617737	0.545455	0.438356	0.494488	0.419689	0.399510	0.589800	0.619423	0.261905	0.603406	0.452347	0.482335	0.451705	0.608187	0.570858	0.060807	0.555773	0.341262	0.389151	0.507563	0.481928	0.375427	0.577075	0.609524	0.324484	0.489533	0.143105	0.481132	0.364045	0.263789	0.575510	0.477204	0.393795	0.570796	0.413706	0.511545	0.166331	0.653968	0.576112	0.604167	0.624685	0.140187	0.547206	0.589327	0.487479	0.505785	0.278481	0.451340	0.219269	0.390942	0.492754	0.609665	0.317613	0.464441	0.497479	0.489396	0.393795	0.261283	0.617737	0.113676	0.396135	0.391459	0.570265	0.442897	0.115344	0.488263	0.593750	0.103937	0.574219	0.401469	0.621253	0.519435	0.157068	0.065606	0.045430	0.170015	0.456036	0.639118	0.543438	0.441219	0.386870	0.647436	0.584270	0.457386	0.575221	0.615023	0.492114	0.554865	0.264211	0.600962	0.532609	0.486486	0.535497	0.066546	0.517361	0.647368	0.485893	0.549708	0.395604	0.363436	0.220000	0.638298	0.614213	0.270714	0.616188	0.313987	0.346275	0.633333	0.530452	0.336735	0.428198	0.055119	0.613208	0.360262	0.471642	0.094937	0.185289	0.523191	0.030256	0.513369	0.628931	0.650000	0.500792	0.169666	0.400000	0.205479	0.567288	0.010398	0.504918	0.570815	0.602740	0.597590	0.512821	0.581655	0.335707	0.191083	0.623955	0.290237	0.549242	0.366704	0.615819	0.529210	0.149796	0.402469	0.145889	0.303588	0.592437	0.607792	0.526502	0.617363	0.559829	0.606335	0.512821	0.475460	0.630137	0.267857	0.630208	0.621160	0.309859	0.605744	0.627002	0.583333	0.073842	0.308989	0.627451	0.587112	0.614583	0.364238	0.492512	0.279898	0.165248	0.573276	0.637681	0.595238	0.103578	1.000000	0.602564	0.641399	0.543478	0.317919	0.462644	0.476048	0.308700	0.423773	0.576271	0.350318	0.446657	0.560606	0.591304	0.494346	0.261076	0.540084	0.619195	0.596950	0.518382	0.458037	
0.532751	0.452119	0.348247	0.496403	0.592593	0.360736	0.289941	0.016414	0.461538	0.543651	0.559322	0.270718	0.554622	0.523622	0.476667	0.532225	0.379845	0.585752	0.562771	0.435897	0.180147	0.198515	0.464286	0.551876	0.529293	0.066306	0.294885	0.567308	0.607143	0.152253	0.566434	0.578554	0.543103	0.563510	0.206316	0.547085	0.456140	0.191033	0.567251	0.503731	0.398907	0.306889	0.225115	0.130493	0.523207	0.585227	0.215543	0.112903	0.433878	0.112000	0.558635	0.465798	0.138093	0.500956	0.602597	0.384314	0.542857	0.620879	0.541872	0.492647	0.138876	0.611765	0.380829	0.588556	0.322368	0.190045	0.600536	0.477352	0.588235	0.351254	0.529880	0.528689	0.149618	0.434389	0.519380	0.008495	0.556098	0.306569	0.148560	0.415205	0.568720	0.495379	0.586022	0.268248	0.565789	0.308499	0.493648	0.511450	0.588235	0.297872	0.042857	0.554545	0.398907	0.594164	0.322015	0.412342	0.063969	0.584699	0.379845	0.524194	0.484099	0.595628	0.481100	0.021112	0.337931	0.560345	0.367347	0.049578	0.180147	0.509653	0.608059	0.438438	0.599369	0.591045	0.426901	0.289941	0.047427	0.488330	0.210904	0.209402	0.116343	0.170237	0.567797	0.350000	0.020326	0.140401	0.534381	0.308499	0.509434	0.546419	0.138876	0.213198	0.608696	0.484099	0.418879	0.531440	0.090295	0.465041	0.616883	0.328859	0.347929	0.447619	0.461794	0.444099	0.402189	0.291667	0.337543	0.378729	0.524444	0.513944	0.458961	0.186194	0.502857	0.588235	0.213974	0.108208	0.463373	0.642857	0.337543	0.544304	0.109742	0.254766	0.553191	0.243781	0.255208	0.515385	0.575964	0.281071	0.435703	0.431562	0.232044	0.279734	0.451011	0.359413	0.227378	0.095953	0.546798	0.470978	0.470000	0.266063	0.223574	0.301848	0.104552	0.341463	0.201232	0.426471	0.443439	0.370744	0.421965	0.403955	0.621538	0.086547	0.300921	0.470588	0.268248	0.461789	0.359853	0.316469	0.398352	0.418208	0.167808	0.525667	0.400000	0.512241	0.522417	0.126072	0.592040	0.475083	0.517110	0.163697	0.539823	0.594458	0.327030	0.617284	0.577465	0.249153	0.475248	0.066216	0.249576	0.533605	0.616541	0.611842	0.505133	0.134247	0.541387	0.289086	0.201232	0.475043	0.329596	0.536000	0.611765	0.470000	0.563877	0.529880	0.530786	0.090545	0.460317	0.464286	0.489726	0.251067	0.579787	0.308176	0.291667	0.564841	0.608696	0.414669	0.603015	0.404558	0.069619	0.473510	0.461290	0.577465	0.534351	0.242775	0.043815	0.566327	0.642623	0.378947	0.125587	0.301538	0.544355	0.428994	0.559284	0.581731	0.599496	0.541063	0.524462	0.505747	0.185841	0.013496	0.135421	0.543967	0.542857	0.316129	0.467797	0.339100	0.579592	0.440061	0.615789	0.263205	0.230769	0.555066	0.500901	0.532258	0.515504	0.554545	0.514925	0.122653	0.281071	0.505618	0.585714	0.242374	0.600823	0.598870	0.135797	0.631944	0.414669	0.517241	0.408511	0.564103	0.375479	0.577465	0.623377	0.220390	0.521257	0.619469	0.594737	0.444790	0.054657	0.581731	0.079075	0.074790	0.605714	0.473498	0.412429	0.493601	0.614887	0.516393	0.401685	0.450567	0.387268	0.365915	0.568129	0.617080	0.236715	0.590331	0.417518	0.448657	0.422741	0.641975	0.542443	0.054354	0.523327	0.309800	0.354217	0.495667	0.445820	0.341463	0.553191	0.579125	0.294294	0.454395	0.128497	0.466019	0.332569	0.238443	0.533898	0.453125	0.358537	0.534562	0.381818	0.495413	0.149542	0.632997	0.572127	0.637037	0.596306	0.125856	0.530938	0.571429	0.468158	0.483816	0.251928	0.425470	0.197714	0.358100	0.464345	0.621514	0.287953	0.432191	0.481802	0.467227	0.356098	0.236145	0.634304	0.101906	0.362963	0.356364	0.549683	0.405714	0.103412	0.466989	0.590164	0.093126	0.530364	0.367960	0.613181	0.503650	0.141143	0.058659	0.040574	0.152886	0.428790	0.602899	0.508604	0.417288	0.352096	0.625850	0.586345	0.413994	0.557604	0.588235	0.454545	0.550538	0.238830	0.587940	0.501873	0.509804	0.530526	0.059502	0.494624	0.596685	0.451613	0.492929	0.367041	0.330337	0.198381	0.631285	0.574468	0.244796	0.597260	0.284608	0.314439	0.573099	0.529532	0.305613	0.390374	0.049254	0.605911	0.327394	0.441718	0.085020	0.166761	0.491363	0.027000	0.504604	0.593333	0.637427	0.463295	0.152569	0.364312	0.185139	0.550538	0.009269	0.483108	0.549107	0.576369	0.594458	0.479718	0.545455	0.304663	0.172030	0.592375	0.262735	0.525490	0.337543	0.601190	0.492908	0.134554	0.371212	0.131016	0.275023	0.550218	0.599455	0.503650	0.587031	0.537778	0.584906	0.479718	0.447950	0.587896	0.242175	0.617486	0.574545	0.280802	0.602740	0.572792	0.592593	0.066053	0.280000	0.625000	0.568579	0.562842	0.331081	0.469983	0.253230	0.148560	0.542601	0.623853	0.582090	0.092803	0.602564	1.000000	0.609231	0.509363	0.288235	0.421829	0.436923	0.279734	0.386243	0.563877	0.318182	0.426277	0.521569	0.574661	0.475874	0.235955	0.547945	0.603279	0.571429	0.517110	0.426277	
0.572597	0.500000	0.393939	0.531516	0.638743	0.418440	0.340670	0.019842	0.506870	0.557009	0.580517	0.318711	0.579882	0.567718	0.510301	0.558594	0.437267	0.668293	0.588235	0.497710	0.214071	0.235450	0.497682	0.586777	0.558935	0.079731	0.346304	0.590604	0.595745	0.181448	0.605678	0.606481	0.589899	0.599138	0.244505	0.578616	0.510638	0.226752	0.632708	0.536155	0.456094	0.359960	0.266268	0.155867	0.570297	0.621410	0.255197	0.135104	0.482955	0.134036	0.584000	0.530233	0.164815	0.548736	0.634615	0.429648	0.594235	0.622785	0.594966	0.539130	0.165736	0.630728	0.435866	0.613065	0.377519	0.225602	0.628713	0.535537	0.616114	0.407834	0.589118	0.578035	0.178357	0.495677	0.577697	0.010277	0.607710	0.359596	0.177114	0.475524	0.596026	0.548951	0.665012	0.315883	0.599589	0.353659	0.546392	0.558559	0.550186	0.347741	0.051662	0.602972	0.456094	0.627451	0.377119	0.462366	0.076940	0.644836	0.427329	0.550285	0.529313	0.634761	0.528548	0.025507	0.392897	0.524715	0.422086	0.059722	0.214071	0.561020	0.585526	0.482066	0.666667	0.655738	0.481119	0.340670	0.057143	0.540816	0.249825	0.248084	0.139171	0.202503	0.569288	0.406429	0.024560	0.167529	0.566667	0.361789	0.559715	0.573529	0.165736	0.252482	0.659574	0.536013	0.473907	0.549618	0.108305	0.520124	0.637168	0.382703	0.406393	0.502269	0.524487	0.494815	0.448819	0.342637	0.394678	0.433915	0.546875	0.555347	0.509554	0.221118	0.557554	0.625337	0.253381	0.129549	0.533981	0.643052	0.390244	0.578218	0.131365	0.300422	0.578947	0.287793	0.300930	0.558984	0.588983	0.330548	0.491329	0.490798	0.274268	0.329020	0.498516	0.414605	0.268882	0.115024	0.617849	0.514196	0.507132	0.313380	0.264487	0.354229	0.125220	0.396861	0.238606	0.481013	0.489914	0.424757	0.470263	0.457375	0.657303	0.103851	0.353175	0.528736	0.315883	0.507740	0.415094	0.370833	0.455863	0.474114	0.199663	0.563707	0.459921	0.544484	0.562500	0.150656	0.623557	0.508689	0.563734	0.194855	0.604555	0.616822	0.382796	0.591241	0.608315	0.293972	0.527473	0.079624	0.294458	0.574713	0.592593	0.644776	0.548263	0.160288	0.585774	0.339695	0.238606	0.522876	0.381365	0.553672	0.615385	0.519810	0.565891	0.592871	0.577689	0.108603	0.499244	0.531303	0.520325	0.296173	0.628993	0.361421	0.342637	0.619048	0.612121	0.462162	0.610723	0.474761	0.083686	0.529134	0.519201	0.595186	0.558559	0.286634	0.052811	0.638298	0.636905	0.437421	0.150084	0.353877	0.576850	0.472419	0.589958	0.626398	0.621495	0.611236	0.560886	0.546112	0.220707	0.016318	0.161671	0.584615	0.611973	0.370447	0.512077	0.391982	0.565217	0.486957	0.622871	0.310105	0.272797	0.602062	0.546075	0.554080	0.559415	0.517928	0.532628	0.146623	0.330548	0.562832	0.629712	0.286174	0.569343	0.654545	0.162113	0.614420	0.451351	0.569697	0.464674	0.631829	0.427518	0.608315	0.625000	0.260806	0.534965	0.621622	0.622871	0.492582	0.065804	0.626398	0.094959	0.089854	0.645669	0.536013	0.454668	0.519031	0.611765	0.551060	0.452221	0.515432	0.443312	0.422195	0.607759	0.639594	0.279654	0.627358	0.463687	0.500000	0.479777	0.642254	0.587549	0.065441	0.568702	0.361224	0.408827	0.529605	0.493353	0.396861	0.533835	0.597561	0.345631	0.517350	0.153514	0.499230	0.385382	0.281646	0.572565	0.506706	0.413631	0.593548	0.434457	0.527778	0.178267	0.640244	0.604545	0.651163	0.653659	0.150401	0.556391	0.612613	0.506536	0.524272	0.297162	0.470914	0.234519	0.415493	0.523659	0.574468	0.338403	0.481481	0.529605	0.523962	0.415981	0.278997	0.641176	0.122085	0.423306	0.406542	0.579365	0.465116	0.123869	0.509202	0.639798	0.111669	0.579048	0.419277	0.647368	0.545769	0.168401	0.070593	0.048921	0.182190	0.482456	0.643617	0.559567	0.481481	0.406467	0.621538	0.578571	0.474198	0.606452	0.610478	0.510046	0.584677	0.282092	0.610723	0.552212	0.459574	0.573123	0.071601	0.546689	0.656489	0.497696	0.570342	0.423077	0.386536	0.235294	0.647815	0.638821	0.288961	0.616162	0.334586	0.368530	0.648794	0.559387	0.358510	0.446727	0.059333	0.594966	0.383208	0.491947	0.102035	0.198439	0.525362	0.032601	0.543554	0.628399	0.638070	0.512422	0.181818	0.424821	0.219889	0.568548	0.011213	0.520064	0.563674	0.608466	0.612150	0.528428	0.591304	0.357430	0.204598	0.623656	0.309565	0.565619	0.392461	0.610354	0.541176	0.160650	0.417983	0.156484	0.323636	0.593047	0.618090	0.535406	0.654321	0.586279	0.628571	0.528428	0.487218	0.613757	0.285944	0.629723	0.614379	0.330241	0.611111	0.626667	0.604651	0.079429	0.329325	0.652038	0.597222	0.644836	0.387378	0.524430	0.298658	0.177114	0.570231	0.659218	0.623557	0.111285	0.641399	0.609231	1.000000	0.566372	0.338725	0.473907	0.487518	0.329020	0.442186	0.589691	0.372775	0.474860	0.558226	0.596195	0.515823	0.278778	0.512000	0.619048	0.597458	0.549372	0.472067	
0.630372	0.647662	0.554827	0.648241	0.571912	0.602844	0.542265	0.042642	0.641204	0.645161	0.634831	0.533937	0.642458	0.631016	0.614286	0.638003	0.605523	0.597738	0.646724	0.631944	0.411325	0.443928	0.612150	0.634921	0.639456	0.165597	0.559418	0.597561	0.604430	0.356518	0.494297	0.620905	0.639205	0.653789	0.455255	0.612245	0.648212	0.432827	0.539519	0.582474	0.621399	0.525876	0.479948	0.310469	0.607843	0.574324	0.468828	0.272152	0.630887	0.270157	0.643159	0.655738	0.326720	0.621232	0.611200	0.599005	0.581818	0.579470	0.591331	0.632653	0.328384	0.586207	0.610672	0.593081	0.579861	0.428651	0.619902	0.624079	0.599049	0.590529	0.644205	0.659341	0.351020	0.633444	0.645503	0.022211	0.609231	0.553795	0.348806	0.634199	0.619335	0.647887	0.578431	0.516467	0.652299	0.516345	0.632111	0.638743	0.380753	0.536267	0.109014	0.632353	0.609053	0.599676	0.579358	0.633788	0.160050	0.597360	0.603550	0.619565	0.632754	0.620462	0.630170	0.054638	0.576577	0.360169	0.583984	0.125446	0.405983	0.641161	0.479532	0.637969	0.535009	0.570435	0.612554	0.543860	0.120205	0.637390	0.460220	0.452555	0.279725	0.391459	0.373950	0.592593	0.052639	0.331620	0.648865	0.561609	0.631169	0.557536	0.328384	0.464484	0.581197	0.637717	0.588235	0.641201	0.221396	0.640936	0.529197	0.585538	0.586175	0.641379	0.657957	0.638009	0.613800	0.546474	0.590459	0.603363	0.335484	0.638814	0.602151	0.423310	0.619608	0.568966	0.458488	0.261752	0.631197	0.569444	0.576058	0.630252	0.265159	0.503587	0.370526	0.499308	0.517241	0.623684	0.643172	0.547434	0.634850	0.608595	0.488388	0.542215	0.631937	0.601134	0.470972	0.234262	0.606811	0.609727	0.650000	0.501115	0.478457	0.560132	0.253604	0.592189	0.431511	0.634783	0.653378	0.604066	0.635193	0.573840	0.562832	0.212813	0.563681	0.640587	0.520958	0.647953	0.599811	0.566296	0.619835	0.638388	0.385542	0.618982	0.614433	0.656291	0.637450	0.300933	0.610592	0.634204	0.647520	0.380157	0.627168	0.618524	0.572432	0.397516	0.633634	0.512676	0.650118	0.165385	0.511989	0.637483	0.462451	0.522059	0.607978	0.318519	0.596798	0.550517	0.442093	0.609013	0.574205	0.643243	0.424242	0.616667	0.342612	0.652291	0.618847	0.221967	0.659770	0.607500	0.652913	0.506024	0.587662	0.562814	0.552885	0.545145	0.504638	0.625922	0.614420	0.619958	0.173426	0.642180	0.651163	0.636637	0.638743	0.501723	0.111367	0.610759	0.532110	0.580000	0.299884	0.546502	0.663043	0.626638	0.631732	0.631098	0.599686	0.587156	0.633822	0.640420	0.423710	0.035142	0.321029	0.611797	0.618182	0.548718	0.638554	0.585366	0.391753	0.636263	0.587097	0.524687	0.484808	0.625360	0.618868	0.627717	0.624339	0.317391	0.641753	0.293515	0.534992	0.633075	0.633333	0.510668	0.397516	0.575758	0.321830	0.500000	0.602740	0.610795	0.626455	0.615873	0.609971	0.627628	0.614400	0.475222	0.635083	0.576857	0.612903	0.627407	0.137747	0.631098	0.195553	0.185567	0.589831	0.632754	0.599156	0.645489	0.539162	0.634615	0.600840	0.625438	0.615694	0.589595	0.627043	0.597015	0.495277	0.609795	0.605405	0.630011	0.650108	0.556738	0.647303	0.137015	0.627558	0.563499	0.596262	0.648715	0.647856	0.594005	0.370526	0.495345	0.556901	0.616845	0.306171	0.638695	0.548561	0.499661	0.646067	0.629545	0.586792	0.587537	0.611881	0.634395	0.350861	0.521415	0.625578	0.466667	0.604200	0.300466	0.653171	0.621746	0.626066	0.643289	0.510306	0.635875	0.423856	0.599434	0.645314	0.423625	0.547185	0.632272	0.658507	0.641916	0.596226	0.491582	0.535519	0.247680	0.607619	0.593427	0.631136	0.625532	0.251054	0.638792	0.567657	0.227848	0.645777	0.596728	0.597623	0.644670	0.333190	0.147372	0.103393	0.357836	0.629339	0.553846	0.644823	0.627881	0.591628	0.509363	0.413088	0.617711	0.643917	0.629630	0.623832	0.643972	0.498980	0.617555	0.653747	0.256757	0.640559	0.149392	0.636591	0.601329	0.644186	0.609524	0.603266	0.587611	0.437863	0.605351	0.597403	0.502429	0.591736	0.554595	0.571915	0.553265	0.632011	0.564060	0.607287	0.124658	0.622291	0.592267	0.641256	0.209302	0.386420	0.630749	0.069548	0.633461	0.511111	0.594502	0.628370	0.357176	0.595989	0.421225	0.649645	0.024219	0.646635	0.619186	0.548552	0.599686	0.641884	0.603886	0.542739	0.396101	0.561102	0.537160	0.640000	0.585059	0.572917	0.646766	0.319175	0.579457	0.311594	0.522536	0.636103	0.602965	0.657360	0.517824	0.605797	0.620482	0.649318	0.624714	0.555366	0.502063	0.610561	0.477670	0.547009	0.604959	0.628225	0.454902	0.164997	0.536434	0.507576	0.608424	0.584158	0.586879	0.626974	0.506781	0.348806	0.618076	0.539683	0.619938	0.227113	0.543478	0.509363	0.566372	1.000000	0.553968	0.631808	0.638202	0.534469	0.612450	0.642651	0.577320	0.616216	0.637333	0.636364	0.632580	0.499327	0.313725	0.539450	0.651982	0.647520	0.633514	
0.488176	0.592810	0.614295	0.556942	0.378830	0.634653	0.637931	0.093685	0.583704	0.526829	0.510851	0.639073	0.509151	0.534846	0.573152	0.523612	0.628000	0.418100	0.505051	0.579259	0.598813	0.608065	0.582712	0.491942	0.529075	0.337984	0.647707	0.451839	0.429338	0.566052	0.274704	0.441881	0.505882	0.476273	0.627615	0.482935	0.591279	0.610155	0.365169	0.532488	0.618656	0.621140	0.638780	0.531051	0.500000	0.380334	0.628708	0.478078	0.601858	0.490003	0.500418	0.589552	0.540806	0.538030	0.424842	0.618377	0.455497	0.398165	0.443463	0.551181	0.533240	0.362101	0.624833	0.398902	0.637363	0.611527	0.409463	0.561538	0.429722	0.639795	0.532573	0.527183	0.569305	0.601872	0.534622	0.049414	0.452465	0.627893	0.565619	0.601418	0.465157	0.549329	0.409836	0.639956	0.499154	0.618225	0.566954	0.537600	0.188797	0.640981	0.230161	0.478559	0.611797	0.417044	0.632093	0.629604	0.328072	0.401099	0.629333	0.531915	0.561920	0.401099	0.573394	0.119165	0.644110	0.177453	0.613245	0.262320	0.589483	0.541801	0.252252	0.600575	0.325983	0.354383	0.612766	0.640230	0.252130	0.554949	0.630189	0.617840	0.505994	0.593559	0.185031	0.639847	0.114944	0.541135	0.536032	0.638475	0.542994	0.411605	0.552937	0.625178	0.369748	0.566563	0.589744	0.518458	0.432948	0.596570	0.311412	0.644444	0.636537	0.592920	0.578313	0.592701	0.623198	0.633218	0.644959	0.626587	0.164038	0.534202	0.572940	0.605640	0.527578	0.362101	0.610476	0.480976	0.565118	0.355932	0.631183	0.500000	0.488693	0.640426	0.183143	0.630435	0.632588	0.534510	0.485004	0.639955	0.599856	0.570156	0.639237	0.634778	0.598977	0.633420	0.623081	0.449604	0.445230	0.576373	0.580694	0.616057	0.634983	0.643529	0.465235	0.637681	0.601738	0.607397	0.609071	0.630678	0.612130	0.594142	0.338725	0.420082	0.644745	0.572086	0.635565	0.599553	0.635126	0.629607	0.610729	0.624213	0.586764	0.512778	0.620879	0.547335	0.532688	0.523872	0.441489	0.585843	0.541534	0.585250	0.483871	0.432769	0.653538	0.198142	0.468750	0.641133	0.591592	0.337979	0.644958	0.517666	0.239919	0.304854	0.509481	0.534979	0.479113	0.640275	0.609968	0.557001	0.647713	0.522023	0.220183	0.570136	0.167891	0.530945	0.506266	0.437956	0.585546	0.545879	0.577099	0.635741	0.413793	0.640476	0.640138	0.372787	0.296585	0.616028	0.443060	0.612045	0.352394	0.581955	0.582467	0.472222	0.550400	0.639133	0.234804	0.432916	0.306499	0.608345	0.521682	0.641975	0.527005	0.607703	0.479113	0.464098	0.438112	0.447368	0.533549	0.538462	0.608319	0.077562	0.543321	0.508642	0.464223	0.629227	0.574468	0.636535	0.201854	0.615162	0.415913	0.646772	0.627000	0.489831	0.554254	0.523732	0.533011	0.154334	0.546751	0.523215	0.645598	0.552381	0.465969	0.634348	0.198142	0.383333	0.538914	0.278107	0.602091	0.497479	0.606569	0.430108	0.633532	0.468750	0.423042	0.623301	0.552486	0.360563	0.419530	0.593134	0.285995	0.464098	0.391089	0.374919	0.377323	0.552632	0.609484	0.553024	0.313043	0.518946	0.603616	0.588235	0.633784	0.624672	0.476273	0.396694	0.641260	0.432529	0.592488	0.594555	0.606232	0.337143	0.516129	0.284597	0.513536	0.635224	0.637532	0.574060	0.604956	0.635161	0.183143	0.293255	0.641159	0.577878	0.530856	0.584821	0.613267	0.639102	0.514190	0.597365	0.627426	0.470690	0.625668	0.561762	0.556464	0.293255	0.449339	0.246988	0.418100	0.526453	0.531377	0.454785	0.569243	0.578827	0.633914	0.615385	0.588342	0.632191	0.577878	0.212897	0.642244	0.601288	0.575595	0.581378	0.630013	0.619990	0.313043	0.469676	0.640625	0.633140	0.502085	0.624123	0.472401	0.601336	0.399267	0.442441	0.526230	0.624262	0.375814	0.560440	0.556070	0.304287	0.219017	0.565496	0.594634	0.367880	0.549239	0.605583	0.634209	0.288235	0.209231	0.607649	0.481034	0.451499	0.582712	0.500420	0.635667	0.441281	0.553968	0.122581	0.514571	0.308100	0.566978	0.391544	0.586924	0.520885	0.632613	0.633663	0.614130	0.389299	0.413793	0.637260	0.397800	0.646958	0.638170	0.365169	0.520953	0.649289	0.624152	0.260792	0.445230	0.639163	0.599419	0.411568	0.590599	0.537289	0.150323	0.557920	0.298246	0.365169	0.585512	0.569167	0.622309	0.609334	0.502099	0.053814	0.570561	0.487223	0.369059	0.434550	0.570766	0.470996	0.631579	0.593018	0.361762	0.648238	0.532362	0.642455	0.355932	0.562791	0.545517	0.606061	0.538721	0.637326	0.503378	0.400732	0.549451	0.286555	0.482993	0.471304	0.575406	0.595588	0.372787	0.639175	0.399267	0.255744	0.638466	0.397800	0.459389	0.246988	0.337261	0.641892	0.278107	0.445430	0.395604	0.644362	0.565317	0.643349	0.565619	0.491468	0.341880	0.445035	0.438110	0.317919	0.288235	0.338725	0.553968	1.000000	0.603989	0.594477	0.642656	0.626181	0.496610	0.646061	0.610914	0.530744	0.484589	0.584778	0.635903	0.152381	0.306499	0.483290	0.551118	0.615167	
0.579572	0.630754	0.596201	0.629787	0.497959	0.625521	0.590844	0.058049	0.638889	0.612613	0.612150	0.594558	0.597674	0.607623	0.615854	0.601156	0.620035	0.555701	0.588652	0.626984	0.496032	0.530831	0.644000	0.602151	0.598407	0.220423	0.615496	0.570000	0.548969	0.446652	0.408955	0.557962	0.587264	0.587515	0.536208	0.592771	0.636993	0.520021	0.504132	0.595652	0.636201	0.593145	0.564497	0.401214	0.603730	0.510870	0.548055	0.353414	0.635762	0.352277	0.611958	0.629259	0.413848	0.601985	0.551365	0.619669	0.562189	0.518717	0.562025	0.629310	0.417433	0.494475	0.634948	0.527297	0.632716	0.508545	0.531044	0.622129	0.544516	0.633907	0.620767	0.612385	0.441890	0.645654	0.617778	0.030350	0.561713	0.606106	0.443504	0.647940	0.563275	0.618378	0.539683	0.577027	0.600000	0.586387	0.626738	0.614537	0.292605	0.605398	0.146604	0.587379	0.655914	0.533509	0.624518	0.634458	0.213253	0.530667	0.639033	0.604545	0.625263	0.520000	0.623188	0.074214	0.620415	0.275974	0.628425	0.168198	0.492063	0.611973	0.383562	0.645714	0.462197	0.503477	0.627341	0.609442	0.161325	0.633369	0.536558	0.536913	0.364823	0.483183	0.287097	0.633987	0.071525	0.418886	0.615901	0.610322	0.612691	0.530880	0.421431	0.538854	0.504801	0.629474	0.634652	0.599772	0.291758	0.648649	0.447977	0.618153	0.629780	0.639053	0.628803	0.643969	0.634978	0.604885	0.629482	0.625108	0.256158	0.602709	0.632008	0.505349	0.598460	0.505525	0.524460	0.342470	0.638517	0.486111	0.631076	0.610723	0.346719	0.578674	0.284330	0.568553	0.579427	0.603982	0.584242	0.593007	0.644976	0.634826	0.558449	0.599303	0.646543	0.627288	0.548599	0.308005	0.559494	0.626140	0.623984	0.580255	0.557975	0.612666	0.332290	0.624900	0.507317	0.633459	0.657116	0.618522	0.650558	0.598901	0.479549	0.280878	0.609846	0.625780	0.586486	0.644645	0.614488	0.618431	0.631295	0.658694	0.478464	0.608496	0.642729	0.614208	0.619844	0.390280	0.562341	0.643002	0.632967	0.474312	0.605263	0.545455	0.623539	0.306220	0.585185	0.588235	0.642424	0.220149	0.582586	0.603429	0.366154	0.441860	0.610792	0.409479	0.587244	0.599572	0.521409	0.627979	0.606583	0.626697	0.338028	0.632114	0.261866	0.613995	0.598830	0.292481	0.641026	0.614407	0.638430	0.574920	0.536842	0.609865	0.594828	0.503420	0.430454	0.644099	0.552430	0.633517	0.230519	0.639676	0.631474	0.577778	0.625551	0.566771	0.149704	0.548969	0.449927	0.617133	0.387523	0.604857	0.609091	0.647170	0.584838	0.567500	0.563380	0.561404	0.612291	0.622517	0.509664	0.047905	0.412524	0.604811	0.567164	0.599696	0.630390	0.645883	0.311606	0.632790	0.534031	0.582278	0.556092	0.589499	0.613419	0.602273	0.615556	0.241722	0.610870	0.381877	0.600000	0.616558	0.564677	0.576080	0.306220	0.506775	0.412711	0.416667	0.625801	0.596698	0.628099	0.555556	0.642674	0.582716	0.543563	0.542491	0.616216	0.508990	0.547120	0.634859	0.184279	0.567500	0.258898	0.246118	0.512262	0.631579	0.628205	0.605800	0.458874	0.591743	0.620438	0.637363	0.646749	0.637902	0.587515	0.530120	0.568266	0.555985	0.639850	0.639135	0.635514	0.485876	0.611303	0.183325	0.597491	0.613653	0.629325	0.632674	0.638835	0.637751	0.284330	0.434655	0.607375	0.624113	0.395958	0.636727	0.597134	0.565244	0.605140	0.642578	0.637874	0.579462	0.634315	0.609257	0.440851	0.431718	0.559899	0.376147	0.547837	0.390441	0.607910	0.579674	0.640415	0.619979	0.581560	0.638140	0.504543	0.634025	0.656535	0.327559	0.599288	0.640758	0.628512	0.633299	0.632890	0.563536	0.450216	0.324870	0.634841	0.633581	0.606768	0.627306	0.329098	0.634826	0.525333	0.299915	0.619590	0.635672	0.510232	0.622318	0.423997	0.196812	0.139187	0.448201	0.617165	0.499314	0.617420	0.633175	0.625103	0.421829	0.322275	0.642991	0.572127	0.568182	0.624000	0.607774	0.567183	0.562660	0.631808	0.193878	0.584400	0.199437	0.639066	0.530831	0.629482	0.596132	0.626160	0.623234	0.517685	0.506739	0.534211	0.570347	0.510013	0.605505	0.618650	0.493113	0.603429	0.616642	0.623675	0.167165	0.564557	0.631825	0.637066	0.276419	0.476013	0.612155	0.094207	0.632147	0.435673	0.487603	0.639920	0.450022	0.636440	0.507099	0.588928	0.033081	0.620902	0.576923	0.492476	0.558259	0.633018	0.555966	0.598962	0.488294	0.493793	0.602794	0.606264	0.619920	0.486111	0.637131	0.411833	0.620748	0.404110	0.586373	0.591449	0.527297	0.615880	0.425406	0.580336	0.566832	0.635121	0.634578	0.508892	0.575720	0.530667	0.385432	0.605171	0.528705	0.577833	0.376147	0.219648	0.591353	0.410714	0.557962	0.533333	0.630503	0.626680	0.578641	0.440118	0.583133	0.475387	0.554707	0.298986	0.462644	0.421829	0.473907	0.631808	0.603989	1.000000	0.632495	0.595122	0.643860	0.582339	0.625382	0.630496	0.615213	0.593220	0.635533	0.565644	0.238806	0.441219	0.591515	0.624176	0.637979	
0.574939	0.650554	0.583263	0.635965	0.514851	0.625107	0.595620	0.055072	0.624490	0.613953	0.603865	0.585298	0.600962	0.601852	0.619247	0.621266	0.624779	0.533333	0.601467	0.638776	0.484909	0.508438	0.633745	0.615575	0.615746	0.210021	0.607539	0.551813	0.561497	0.433756	0.420561	0.568032	0.597561	0.598226	0.524424	0.558603	0.640895	0.505541	0.495702	0.578475	0.628676	0.572298	0.545126	0.385588	0.587952	0.505650	0.536047	0.339189	0.627794	0.337471	0.613333	0.651546	0.400805	0.596132	0.561404	0.629795	0.554124	0.516667	0.553806	0.626667	0.397897	0.502874	0.645390	0.528354	0.623028	0.505518	0.556927	0.640860	0.567604	0.621961	0.610723	0.625592	0.429125	0.651619	0.614679	0.028772	0.563969	0.594677	0.427409	0.642308	0.568123	0.628763	0.541209	0.567493	0.596059	0.569901	0.630650	0.609091	0.306397	0.582278	0.139412	0.603015	0.626838	0.534789	0.616233	0.639850	0.203150	0.526316	0.647788	0.607981	0.613883	0.537396	0.626866	0.070438	0.615008	0.289116	0.607018	0.160038	0.473843	0.615561	0.397456	0.636008	0.481426	0.497829	0.619231	0.594161	0.153471	0.635268	0.521143	0.514773	0.348942	0.463754	0.300676	0.625418	0.067881	0.399184	0.610405	0.605042	0.613995	0.515689	0.405985	0.534870	0.522111	0.629067	0.589942	0.619552	0.278516	0.634398	0.469880	0.624000	0.639467	0.640974	0.653445	0.652000	0.621895	0.580645	0.616137	0.651287	0.268503	0.629371	0.593914	0.491990	0.606129	0.500000	0.513295	0.327367	0.598091	0.511561	0.609617	0.597590	0.331466	0.562914	0.297800	0.564661	0.576923	0.586758	0.594730	0.599144	0.664700	0.605937	0.558226	0.587065	0.640641	0.625213	0.519102	0.294152	0.545932	0.602711	0.635983	0.553046	0.546978	0.598496	0.317551	0.624486	0.490919	0.648649	0.637880	0.642298	0.641221	0.586466	0.496329	0.268052	0.609152	0.625268	0.577135	0.632338	0.625746	0.605447	0.632841	0.638338	0.461101	0.607355	0.637201	0.633596	0.616801	0.374256	0.564644	0.626305	0.605442	0.455390	0.596535	0.560425	0.618327	0.320534	0.578005	0.569010	0.634096	0.209758	0.568449	0.611570	0.376206	0.457576	0.581257	0.393559	0.577833	0.595776	0.521739	0.616862	0.602564	0.609813	0.350245	0.610879	0.274443	0.610723	0.582830	0.279212	0.651116	0.598253	0.648936	0.559267	0.549180	0.601527	0.617302	0.495021	0.433588	0.634742	0.567639	0.640832	0.219699	0.645833	0.635246	0.583120	0.634091	0.573070	0.142372	0.537433	0.453858	0.591398	0.372265	0.586026	0.619718	0.635659	0.597758	0.598446	0.568393	0.550649	0.606690	0.612756	0.496388	0.045436	0.398101	0.594083	0.579897	0.590980	0.625793	0.618152	0.326123	0.636453	0.559783	0.579769	0.533742	0.612346	0.638858	0.591549	0.591743	0.253472	0.636771	0.365420	0.590585	0.613483	0.600515	0.557043	0.320534	0.521127	0.396668	0.419255	0.619718	0.587805	0.631480	0.557641	0.633889	0.572890	0.574899	0.536095	0.637681	0.512230	0.548913	0.634635	0.175414	0.598446	0.246932	0.234663	0.529745	0.609544	0.629699	0.633444	0.466165	0.618483	0.617978	0.633094	0.652252	0.629116	0.600760	0.528512	0.549437	0.576769	0.605187	0.626896	0.642994	0.485294	0.605483	0.174501	0.591284	0.609962	0.632378	0.643087	0.654691	0.624486	0.297800	0.444104	0.611070	0.619395	0.380484	0.628337	0.560261	0.561359	0.606280	0.646586	0.624150	0.577215	0.635879	0.623751	0.422911	0.450230	0.569935	0.389776	0.549660	0.372957	0.623104	0.561769	0.612593	0.640509	0.573867	0.651385	0.477482	0.633815	0.636079	0.342669	0.579521	0.634859	0.640943	0.651945	0.629252	0.542161	0.457143	0.310398	0.641509	0.614733	0.593486	0.645833	0.314473	0.638690	0.529086	0.286365	0.618824	0.606061	0.536170	0.632743	0.410004	0.187407	0.132334	0.435279	0.638256	0.519258	0.630262	0.638754	0.626364	0.436923	0.337190	0.633397	0.592405	0.560209	0.625514	0.601705	0.557026	0.564987	0.640449	0.203571	0.608905	0.189919	0.638950	0.518106	0.649590	0.582844	0.648228	0.622793	0.504897	0.532213	0.538251	0.560051	0.527046	0.604752	0.627421	0.501433	0.592680	0.608498	0.628623	0.159051	0.566929	0.618820	0.652778	0.263765	0.463426	0.618016	0.089462	0.609566	0.442073	0.515759	0.637771	0.433640	0.622528	0.491770	0.616322	0.031364	0.637131	0.599502	0.500711	0.557769	0.639220	0.570701	0.576836	0.470702	0.496413	0.587119	0.621247	0.627547	0.511561	0.632609	0.395907	0.581882	0.386923	0.579649	0.601966	0.550484	0.639381	0.443760	0.583127	0.587179	0.615385	0.632323	0.503556	0.559236	0.542936	0.399366	0.600143	0.527046	0.598710	0.386581	0.209278	0.580370	0.431677	0.562748	0.526316	0.627010	0.617678	0.565590	0.425696	0.576060	0.474378	0.569921	0.285471	0.476048	0.436923	0.487518	0.638202	0.594477	0.632495	1.000000	0.588486	0.656475	0.622222	0.621875	0.664745	0.637413	0.583960	0.645768	0.560549	0.250435	0.456884	0.614806	0.632653	0.649376	
0.480658	0.573888	0.604798	0.543793	0.368231	0.625954	0.630152	0.096850	0.580739	0.513878	0.494711	0.634835	0.504461	0.520158	0.570376	0.497577	0.615284	0.406690	0.482363	0.576394	0.598577	0.629133	0.576839	0.476033	0.507987	0.348295	0.637400	0.443308	0.421236	0.566220	0.266539	0.430052	0.489762	0.460504	0.623281	0.473815	0.592486	0.616725	0.354868	0.535189	0.611148	0.619242	0.632089	0.537542	0.500406	0.367899	0.632720	0.499256	0.598601	0.490834	0.495922	0.567469	0.543313	0.526563	0.413310	0.622865	0.453696	0.383586	0.433362	0.542659	0.536534	0.351869	0.617397	0.391459	0.633913	0.613715	0.398230	0.552968	0.421603	0.628607	0.514694	0.509237	0.565026	0.591549	0.523174	0.051124	0.437018	0.634033	0.566520	0.606523	0.456319	0.543914	0.395040	0.635726	0.483100	0.626901	0.538226	0.526151	0.182915	0.630734	0.237364	0.469507	0.604433	0.403880	0.635928	0.605442	0.337755	0.388246	0.612671	0.517159	0.547241	0.388246	0.551158	0.123136	0.624462	0.171891	0.621674	0.270375	0.589368	0.517647	0.244660	0.594519	0.316574	0.344322	0.596808	0.630152	0.259919	0.550989	0.612738	0.630264	0.510353	0.582126	0.179255	0.622417	0.118783	0.553490	0.518167	0.630409	0.540793	0.403880	0.558803	0.625468	0.357532	0.560847	0.583972	0.512000	0.442063	0.571429	0.302347	0.637190	0.625468	0.582552	0.559235	0.583869	0.599462	0.637960	0.633907	0.621728	0.158859	0.506751	0.559823	0.620719	0.527301	0.351869	0.603473	0.487047	0.558036	0.345837	0.630221	0.500406	0.494179	0.631083	0.177419	0.640856	0.636983	0.524667	0.472454	0.635607	0.596615	0.586357	0.622530	0.640487	0.580000	0.638730	0.634146	0.459566	0.426483	0.577941	0.560059	0.627282	0.629344	0.628538	0.480807	0.627936	0.606853	0.597077	0.591549	0.615484	0.604555	0.597952	0.329020	0.429466	0.640138	0.557303	0.626012	0.577259	0.620076	0.637011	0.607407	0.609589	0.592268	0.508039	0.621385	0.538820	0.527559	0.528326	0.427955	0.565121	0.531567	0.585194	0.481390	0.422877	0.632850	0.192000	0.453085	0.638100	0.579604	0.347893	0.634625	0.511218	0.232649	0.295947	0.504823	0.549712	0.473422	0.638106	0.606853	0.559043	0.620982	0.515513	0.213439	0.561533	0.162602	0.516283	0.490228	0.446054	0.583994	0.543660	0.551827	0.642116	0.395410	0.644068	0.628895	0.362319	0.287879	0.604366	0.424242	0.592186	0.362651	0.573108	0.585330	0.454776	0.526151	0.634146	0.242132	0.419495	0.297552	0.607779	0.531311	0.643187	0.507582	0.587579	0.475083	0.443308	0.426343	0.444065	0.520505	0.528538	0.608807	0.080206	0.549180	0.505618	0.451997	0.612922	0.568671	0.634236	0.195609	0.604520	0.406332	0.638207	0.644018	0.473988	0.541159	0.512370	0.527887	0.149437	0.536736	0.525682	0.637826	0.534469	0.448598	0.636548	0.192000	0.370837	0.555784	0.269856	0.598909	0.493038	0.607387	0.418483	0.623377	0.454776	0.409807	0.615017	0.537750	0.350365	0.406332	0.587143	0.294654	0.443308	0.400894	0.385666	0.366757	0.544218	0.595222	0.538344	0.303940	0.502811	0.608577	0.563319	0.614163	0.618650	0.463866	0.382143	0.647324	0.412174	0.590846	0.578417	0.602911	0.327475	0.508065	0.293221	0.513600	0.620164	0.623819	0.571214	0.585887	0.631644	0.177419	0.284630	0.635535	0.560294	0.538588	0.576000	0.617557	0.632161	0.494711	0.586972	0.618897	0.455080	0.624754	0.534562	0.566287	0.284630	0.435678	0.239533	0.404930	0.536696	0.515103	0.441026	0.556054	0.561012	0.629938	0.598066	0.603387	0.619772	0.580882	0.206349	0.637795	0.595238	0.554723	0.562130	0.621433	0.631369	0.303940	0.479407	0.622846	0.627054	0.497561	0.582018	0.477778	0.584906	0.386465	0.452223	0.506795	0.618252	0.365280	0.548659	0.555634	0.313399	0.225915	0.579104	0.587234	0.359347	0.535937	0.595238	0.625628	0.279734	0.202783	0.597367	0.460118	0.439485	0.576839	0.487725	0.632797	0.425974	0.532920	0.118626	0.488636	0.317304	0.550570	0.384272	0.585330	0.506390	0.613607	0.633880	0.612774	0.376682	0.400706	0.640449	0.388592	0.639106	0.634752	0.354868	0.500000	0.632926	0.612625	0.268808	0.435082	0.638066	0.576295	0.419929	0.596825	0.527387	0.155246	0.541538	0.289499	0.354868	0.578102	0.571535	0.632992	0.606397	0.494272	0.055672	0.569311	0.481328	0.360507	0.422877	0.554381	0.458685	0.629501	0.587186	0.353370	0.640725	0.527230	0.625307	0.345837	0.551098	0.547927	0.612008	0.547151	0.627601	0.490535	0.387900	0.551724	0.278095	0.475559	0.455546	0.552870	0.573688	0.362319	0.624049	0.386465	0.248062	0.629712	0.388592	0.452381	0.239533	0.347158	0.618705	0.269856	0.430052	0.390027	0.635866	0.559701	0.629823	0.574561	0.480466	0.332103	0.426230	0.451465	0.308700	0.279734	0.329020	0.534469	0.642656	0.595122	0.588486	1.000000	0.615995	0.483898	0.643664	0.596394	0.527230	0.470392	0.565538	0.631053	0.147541	0.297552	0.465776	0.523772	0.600555	
0.554348	0.633303	0.617533	0.620825	0.479705	0.632733	0.619241	0.066293	0.631676	0.590062	0.580300	0.604651	0.571429	0.591753	0.613936	0.606575	0.640777	0.513674	0.580087	0.615101	0.531041	0.551724	0.625232	0.585792	0.589342	0.248775	0.634681	0.530752	0.519906	0.480568	0.371658	0.542294	0.587473	0.567598	0.568098	0.546256	0.633609	0.553723	0.457711	0.595190	0.651591	0.597183	0.582579	0.437569	0.579060	0.474201	0.577218	0.386171	0.639648	0.393262	0.582170	0.633829	0.453879	0.588832	0.514758	0.632437	0.541950	0.496368	0.527650	0.608350	0.447460	0.466334	0.645057	0.494572	0.647744	0.550523	0.505389	0.629344	0.527550	0.648191	0.601660	0.600000	0.478780	0.648889	0.599182	0.034731	0.538991	0.606615	0.480950	0.643979	0.554299	0.616152	0.505995	0.580231	0.577342	0.595053	0.614018	0.602434	0.260000	0.604555	0.166348	0.567627	0.644891	0.505364	0.631273	0.648511	0.240807	0.485507	0.648867	0.603340	0.612840	0.497585	0.632184	0.084654	0.647147	0.244957	0.621188	0.190551	0.519580	0.595918	0.342857	0.652482	0.428755	0.461731	0.642234	0.619241	0.182855	0.614328	0.567888	0.559486	0.404149	0.513476	0.255014	0.645161	0.081603	0.449139	0.597322	0.631802	0.606855	0.495828	0.460644	0.569256	0.470880	0.626459	0.600000	0.588482	0.327595	0.636955	0.412987	0.641593	0.651875	0.635531	0.629699	0.640145	0.638726	0.610884	0.639160	0.650446	0.227074	0.607884	0.606232	0.535032	0.587639	0.456359	0.564270	0.382510	0.612011	0.461153	0.636159	0.581197	0.386501	0.590347	0.252511	0.583933	0.600991	0.588595	0.571429	0.633952	0.651825	0.605725	0.593407	0.604098	0.644344	0.639062	0.569801	0.345434	0.536866	0.595305	0.630885	0.575622	0.589758	0.630919	0.371411	0.642479	0.526261	0.642732	0.641778	0.648606	0.642981	0.584615	0.444727	0.315626	0.633773	0.607692	0.602054	0.633240	0.647381	0.621136	0.642017	0.655794	0.509485	0.587987	0.644295	0.622356	0.601026	0.433071	0.532407	0.642857	0.615385	0.501329	0.566740	0.533178	0.645114	0.272340	0.556306	0.596833	0.631086	0.248470	0.603659	0.596013	0.326923	0.407311	0.571128	0.447210	0.550055	0.622042	0.556422	0.617450	0.624815	0.590437	0.301255	0.619586	0.232221	0.603734	0.580922	0.328390	0.633700	0.585127	0.634799	0.596448	0.501193	0.620056	0.624490	0.459827	0.394218	0.645602	0.527907	0.642612	0.259979	0.632270	0.630314	0.558559	0.612576	0.606097	0.169827	0.519906	0.409387	0.608838	0.428113	0.606820	0.599165	0.639719	0.569857	0.548975	0.528522	0.529680	0.600206	0.603659	0.541096	0.054749	0.450437	0.576236	0.553288	0.604885	0.617871	0.632054	0.277228	0.633363	0.522565	0.613046	0.584101	0.576419	0.629302	0.576200	0.582822	0.214076	0.623246	0.423924	0.622016	0.608434	0.546485	0.588657	0.272340	0.487745	0.447659	0.376000	0.628523	0.548596	0.632391	0.521127	0.645783	0.542793	0.524203	0.569042	0.614158	0.464419	0.501188	0.628054	0.208526	0.548975	0.291388	0.277259	0.477833	0.614786	0.629060	0.626363	0.420233	0.593684	0.621806	0.626506	0.641447	0.638095	0.560894	0.494545	0.599765	0.528655	0.608544	0.624658	0.642857	0.442748	0.590476	0.207460	0.571728	0.625089	0.637771	0.625602	0.651625	0.654573	0.252511	0.392622	0.626968	0.614085	0.434909	0.618519	0.575712	0.595870	0.593148	0.638838	0.639626	0.553571	0.647727	0.619662	0.470346	0.395257	0.530425	0.336066	0.516052	0.429593	0.600208	0.539429	0.623202	0.629171	0.602824	0.659150	0.523345	0.645362	0.644131	0.291725	0.602832	0.621359	0.629451	0.635762	0.656786	0.583480	0.417639	0.363908	0.633648	0.629371	0.581818	0.652324	0.368533	0.633426	0.485507	0.336557	0.587866	0.624901	0.478422	0.619802	0.464440	0.222506	0.158018	0.486373	0.631390	0.473358	0.594924	0.639011	0.644564	0.388889	0.286920	0.637631	0.560268	0.542529	0.608534	0.578209	0.596574	0.527907	0.618474	0.171171	0.580576	0.225430	0.619608	0.490291	0.645102	0.562173	0.646081	0.643491	0.553498	0.485366	0.501193	0.603728	0.498186	0.630100	0.634216	0.455224	0.591815	0.639045	0.641322	0.189395	0.541475	0.639706	0.640934	0.310714	0.516854	0.608342	0.107303	0.593035	0.398950	0.467662	0.625116	0.487233	0.647754	0.537561	0.588997	0.037848	0.631879	0.564835	0.464771	0.516880	0.620019	0.545455	0.613875	0.525104	0.465753	0.619861	0.613169	0.631658	0.461153	0.614035	0.450321	0.614035	0.446415	0.598302	0.578261	0.504222	0.621782	0.386755	0.557018	0.550790	0.614189	0.638686	0.479604	0.596659	0.502415	0.347354	0.622929	0.498186	0.558456	0.336066	0.247914	0.605820	0.376000	0.530707	0.495169	0.648889	0.610526	0.601356	0.481770	0.548458	0.443599	0.539352	0.335537	0.423773	0.386243	0.442186	0.612450	0.626181	0.643860	0.656475	0.615995	1.000000	0.574236	0.646465	0.645161	0.590535	0.570796	0.626529	0.605386	0.211454	0.406780	0.578073	0.617409	0.646905	
0.608414	0.619824	0.524823	0.620112	0.630137	0.553846	0.494037	0.033977	0.609694	0.644578	0.648734	0.475120	0.641509	0.640719	0.628947	0.639626	0.576017	0.627087	0.633441	0.586735	0.342634	0.374162	0.592784	0.655791	0.641221	0.133653	0.497839	0.600694	0.634058	0.293639	0.520179	0.641711	0.637821	0.654300	0.387382	0.597360	0.637865	0.361389	0.585657	0.586207	0.582960	0.488372	0.416098	0.254455	0.602524	0.597656	0.402887	0.222142	0.605042	0.220467	0.648649	0.630491	0.268239	0.614934	0.634862	0.560000	0.579310	0.614504	0.593640	0.622159	0.269653	0.612000	0.581545	0.614801	0.531716	0.359695	0.626642	0.623978	0.635209	0.557673	0.646526	0.663580	0.288941	0.612394	0.642012	0.017660	0.638596	0.500447	0.287050	0.604265	0.615120	0.639087	0.605263	0.463376	0.642857	0.494160	0.644163	0.634503	0.437186	0.489974	0.087464	0.640000	0.578475	0.607076	0.525629	0.602520	0.129100	0.615970	0.567452	0.640244	0.611570	0.650190	0.628032	0.043589	0.541748	0.423469	0.546610	0.100821	0.341518	0.646018	0.535797	0.607748	0.603774	0.581818	0.585308	0.488927	0.096556	0.635983	0.393822	0.392583	0.228508	0.325384	0.444444	0.542000	0.041986	0.272405	0.636771	0.504942	0.631884	0.592179	0.269653	0.397661	0.617822	0.628099	0.558473	0.633997	0.179742	0.616774	0.606838	0.531309	0.553234	0.617722	0.635171	0.614428	0.576880	0.484589	0.541222	0.575725	0.384416	0.646526	0.570674	0.353076	0.621898	0.592000	0.395046	0.213417	0.610442	0.608871	0.527643	0.652997	0.216273	0.455099	0.430380	0.440703	0.460366	0.611765	0.652246	0.484245	0.628502	0.591549	0.427470	0.480595	0.617684	0.554192	0.411562	0.190447	0.618375	0.608126	0.631579	0.452174	0.413559	0.500882	0.206595	0.546523	0.375077	0.604762	0.619684	0.575026	0.593897	0.546083	0.581443	0.172617	0.508355	0.623306	0.471338	0.609032	0.554759	0.514233	0.590090	0.595597	0.321130	0.630603	0.588764	0.659913	0.662704	0.246388	0.651246	0.606299	0.647230	0.313906	0.620915	0.642729	0.534466	0.461538	0.631399	0.450746	0.613577	0.133478	0.457399	0.648233	0.516432	0.577586	0.602782	0.261277	0.599671	0.497876	0.377545	0.618084	0.526616	0.636364	0.496386	0.597368	0.413437	0.643505	0.608558	0.180217	0.612658	0.597222	0.647849	0.447784	0.619403	0.511670	0.493151	0.540434	0.562092	0.586881	0.648746	0.605568	0.140087	0.633508	0.615385	0.641638	0.622807	0.442013	0.089374	0.626812	0.559140	0.532609	0.245502	0.496916	0.664634	0.593301	0.616145	0.663194	0.624776	0.585366	0.611028	0.624633	0.352468	0.027979	0.263406	0.616333	0.637931	0.499083	0.629333	0.543330	0.469136	0.615385	0.640741	0.468285	0.421199	0.654723	0.643357	0.615854	0.606509	0.384211	0.649425	0.240125	0.480929	0.631124	0.641379	0.439913	0.466501	0.607004	0.264086	0.535714	0.568470	0.599359	0.594220	0.614545	0.568399	0.624573	0.638532	0.406961	0.641940	0.629259	0.629630	0.605230	0.110850	0.663194	0.158329	0.150086	0.627451	0.611570	0.589862	0.639321	0.579957	0.641975	0.571101	0.610039	0.586433	0.559499	0.634064	0.619503	0.433666	0.636528	0.579882	0.602774	0.602837	0.595041	0.640747	0.110253	0.612557	0.506763	0.551515	0.632293	0.630273	0.546523	0.445570	0.573304	0.507334	0.618611	0.250817	0.622108	0.490310	0.433597	0.639241	0.630000	0.551020	0.602694	0.587097	0.646809	0.288805	0.577681	0.639719	0.534884	0.630798	0.245994	0.638427	0.631763	0.631579	0.645248	0.453655	0.587544	0.365513	0.550459	0.615990	0.491484	0.491109	0.604091	0.629579	0.619868	0.553061	0.431317	0.562900	0.201642	0.569072	0.542132	0.616114	0.593023	0.204462	0.622279	0.593156	0.185107	0.629969	0.538060	0.640472	0.629944	0.273741	0.118716	0.082906	0.294767	0.597786	0.621782	0.626647	0.606498	0.560804	0.546256	0.469438	0.588652	0.649832	0.644366	0.577320	0.630400	0.435658	0.627240	0.657061	0.313187	0.651969	0.120369	0.632312	0.624521	0.602564	0.601527	0.568158	0.535238	0.373934	0.629344	0.619403	0.440852	0.620952	0.499581	0.518721	0.581673	0.623656	0.518717	0.570485	0.100179	0.650177	0.540643	0.618227	0.169707	0.319293	0.625551	0.055571	0.608819	0.560870	0.617530	0.615783	0.294202	0.558428	0.351259	0.656000	0.019260	0.625000	0.651316	0.568047	0.624776	0.638239	0.590832	0.501333	0.328518	0.622754	0.475371	0.656716	0.535403	0.625000	0.640884	0.261834	0.546218	0.255408	0.471928	0.621359	0.648956	0.635593	0.560706	0.636066	0.660959	0.627235	0.596977	0.564103	0.439592	0.642586	0.524138	0.487158	0.624762	0.635579	0.506977	0.133160	0.477686	0.562500	0.631016	0.604563	0.538168	0.605653	0.452687	0.287050	0.597360	0.579055	0.615658	0.184495	0.576271	0.563877	0.589691	0.642651	0.496610	0.582339	0.622222	0.483898	0.574236	1.000000	0.531365	0.605917	0.623881	0.647841	0.633377	0.431010	0.374670	0.593548	0.648918	0.638484	0.624852	
0.531250	0.620363	0.620453	0.590219	0.413863	0.642215	0.641119	0.083814	0.615630	0.560847	0.540835	0.643357	0.542495	0.555360	0.606504	0.554455	0.645299	0.447968	0.529304	0.594896	0.579134	0.603505	0.600321	0.522622	0.560000	0.306872	0.649047	0.493308	0.469667	0.540414	0.303493	0.477207	0.537477	0.507996	0.597567	0.522305	0.625298	0.607653	0.399177	0.564322	0.646109	0.624685	0.623967	0.505723	0.538043	0.413442	0.619860	0.451453	0.624712	0.456528	0.542311	0.609325	0.513229	0.563747	0.459113	0.632258	0.493333	0.430584	0.472973	0.584327	0.505278	0.397938	0.649073	0.437312	0.649805	0.596233	0.446660	0.596346	0.464251	0.639400	0.568905	0.556351	0.541811	0.634184	0.572426	0.044100	0.490385	0.628068	0.535071	0.628615	0.496198	0.582408	0.439122	0.630359	0.532228	0.632975	0.592718	0.575390	0.209677	0.632035	0.207477	0.515888	0.632893	0.446872	0.648088	0.643336	0.297359	0.433735	0.642450	0.550622	0.595318	0.433735	0.608911	0.106760	0.648000	0.197216	0.628006	0.236890	0.569408	0.559233	0.279070	0.626543	0.359029	0.389637	0.630137	0.644769	0.227559	0.588037	0.606719	0.606686	0.475135	0.577005	0.205543	0.648980	0.102955	0.514684	0.570676	0.643083	0.575862	0.444886	0.524208	0.615231	0.404103	0.591973	0.614679	0.555654	0.398868	0.607229	0.343284	0.654856	0.657627	0.614286	0.612013	0.624804	0.634827	0.639805	0.655563	0.640971	0.182456	0.567138	0.593317	0.585785	0.567965	0.397938	0.605788	0.450553	0.599836	0.391304	0.638241	0.548913	0.457540	0.630045	0.203468	0.637255	0.635241	0.563478	0.513539	0.647971	0.628970	0.610711	0.631523	0.637716	0.625295	0.651934	0.620905	0.418517	0.480695	0.600162	0.603252	0.615562	0.624165	0.647132	0.439279	0.647887	0.581540	0.629008	0.629544	0.639494	0.621785	0.606876	0.372775	0.385399	0.648413	0.597682	0.629200	0.613655	0.651002	0.645285	0.628866	0.627157	0.565911	0.555058	0.638235	0.587425	0.573928	0.494261	0.480620	0.605519	0.576125	0.559769	0.519409	0.469328	0.648790	0.219931	0.507576	0.629834	0.605178	0.306509	0.639381	0.553078	0.265625	0.336188	0.537153	0.513475	0.505107	0.642380	0.599713	0.592898	0.642576	0.561062	0.244068	0.598374	0.186698	0.563604	0.535876	0.400825	0.617460	0.584874	0.599671	0.636313	0.449304	0.642677	0.648352	0.409417	0.327234	0.639283	0.474708	0.635135	0.320214	0.609400	0.608000	0.500000	0.580589	0.634438	0.211717	0.465753	0.337968	0.625899	0.491417	0.626791	0.561279	0.635528	0.525534	0.495220	0.473223	0.490421	0.559159	0.571181	0.594937	0.069329	0.513388	0.545130	0.495238	0.623077	0.595082	0.657315	0.224000	0.626843	0.453465	0.637665	0.625000	0.522140	0.592405	0.548845	0.560209	0.171765	0.590051	0.490254	0.649165	0.570447	0.499048	0.631579	0.219931	0.418699	0.515206	0.307190	0.625840	0.524680	0.627715	0.470588	0.636943	0.503788	0.455172	0.609980	0.580700	0.396285	0.453465	0.612726	0.258612	0.495220	0.357406	0.340715	0.410204	0.590301	0.632287	0.587935	0.345048	0.558140	0.625931	0.604651	0.650289	0.642857	0.504233	0.431017	0.642094	0.473118	0.611407	0.609660	0.633739	0.371069	0.542677	0.257327	0.548531	0.640912	0.639726	0.593206	0.622257	0.650570	0.203468	0.323625	0.650706	0.600162	0.503084	0.600962	0.612517	0.634461	0.539020	0.634646	0.635862	0.500000	0.650000	0.583830	0.530046	0.323625	0.487007	0.273333	0.445986	0.494943	0.560566	0.487057	0.594550	0.604766	0.638843	0.635882	0.569674	0.650586	0.608273	0.236095	0.638401	0.631822	0.598177	0.607347	0.640000	0.622933	0.345048	0.436984	0.652778	0.647423	0.538531	0.628571	0.439390	0.617106	0.431727	0.409295	0.556940	0.625612	0.410623	0.582343	0.527092	0.275434	0.197308	0.545241	0.626656	0.406154	0.572420	0.636434	0.651195	0.318182	0.232082	0.627660	0.507519	0.487476	0.595506	0.529680	0.632993	0.472763	0.585911	0.136691	0.546606	0.278945	0.585859	0.429435	0.608000	0.549333	0.651293	0.648684	0.601326	0.427126	0.445328	0.635718	0.430151	0.645821	0.658147	0.395062	0.553078	0.643216	0.640058	0.235490	0.480695	0.655759	0.628705	0.378669	0.567489	0.569939	0.134908	0.571185	0.329032	0.401235	0.603379	0.546734	0.641614	0.589720	0.538813	0.048039	0.608838	0.525046	0.405322	0.473223	0.601504	0.502361	0.633229	0.573749	0.399588	0.646083	0.575439	0.640906	0.391304	0.604690	0.514387	0.634318	0.510786	0.632137	0.531250	0.437312	0.577250	0.316360	0.514815	0.500949	0.584795	0.610759	0.409417	0.627983	0.435743	0.282873	0.646392	0.430151	0.499523	0.273333	0.305845	0.633333	0.307190	0.481086	0.437751	0.654809	0.593570	0.639866	0.540437	0.505576	0.376176	0.478682	0.406530	0.350318	0.318182	0.372775	0.577320	0.646061	0.625382	0.621875	0.643664	0.646465	0.531365	1.000000	0.632700	0.566667	0.518657	0.615760	0.637527	0.169611	0.337968	0.517274	0.569204	0.640304	
0.570082	0.651751	0.607553	0.633580	0.504043	0.631841	0.609253	0.058791	0.630542	0.614525	0.602549	0.590386	0.588235	0.611791	0.629667	0.603211	0.633476	0.537662	0.595545	0.624631	0.504202	0.527778	0.623635	0.599526	0.604966	0.223005	0.615274	0.550186	0.546616	0.450474	0.407681	0.553030	0.596491	0.584951	0.541850	0.573477	0.650295	0.529534	0.488404	0.576052	0.641140	0.587102	0.558633	0.403933	0.587283	0.500673	0.553846	0.357262	0.633459	0.356764	0.604651	0.646766	0.420635	0.597374	0.546392	0.629758	0.547472	0.521854	0.542033	0.631016	0.417065	0.500684	0.638005	0.525066	0.635457	0.520124	0.539267	0.617617	0.544757	0.628664	0.602464	0.614334	0.445671	0.650854	0.613010	0.030744	0.554307	0.595556	0.448101	0.634419	0.563346	0.643777	0.521625	0.585071	0.592680	0.574405	0.634820	0.607650	0.289348	0.602322	0.148393	0.577617	0.650045	0.526042	0.627301	0.643116	0.215761	0.528402	0.642060	0.595265	0.606061	0.515192	0.637205	0.075155	0.628073	0.272873	0.616170	0.170226	0.484429	0.611661	0.379518	0.631977	0.460452	0.476584	0.643721	0.597865	0.163278	0.630802	0.541176	0.533705	0.368746	0.487252	0.283892	0.636881	0.072434	0.416901	0.611111	0.616071	0.618893	0.507812	0.426635	0.553672	0.505435	0.629049	0.602432	0.613122	0.295037	0.638171	0.446352	0.633463	0.644013	0.642507	0.656596	0.645411	0.636364	0.591851	0.619651	0.645439	0.253247	0.615901	0.601215	0.504569	0.600437	0.487004	0.537110	0.346203	0.615542	0.492435	0.619651	0.601156	0.350489	0.572168	0.281150	0.569818	0.587168	0.599341	0.576923	0.610995	0.655894	0.612648	0.571773	0.596394	0.644101	0.630273	0.541568	0.311433	0.549561	0.617706	0.641776	0.561497	0.559203	0.612454	0.335935	0.632588	0.515119	0.646125	0.650854	0.645270	0.638966	0.595086	0.474860	0.284055	0.631579	0.619195	0.587761	0.632207	0.632450	0.607576	0.643432	0.643510	0.479701	0.608200	0.640500	0.631236	0.619469	0.393683	0.562421	0.648540	0.612868	0.473708	0.583630	0.553299	0.631008	0.302839	0.575275	0.580522	0.649950	0.222728	0.587635	0.598639	0.362253	0.446043	0.592255	0.414568	0.568019	0.607955	0.531317	0.625514	0.618862	0.592593	0.334365	0.611504	0.258900	0.622620	0.584687	0.295767	0.652302	0.599369	0.633846	0.577465	0.537158	0.605204	0.610436	0.501355	0.426087	0.649091	0.562738	0.649588	0.233203	0.643216	0.629080	0.570379	0.627322	0.580524	0.151528	0.536398	0.439655	0.597741	0.392387	0.595900	0.613303	0.633552	0.575179	0.577447	0.558376	0.546584	0.603104	0.611172	0.509883	0.048521	0.417642	0.595455	0.572133	0.598032	0.627931	0.624801	0.308176	0.636190	0.542153	0.596817	0.554955	0.601183	0.630021	0.595265	0.597574	0.238953	0.632147	0.385940	0.602644	0.624865	0.572133	0.572319	0.302839	0.523490	0.416275	0.409426	0.616364	0.577778	0.642336	0.545455	0.642249	0.560588	0.551546	0.548406	0.635193	0.498630	0.542153	0.638298	0.186482	0.577447	0.261864	0.248959	0.520918	0.610240	0.627843	0.618337	0.454286	0.630262	0.621940	0.632937	0.658515	0.627418	0.577670	0.522546	0.571953	0.561224	0.613383	0.630859	0.642526	0.469930	0.604119	0.185517	0.588235	0.614925	0.635545	0.642562	0.648023	0.634185	0.281150	0.424419	0.617266	0.639839	0.401642	0.628345	0.568488	0.575123	0.600232	0.661494	0.637490	0.560000	0.633936	0.628205	0.442087	0.436047	0.565000	0.372163	0.540260	0.394573	0.616592	0.567164	0.617284	0.644172	0.593068	0.637708	0.499468	0.638614	0.631791	0.323988	0.597734	0.638418	0.646694	0.908722	0.635838	0.558680	0.448571	0.328449	0.649459	0.626645	0.597222	0.641613	0.332715	0.640316	0.515192	0.303269	0.607910	0.616807	0.508108	0.636848	0.430881	0.199149	0.140893	0.451167	0.655172	0.497283	0.628009	0.645951	0.619902	0.423358	0.318750	0.636955	0.581818	0.570713	0.611718	0.605140	0.579531	0.555133	0.629189	0.191597	0.614319	0.201800	0.623815	0.523240	0.648863	0.577878	0.642617	0.633880	0.524293	0.518024	0.534550	0.582915	0.510582	0.617978	0.631976	0.488404	0.591837	0.620843	0.632133	0.169182	0.557089	0.631497	0.653883	0.279553	0.481894	0.605263	0.095390	0.608137	0.431259	0.496589	0.631474	0.453840	0.629382	0.513391	0.619159	0.033510	0.636826	0.579261	0.485095	0.558376	0.643006	0.563415	0.595870	0.496190	0.489071	0.601325	0.614872	0.624406	0.484182	0.630366	0.416149	0.600169	0.406831	0.584932	0.593640	0.525066	0.630458	0.423977	0.580262	0.581595	0.626305	0.626341	0.490515	0.573209	0.525760	0.384384	0.606398	0.523810	0.570370	0.369138	0.222222	0.599584	0.415317	0.570707	0.528402	0.631744	0.628337	0.587629	0.448101	0.568698	0.470752	0.562421	0.302332	0.446657	0.426277	0.474860	0.616216	0.610914	0.630496	0.664745	0.596394	0.645161	0.605917	0.632700	1.000000	0.630411	0.590636	0.645161	0.574221	0.236066	0.433908	0.586538	0.623773	0.641264	
0.611276	0.630715	0.559923	0.634715	0.585538	0.601358	0.520325	0.040051	0.614286	0.616667	0.630814	0.516129	0.621387	0.646409	0.629902	0.628407	0.587879	0.605042	0.625369	0.621429	0.392857	0.423100	0.646635	0.642750	0.627286	0.156129	0.544106	0.617089	0.598684	0.338146	0.501992	0.622366	0.626471	0.631741	0.436319	0.604230	0.621590	0.413675	0.587814	0.593085	0.616034	0.526405	0.465177	0.294046	0.628986	0.602113	0.448101	0.257447	0.614173	0.255544	0.627737	0.631325	0.309595	0.619756	0.612313	0.585117	0.600629	0.586207	0.607717	0.642105	0.311187	0.579137	0.591093	0.610635	0.567376	0.409529	0.594228	0.635443	0.622735	0.579297	0.635097	0.647727	0.332875	0.625711	0.642077	0.020848	0.623003	0.544681	0.330752	0.617778	0.620690	0.618230	0.595238	0.513720	0.619048	0.521814	0.636245	0.635135	0.400881	0.533666	0.102600	0.628049	0.624473	0.607083	0.554473	0.615716	0.150873	0.601375	0.587879	0.609551	0.621483	0.587629	0.631579	0.051336	0.572744	0.375000	0.590000	0.118126	0.390693	0.632153	0.486708	0.637188	0.562852	0.573503	0.613333	0.536585	0.113172	0.641656	0.440994	0.437037	0.264674	0.372620	0.393805	0.577652	0.049455	0.314286	0.631724	0.549187	0.638070	0.576728	0.311187	0.443887	0.595365	0.626598	0.592841	0.634697	0.209101	0.632972	0.545802	0.563964	0.574929	0.626478	0.630807	0.618605	0.604013	0.532680	0.579577	0.597771	0.353741	0.618384	0.607626	0.403343	0.626181	0.589928	0.436478	0.247528	0.627646	0.568841	0.563017	0.628986	0.250777	0.491971	0.385809	0.488045	0.497076	0.625000	0.611872	0.529319	0.622577	0.623656	0.472016	0.527230	0.635623	0.582205	0.453280	0.221341	0.614148	0.622711	0.622549	0.493565	0.461137	0.547899	0.239762	0.568245	0.418605	0.604911	0.634812	0.580773	0.614537	0.573593	0.558226	0.200941	0.543168	0.632242	0.518293	0.632972	0.578896	0.553712	0.595339	0.611534	0.368902	0.625889	0.608879	0.634538	0.631001	0.284929	0.618123	0.621027	0.654987	0.360835	0.649701	0.610114	0.565022	0.409586	0.623053	0.498567	0.644769	0.155928	0.496413	0.636492	0.477178	0.542308	0.628734	0.301746	0.621418	0.533658	0.425760	0.622334	0.552347	0.622905	0.433121	0.632353	0.361174	0.649025	0.643377	0.209645	0.633570	0.615979	0.645000	0.490267	0.628378	0.538462	0.540850	0.586146	0.528155	0.620541	0.605863	0.610022	0.163550	0.626829	0.622010	0.632399	0.656757	0.486335	0.104822	0.601974	0.548944	0.584016	0.283926	0.547439	0.648876	0.621076	0.630468	0.617089	0.623165	0.619048	0.635488	0.615176	0.402670	0.032999	0.304147	0.621277	0.600629	0.554974	0.625310	0.576177	0.412148	0.626286	0.593960	0.504126	0.464430	0.635821	0.635538	0.629213	0.647541	0.334862	0.619681	0.277842	0.516640	0.621333	0.625786	0.489853	0.413943	0.589474	0.304914	0.500000	0.616216	0.626471	0.614549	0.613861	0.602603	0.616822	0.612313	0.452903	0.644650	0.580180	0.600671	0.619325	0.129759	0.617089	0.184545	0.175066	0.590106	0.636829	0.586580	0.634338	0.548571	0.625000	0.599138	0.638655	0.616495	0.591716	0.622496	0.601036	0.474623	0.623974	0.628191	0.624264	0.616408	0.551852	0.646638	0.129067	0.643159	0.551073	0.583174	0.635561	0.635731	0.568245	0.390244	0.526316	0.533333	0.630037	0.289936	0.635492	0.534926	0.484472	0.636628	0.635514	0.577220	0.627692	0.592292	0.625493	0.332722	0.530214	0.624000	0.473251	0.598319	0.284483	0.635983	0.629571	0.619824	0.627646	0.493131	0.621830	0.407516	0.586307	0.627595	0.428266	0.525465	0.647125	0.627995	0.641184	0.579151	0.473648	0.556190	0.234118	0.596491	0.585975	0.635704	0.611354	0.237332	0.647551	0.580756	0.215239	0.645070	0.573399	0.598230	0.630890	0.315789	0.138868	0.097293	0.339411	0.628308	0.570410	0.635995	0.599775	0.574691	0.529412	0.430108	0.620843	0.627692	0.608974	0.610577	0.637298	0.479613	0.615635	0.632000	0.271429	0.630970	0.140780	0.638243	0.595156	0.619617	0.641350	0.576205	0.573237	0.419317	0.592334	0.618243	0.484121	0.564544	0.542834	0.564726	0.566308	0.622348	0.546689	0.585062	0.117381	0.607717	0.579892	0.629032	0.197605	0.366852	0.637720	0.065376	0.637681	0.527132	0.569892	0.634499	0.338777	0.594330	0.400222	0.619677	0.022734	0.626238	0.623494	0.586146	0.610114	0.646232	0.586047	0.538527	0.377143	0.549372	0.515356	0.658402	0.577737	0.547101	0.651282	0.302374	0.573413	0.295122	0.518288	0.637982	0.600343	0.636126	0.510806	0.621622	0.643750	0.633461	0.623529	0.571936	0.479720	0.580756	0.480652	0.527316	0.585198	0.629921	0.477366	0.155560	0.519747	0.511905	0.619125	0.587629	0.579710	0.660826	0.501089	0.330752	0.646526	0.574586	0.598706	0.214539	0.560606	0.521569	0.558226	0.637333	0.530744	0.615213	0.637413	0.527230	0.590535	0.623881	0.566667	0.630411	1.000000	0.635258	0.631579	0.480164	0.331034	0.518234	0.639269	0.625337	0.614872	
0.627063	0.616561	0.510769	0.613636	0.625251	0.542056	0.481928	0.032671	0.616580	0.634969	0.625806	0.463533	0.647436	0.637195	0.612299	0.632750	0.555315	0.637571	0.652459	0.588083	0.331461	0.362185	0.578534	0.628952	0.643857	0.128765	0.494323	0.624113	0.618519	0.283790	0.520737	0.633880	0.637255	0.640275	0.373808	0.616162	0.614194	0.349733	0.579592	0.590643	0.570455	0.488246	0.404402	0.245731	0.636656	0.604000	0.390212	0.214390	0.584653	0.212766	0.641815	0.611549	0.259113	0.625931	0.637899	0.552026	0.630282	0.628906	0.613718	0.621387	0.260486	0.627049	0.565217	0.617476	0.518868	0.348083	0.637236	0.617729	0.653061	0.534010	0.636923	0.660377	0.279224	0.599260	0.623494	0.016975	0.641577	0.496838	0.277386	0.598558	0.631579	0.615385	0.630769	0.454984	0.642384	0.483197	0.626609	0.622024	0.450777	0.479295	0.084189	0.636054	0.577273	0.628571	0.522149	0.573751	0.124368	0.626459	0.550976	0.642857	0.616246	0.645914	0.624658	0.041921	0.528487	0.436842	0.547210	0.097071	0.331461	0.630631	0.517815	0.589681	0.610753	0.600414	0.596154	0.476764	0.092957	0.615603	0.382620	0.380155	0.220561	0.314667	0.453125	0.546559	0.040378	0.263158	0.654490	0.506812	0.631268	0.571429	0.260486	0.386379	0.608519	0.635854	0.569007	0.611544	0.173325	0.602883	0.583333	0.518234	0.535750	0.616967	0.616000	0.601010	0.573379	0.479239	0.527969	0.554951	0.418231	0.618462	0.579866	0.341633	0.632987	0.610656	0.383706	0.205934	0.593197	0.607438	0.539745	0.633441	0.208702	0.439324	0.443864	0.426883	0.441538	0.619760	0.648557	0.472362	0.605686	0.579974	0.414134	0.470392	0.601770	0.548654	0.402498	0.183686	0.602888	0.585885	0.604278	0.440543	0.401914	0.491979	0.199324	0.535183	0.364201	0.582126	0.596794	0.544102	0.602381	0.546729	0.596195	0.166432	0.483556	0.630854	0.456592	0.610747	0.549223	0.506964	0.577626	0.589894	0.310526	0.629921	0.578588	0.636230	0.638427	0.237903	0.658182	0.618667	0.629080	0.303498	0.626667	0.645872	0.517670	0.480818	0.634146	0.436747	0.612732	0.128596	0.438914	0.647887	0.536232	0.588496	0.626772	0.252352	0.601681	0.480687	0.366687	0.606310	0.509615	0.626543	0.516129	0.601604	0.426667	0.646154	0.630048	0.173785	0.604113	0.593220	0.636612	0.433662	0.610687	0.504537	0.486159	0.557576	0.581655	0.581097	0.641026	0.571765	0.134981	0.611702	0.627604	0.651568	0.633929	0.428256	0.086031	0.629630	0.591611	0.535242	0.237043	0.491541	0.642857	0.594660	0.645378	0.641844	0.627523	0.597865	0.628225	0.611940	0.341040	0.026900	0.254420	0.627943	0.626761	0.512059	0.609756	0.520197	0.452926	0.604709	0.643939	0.450593	0.413502	0.651163	0.628734	0.639752	0.620482	0.391304	0.628655	0.231827	0.470687	0.624633	0.644366	0.432035	0.475703	0.637450	0.255080	0.559633	0.576429	0.614379	0.583822	0.631970	0.549946	0.620209	0.630394	0.394062	0.621190	0.611910	0.628788	0.591656	0.106749	0.641844	0.152613	0.144643	0.614458	0.613445	0.586449	0.612950	0.577681	0.622642	0.576744	0.603922	0.567627	0.553911	0.629948	0.626223	0.423022	0.628466	0.569028	0.606914	0.587530	0.610169	0.646593	0.106172	0.630265	0.497721	0.543967	0.612414	0.617128	0.533201	0.443864	0.548315	0.486486	0.588549	0.242200	0.608355	0.496078	0.424330	0.645161	0.604061	0.549587	0.625430	0.575163	0.600289	0.279092	0.566292	0.621185	0.550239	0.629981	0.237520	0.625578	0.641711	0.598080	0.628571	0.439544	0.584029	0.358410	0.553148	0.623169	0.496241	0.479042	0.605617	0.637241	0.611036	0.543388	0.419239	0.590810	0.194527	0.553236	0.548818	0.640902	0.566038	0.197258	0.616385	0.595331	0.178517	0.647975	0.538543	0.643863	0.623563	0.264455	0.114341	0.079794	0.284887	0.594257	0.640974	0.619970	0.578755	0.533062	0.579186	0.473552	0.580336	0.635739	0.643885	0.599476	0.629690	0.426396	0.652015	0.621701	0.323864	0.606742	0.115936	0.626062	0.627451	0.593750	0.612753	0.535300	0.514451	0.361963	0.652174	0.648855	0.428466	0.627680	0.482642	0.518929	0.616327	0.619718	0.499099	0.560268	0.096453	0.649819	0.525813	0.600000	0.163616	0.308739	0.594918	0.053457	0.642547	0.562500	0.608163	0.607096	0.284337	0.552880	0.339862	0.652529	0.018514	0.613514	0.640940	0.589899	0.616514	0.620979	0.627383	0.499551	0.317717	0.601227	0.459353	0.647416	0.520118	0.599174	0.643258	0.252893	0.544681	0.246656	0.461791	0.653465	0.652427	0.632184	0.575964	0.622074	0.643357	0.604196	0.585678	0.597980	0.427313	0.618677	0.534279	0.473640	0.619883	0.645503	0.511962	0.128289	0.469115	0.564220	0.630237	0.610895	0.530888	0.604651	0.443086	0.277386	0.622896	0.610526	0.632727	0.177925	0.591304	0.574661	0.596195	0.636364	0.484589	0.593220	0.583960	0.470392	0.570796	0.647841	0.518657	0.590636	0.635258	1.000000	0.616822	0.423242	0.392371	0.565121	0.634975	0.614243	0.597839	
0.585621	0.650424	0.578483	0.632677	0.547112	0.613191	0.576836	0.049841	0.625134	0.631319	0.608472	0.564250	0.618135	0.618405	0.630650	0.637056	0.632747	0.577259	0.621586	0.631579	0.458999	0.479866	0.613218	0.613158	0.620948	0.191521	0.585890	0.564315	0.580830	0.403038	0.451939	0.584746	0.617380	0.613514	0.500000	0.586985	0.659529	0.478873	0.526965	0.576512	0.625602	0.548617	0.526968	0.354687	0.604353	0.522003	0.515859	0.311920	0.638776	0.309686	0.610825	0.651466	0.372742	0.595181	0.569364	0.604478	0.555708	0.560358	0.580645	0.625147	0.372112	0.531685	0.635774	0.551929	0.607055	0.473571	0.555882	0.619750	0.573066	0.606643	0.637824	0.633962	0.398768	0.645361	0.622114	0.026006	0.585774	0.567141	0.396325	0.651867	0.578875	0.646226	0.547865	0.553100	0.621232	0.565079	0.650350	0.645006	0.333945	0.571870	0.126692	0.599732	0.623677	0.555556	0.593443	0.633333	0.185193	0.555721	0.641998	0.620174	0.613975	0.555721	0.636670	0.063795	0.606627	0.315399	0.597617	0.145583	0.451779	0.618182	0.424138	0.633094	0.516026	0.514019	0.611504	0.575322	0.139563	0.622685	0.503233	0.489772	0.320395	0.439528	0.327808	0.624237	0.061472	0.374011	0.627451	0.596825	0.621266	0.546784	0.374587	0.514828	0.546012	0.630011	0.592893	0.635000	0.254841	0.646421	0.491057	0.612823	0.612847	0.644610	0.646865	0.633018	0.633911	0.556654	0.609508	0.630798	0.293233	0.669963	0.597345	0.464475	0.596154	0.525502	0.499703	0.300265	0.619687	0.534992	0.611205	0.624840	0.304086	0.557153	0.324723	0.539326	0.559287	0.607013	0.612299	0.582409	0.636364	0.627155	0.540025	0.564065	0.652632	0.627556	0.508750	0.269356	0.563815	0.613187	0.654906	0.531161	0.517879	0.587041	0.291119	0.614726	0.469457	0.654509	0.651546	0.647273	0.628629	0.581281	0.515823	0.245140	0.591900	0.637288	0.567356	0.650759	0.622776	0.588997	0.639614	0.637624	0.436134	0.599496	0.646095	0.658711	0.646341	0.344070	0.598025	0.644664	0.614646	0.429862	0.600791	0.588068	0.611940	0.349091	0.603001	0.542031	0.633078	0.191279	0.557576	0.609023	0.408377	0.481178	0.581864	0.363636	0.570292	0.583082	0.488688	0.630631	0.610509	0.619579	0.384342	0.619625	0.299625	0.632880	0.596401	0.255487	0.636073	0.599769	0.655443	0.549391	0.565154	0.582078	0.580989	0.535168	0.462046	0.639764	0.578723	0.646184	0.200442	0.641054	0.629989	0.613915	0.632972	0.542819	0.129400	0.566524	0.490196	0.575445	0.342900	0.570983	0.645081	0.628688	0.612732	0.611342	0.582386	0.574202	0.608802	0.634499	0.469031	0.041101	0.366425	0.605528	0.594223	0.573969	0.642140	0.613288	0.355072	0.631470	0.596798	0.568820	0.516129	0.620237	0.631090	0.617684	0.602673	0.277040	0.647687	0.335799	0.580931	0.630202	0.596974	0.536842	0.349091	0.544629	0.367314	0.457143	0.612205	0.583658	0.626482	0.579627	0.614679	0.575716	0.572254	0.521633	0.653302	0.544892	0.590975	0.618947	0.159690	0.611342	0.225590	0.214252	0.550989	0.604811	0.626601	0.648712	0.487013	0.641509	0.616290	0.632035	0.650330	0.611765	0.594595	0.570149	0.535830	0.582857	0.600806	0.629787	0.650554	0.516640	0.625316	0.158852	0.595000	0.592357	0.615655	0.644796	0.652676	0.614726	0.324723	0.453642	0.589587	0.628571	0.349904	0.624865	0.561493	0.542857	0.631579	0.663147	0.612245	0.577598	0.633240	0.652582	0.395073	0.480132	0.600559	0.422877	0.571429	0.343549	0.631188	0.577778	0.632883	0.651007	0.556309	0.621242	0.458194	0.620567	0.624176	0.372760	0.584337	0.631902	0.656109	0.649667	0.624667	0.516753	0.487013	0.284461	0.630260	0.618375	0.600000	0.645482	0.288254	0.642241	0.543834	0.262125	0.624220	0.578662	0.564024	0.629240	0.379916	0.170709	0.120217	0.403587	0.633333	0.530675	0.633735	0.631902	0.623468	0.459235	0.366906	0.608258	0.620783	0.598601	0.611051	0.613990	0.538362	0.573050	0.639715	0.223092	0.629156	0.173018	0.635838	0.559043	0.634304	0.588529	0.629964	0.603175	0.485187	0.553383	0.568082	0.547745	0.559524	0.582090	0.603865	0.511556	0.614035	0.597321	0.619905	0.144678	0.589060	0.614108	0.642336	0.241169	0.433816	0.637681	0.081100	0.616471	0.474465	0.545455	0.639130	0.403760	0.619390	0.465435	0.634715	0.028352	0.645161	0.606623	0.519878	0.565341	0.643021	0.562500	0.569182	0.446429	0.533951	0.572230	0.634027	0.607810	0.531882	0.638347	0.364366	0.580528	0.355939	0.561047	0.619608	0.575668	0.619883	0.466667	0.602378	0.615595	0.652174	0.641870	0.522936	0.539119	0.576523	0.429553	0.577548	0.556548	0.611570	0.409012	0.190836	0.565954	0.463866	0.590395	0.543834	0.602510	0.624719	0.554496	0.396325	0.568393	0.514196	0.566996	0.261295	0.494346	0.475874	0.515823	0.632580	0.584778	0.635533	0.645768	0.565538	0.626529	0.633377	0.615760	0.645161	0.631579	0.616822	1.000000	0.538313	0.273764	0.490196	0.622995	0.633854	0.647177	
0.431206	0.556325	0.604834	0.510610	0.313124	0.603282	0.633774	0.116524	0.544416	0.473901	0.449438	0.641806	0.448179	0.475342	0.528351	0.456385	0.600232	0.348610	0.439887	0.545685	0.631579	0.642006	0.542092	0.429893	0.468556	0.400297	0.630067	0.393275	0.364583	0.603538	0.224556	0.375462	0.440678	0.410108	0.641144	0.420601	0.552248	0.637495	0.301391	0.483871	0.589074	0.608377	0.651904	0.572231	0.446003	0.314417	0.640760	0.524747	0.566154	0.548504	0.446165	0.547893	0.581629	0.481356	0.356021	0.591730	0.395044	0.329787	0.381443	0.500000	0.566308	0.298762	0.599768	0.333586	0.627682	0.647459	0.341132	0.520315	0.363366	0.618222	0.474553	0.461111	0.600617	0.569659	0.483651	0.061811	0.386197	0.627943	0.612078	0.573350	0.398836	0.506363	0.339879	0.625000	0.436080	0.609974	0.509647	0.485095	0.152941	0.617844	0.281362	0.418103	0.585511	0.346125	0.621984	0.574174	0.394016	0.332322	0.603708	0.469613	0.511199	0.332322	0.528031	0.147735	0.613611	0.143581	0.577189	0.319384	0.614551	0.481633	0.205714	0.562423	0.267928	0.292152	0.570905	0.635809	0.307370	0.504970	0.644501	0.629032	0.561656	0.630086	0.149832	0.621652	0.142579	0.577150	0.479124	0.632021	0.495277	0.346125	0.596285	0.652081	0.305320	0.523057	0.552147	0.462284	0.495722	0.542438	0.255556	0.632719	0.627713	0.547408	0.540541	0.565163	0.587047	0.624490	0.615469	0.609402	0.132540	0.478680	0.521627	0.623469	0.483412	0.298762	0.626827	0.544563	0.528915	0.293478	0.614372	0.451613	0.549160	0.640076	0.148273	0.642261	0.643536	0.483696	0.417803	0.646647	0.569126	0.535283	0.657954	0.635047	0.557994	0.601130	0.639644	0.502988	0.381443	0.526045	0.539948	0.611570	0.651081	0.634476	0.515940	0.618864	0.612516	0.571078	0.562229	0.610888	0.577859	0.550602	0.278778	0.486089	0.638673	0.521569	0.630859	0.546267	0.617298	0.620946	0.590476	0.588520	0.620562	0.462821	0.588585	0.501686	0.480546	0.578563	0.375185	0.539254	0.492558	0.628821	0.427350	0.370645	0.633171	0.160669	0.402032	0.640713	0.543004	0.402819	0.659155	0.464310	0.195402	0.250000	0.460042	0.577976	0.424589	0.638903	0.642354	0.520548	0.625813	0.472452	0.178956	0.524485	0.135708	0.473177	0.445538	0.503453	0.547408	0.501323	0.531250	0.644371	0.344880	0.630640	0.640816	0.307929	0.243006	0.585190	0.371852	0.585248	0.415072	0.541131	0.544529	0.403483	0.491870	0.651872	0.286870	0.364583	0.251392	0.571262	0.570908	0.617540	0.473757	0.566339	0.424589	0.393275	0.370645	0.390922	0.474368	0.488467	0.629045	0.096671	0.590458	0.458015	0.396501	0.604676	0.529183	0.620121	0.163743	0.563625	0.349850	0.640889	0.635220	0.435277	0.509622	0.469613	0.474114	0.124573	0.500000	0.577486	0.647648	0.496635	0.397959	0.632794	0.160669	0.316998	0.581970	0.227419	0.569536	0.442090	0.573325	0.362146	0.607493	0.400581	0.356021	0.639545	0.505023	0.297444	0.349850	0.552978	0.347181	0.393275	0.451392	0.442761	0.311828	0.519104	0.583133	0.508339	0.256939	0.462500	0.563702	0.544296	0.601407	0.601143	0.411552	0.328517	0.646308	0.365799	0.557117	0.545110	0.578755	0.277429	0.455749	0.345543	0.456747	0.628090	0.612795	0.520602	0.563204	0.619967	0.148273	0.240192	0.643772	0.538907	0.590123	0.538854	0.587719	0.657208	0.449438	0.559045	0.611738	0.411255	0.593496	0.510354	0.596984	0.240192	0.385011	0.201309	0.348610	0.576642	0.474880	0.389744	0.517939	0.527615	0.652194	0.567255	0.595326	0.621545	0.533762	0.172901	0.625443	0.570548	0.524526	0.537815	0.612867	0.630860	0.256939	0.531144	0.608400	0.605515	0.449123	0.579903	0.523320	0.544183	0.332322	0.503285	0.464730	0.598515	0.310530	0.506667	0.596376	0.368209	0.268114	0.601043	0.564486	0.305320	0.486780	0.565619	0.611080	0.235955	0.169858	0.570208	0.414141	0.383824	0.529337	0.446013	0.649565	0.371852	0.499327	0.098616	0.451296	0.372306	0.513907	0.327245	0.553435	0.456116	0.613805	0.627579	0.641742	0.322137	0.344880	0.652113	0.331055	0.641814	0.629571	0.301391	0.457380	0.646813	0.594118	0.317584	0.381443	0.629189	0.561097	0.477098	0.625414	0.484725	0.185626	0.496321	0.244409	0.301391	0.540575	0.612018	0.612848	0.640945	0.444601	0.067277	0.532383	0.424286	0.307929	0.370645	0.522712	0.406951	0.615545	0.627584	0.300077	0.648962	0.480164	0.620954	0.293478	0.514512	0.590373	0.575688	0.591990	0.634339	0.432624	0.333586	0.506667	0.234538	0.425107	0.401163	0.520079	0.551072	0.307929	0.653740	0.332322	0.208639	0.645323	0.331055	0.396791	0.201309	0.404960	0.629371	0.227419	0.375462	0.332322	0.632609	0.521173	0.651207	0.607984	0.424893	0.281470	0.376662	0.497573	0.261076	0.235955	0.278778	0.499327	0.635903	0.565644	0.560549	0.631053	0.605386	0.431010	0.637527	0.574221	0.480164	0.423242	0.538313	1.000000	0.122972	0.251392	0.422111	0.493911	0.572999	
0.365535	0.256228	0.191489	0.299376	0.456522	0.194595	0.153355	0.008074	0.262295	0.335664	0.362720	0.142433	0.354115	0.332564	0.274286	0.354680	0.206009	0.453947	0.372093	0.262295	0.092486	0.102418	0.266174	0.380952	0.342857	0.033035	0.156182	0.410557	0.447950	0.077586	0.549763	0.429448	0.370180	0.402235	0.106667	0.388140	0.260870	0.098361	0.501873	0.312364	0.219178	0.163080	0.116978	0.066116	0.360902	0.483755	0.111715	0.056940	0.240803	0.056471	0.365482	0.267161	0.070107	0.321429	0.458065	0.208696	0.400000	0.470588	0.429003	0.307036	0.070519	0.475472	0.206600	0.472603	0.172043	0.097826	0.449664	0.288577	0.443038	0.188976	0.337237	0.348668	0.076190	0.244898	0.326531	0.004170	0.429851	0.162896	0.075630	0.236453	0.397695	0.309013	0.471380	0.141038	0.377953	0.164009	0.302521	0.320713	0.625767	0.157895	0.021223	0.394521	0.219178	0.443709	0.171838	0.225705	0.031851	0.481100	0.206009	0.342043	0.293279	0.467354	0.284024	0.010396	0.181132	0.624204	0.203103	0.024594	0.092486	0.325056	0.565657	0.243655	0.512397	0.523077	0.236453	0.153355	0.023514	0.298755	0.109174	0.108352	0.058728	0.087167	0.596273	0.188235	0.010008	0.071322	0.331797	0.164009	0.316484	0.450331	0.070519	0.110429	0.488889	0.293279	0.238806	0.344498	0.045269	0.266667	0.549356	0.175824	0.187013	0.259459	0.273245	0.253076	0.219512	0.154341	0.180905	0.206897	0.573333	0.337237	0.275862	0.095745	0.320000	0.475472	0.110855	0.054504	0.281250	0.513410	0.180905	0.360902	0.055300	0.133457	0.625000	0.127321	0.133705	0.323596	0.377049	0.148301	0.245734	0.263736	0.120805	0.147541	0.253521	0.193809	0.118227	0.048177	0.416918	0.272727	0.274286	0.139806	0.116129	0.160178	0.052612	0.183206	0.103896	0.238017	0.244898	0.200557	0.233387	0.227488	0.536000	0.043347	0.159645	0.286282	0.141038	0.266667	0.194070	0.168618	0.220521	0.229299	0.085868	0.344660	0.219847	0.315789	0.328767	0.063802	0.434251	0.273245	0.319290	0.083672	0.376658	0.447205	0.174757	0.583333	0.404558	0.130317	0.271186	0.032990	0.130553	0.346154	0.575916	0.541485	0.349515	0.068085	0.381720	0.152866	0.103896	0.284585	0.176255	0.338824	0.588889	0.274286	0.565789	0.337237	0.363636	0.045397	0.259459	0.296907	0.282908	0.131387	0.458472	0.163823	0.154341	0.485294	0.526786	0.227129	0.427245	0.229665	0.034716	0.272212	0.264220	0.404558	0.320713	0.126761	0.021703	0.435331	0.556522	0.210219	0.063548	0.160000	0.342043	0.239601	0.381720	0.416422	0.447205	0.412979	0.330275	0.322148	0.095554	0.006633	0.068702	0.347826	0.411594	0.168421	0.279612	0.181818	0.576471	0.246575	0.439344	0.138196	0.120100	0.379947	0.300000	0.342043	0.326531	0.634483	0.312364	0.062016	0.148301	0.313725	0.417391	0.126538	0.630952	0.480287	0.068900	0.544601	0.227129	0.365039	0.228571	0.438095	0.203390	0.404558	0.445161	0.114376	0.309013	0.500000	0.452459	0.253521	0.027149	0.416422	0.039528	0.037344	0.480000	0.293279	0.227488	0.305085	0.547009	0.348668	0.226060	0.265683	0.212077	0.199170	0.396648	0.472222	0.123393	0.440252	0.236066	0.258065	0.235679	0.506024	0.352941	0.026997	0.344498	0.164760	0.190728	0.286853	0.252189	0.183206	0.587500	0.513514	0.155844	0.272727	0.065070	0.265193	0.180678	0.124352	0.362720	0.254867	0.193289	0.395543	0.207194	0.306383	0.076150	0.540541	0.413174	0.615385	0.467105	0.063689	0.338028	0.426036	0.284585	0.281250	0.131868	0.233766	0.101983	0.193029	0.272727	0.625000	0.152220	0.241611	0.286853	0.276923	0.193289	0.123077	0.547009	0.051246	0.195918	0.192000	0.361809	0.230400	0.052023	0.263736	0.453608	0.046723	0.343675	0.198895	0.496350	0.304440	0.071713	0.029168	0.020081	0.077922	0.249135	0.511111	0.321429	0.241611	0.189474	0.529680	0.597701	0.235679	0.401114	0.426426	0.266174	0.364103	0.124567	0.433437	0.313725	0.666667	0.355000	0.029593	0.298137	0.480836	0.264220	0.342857	0.198347	0.176687	0.102345	0.487633	0.465116	0.127886	0.462069	0.150313	0.167442	0.479401	0.346154	0.162345	0.213967	0.024432	0.422961	0.174970	0.249567	0.042566	0.085308	0.322870	0.013316	0.307692	0.542222	0.501873	0.267658	0.077754	0.196721	0.095175	0.369231	0.004551	0.278530	0.380697	0.448529	0.434783	0.292683	0.384181	0.161798	0.088127	0.488722	0.137931	0.331034	0.180905	0.490421	0.294479	0.068246	0.200837	0.066390	0.144869	0.375979	0.465753	0.304440	0.513761	0.378667	0.412607	0.292683	0.257603	0.492647	0.126427	0.474227	0.580000	0.148148	0.475862	0.412791	0.553846	0.032907	0.147692	0.544601	0.417178	0.474227	0.177122	0.283465	0.132597	0.075630	0.371968	0.507937	0.440367	0.046557	0.540084	0.547945	0.512000	0.313725	0.152381	0.238806	0.250435	0.147541	0.211454	0.374670	0.169611	0.236066	0.331034	0.392371	0.273764	0.122972	1.000000	0.495652	0.393443	0.319290	0.236066	
0.541578	0.472222	0.365155	0.522046	0.596685	0.382567	0.308293	0.017632	0.475591	0.543689	0.579710	0.288058	0.542094	0.547206	0.494272	0.548780	0.400000	0.600000	0.570825	0.466142	0.192331	0.211796	0.456140	0.564655	0.529644	0.071091	0.313492	0.571429	0.595533	0.162719	0.579125	0.587379	0.581053	0.590090	0.220056	0.538293	0.482759	0.203871	0.572238	0.493601	0.417227	0.324045	0.239939	0.139576	0.560825	0.573003	0.229818	0.120841	0.450292	0.119879	0.566667	0.480000	0.147664	0.513109	0.621212	0.399485	0.533643	0.597333	0.561151	0.536937	0.148496	0.609687	0.401022	0.603175	0.342362	0.202824	0.609375	0.502564	0.611940	0.372642	0.561404	0.565130	0.159919	0.462908	0.527514	0.009128	0.593824	0.325773	0.158794	0.446043	0.591224	0.528986	0.605744	0.285456	0.569593	0.325726	0.516014	0.542056	0.546185	0.316633	0.045990	0.580931	0.417227	0.613402	0.341991	0.428177	0.068591	0.594164	0.400000	0.528600	0.495667	0.620690	0.499157	0.022673	0.356413	0.518519	0.394969	0.053190	0.192331	0.514178	0.626761	0.454948	0.640244	0.612717	0.443165	0.308293	0.050886	0.521127	0.224911	0.223322	0.124507	0.181818	0.566802	0.371328	0.021831	0.150119	0.538462	0.327801	0.528651	0.541237	0.148496	0.227338	0.617978	0.509532	0.432511	0.547619	0.096725	0.482428	0.601881	0.349171	0.366822	0.468019	0.479608	0.467176	0.415094	0.310108	0.358277	0.401535	0.500000	0.534113	0.473684	0.198742	0.511194	0.638177	0.228159	0.115836	0.494983	0.628242	0.358277	0.531959	0.117472	0.271245	0.560976	0.259655	0.271711	0.516008	0.575221	0.298959	0.461310	0.462025	0.247261	0.297552	0.467890	0.381182	0.242331	0.102764	0.575540	0.482085	0.481178	0.283154	0.238311	0.320812	0.111938	0.362385	0.214674	0.454414	0.462908	0.393035	0.432432	0.411683	0.601190	0.092723	0.319838	0.499151	0.285456	0.476038	0.381643	0.336170	0.424899	0.442577	0.179240	0.546185	0.423752	0.523985	0.538168	0.134870	0.610169	0.486134	0.525140	0.174875	0.574514	0.573529	0.347253	0.574803	0.594966	0.265323	0.505673	0.070995	0.265770	0.553785	0.606498	0.609524	0.522088	0.143571	0.528384	0.307393	0.214674	0.489865	0.349945	0.559687	0.571429	0.481178	0.563025	0.538012	0.547718	0.096992	0.477379	0.493870	0.507563	0.267343	0.568475	0.327461	0.310108	0.536313	0.567742	0.436111	0.601467	0.434783	0.074634	0.487805	0.478605	0.576659	0.538318	0.258592	0.047017	0.640199	0.582278	0.391699	0.134354	0.320487	0.540434	0.448326	0.585153	0.608899	0.593137	0.569412	0.528736	0.514071	0.198368	0.014498	0.144821	0.532000	0.580046	0.335813	0.479201	0.359909	0.570312	0.456716	0.608696	0.280142	0.245914	0.550538	0.505300	0.520710	0.512334	0.562771	0.533821	0.131229	0.298959	0.517431	0.584687	0.258170	0.598425	0.624658	0.145221	0.622074	0.430556	0.522105	0.430168	0.623441	0.397985	0.572082	0.616162	0.234944	0.532609	0.605714	0.639386	0.467890	0.058627	0.608899	0.084741	0.080162	0.648199	0.495667	0.425591	0.508961	0.618750	0.529058	0.423237	0.471338	0.413072	0.388133	0.594595	0.609626	0.252195	0.603960	0.433908	0.462733	0.439024	0.614925	0.550607	0.058303	0.527778	0.329167	0.375743	0.510204	0.468798	0.362385	0.560976	0.610390	0.312871	0.472313	0.137451	0.476948	0.351076	0.254019	0.546584	0.476190	0.380265	0.548315	0.402049	0.507194	0.159838	0.636364	0.580952	0.604982	0.610256	0.134640	0.546875	0.566038	0.489865	0.505017	0.268251	0.438746	0.210948	0.379808	0.485342	0.610687	0.306202	0.445748	0.500000	0.478548	0.380265	0.251592	0.581250	0.109116	0.384896	0.375598	0.541322	0.433193	0.110722	0.477848	0.578249	0.099747	0.542574	0.390123	0.633333	0.508050	0.150907	0.062911	0.043544	0.163392	0.454819	0.629213	0.531835	0.448680	0.373522	0.590164	0.638462	0.427547	0.579775	0.591885	0.472089	0.550420	0.254428	0.621027	0.535780	0.474419	0.539095	0.063813	0.506151	0.654155	0.469097	0.513834	0.386700	0.348502	0.211654	0.628726	0.599483	0.260726	0.632979	0.302682	0.334038	0.600567	0.533865	0.324769	0.413702	0.052843	0.604317	0.347635	0.458522	0.091093	0.178129	0.496241	0.028991	0.509025	0.598071	0.594901	0.464744	0.163055	0.383863	0.197624	0.575630	0.009959	0.494196	0.544662	0.564246	0.588235	0.501730	0.577273	0.323770	0.183721	0.625000	0.279646	0.529750	0.356009	0.622478	0.518261	0.143898	0.388543	0.140133	0.292593	0.562900	0.613757	0.500894	0.651316	0.550976	0.602299	0.491349	0.452713	0.575419	0.257959	0.615385	0.608392	0.298677	0.638298	0.613953	0.604982	0.070820	0.297832	0.662207	0.577670	0.610080	0.351502	0.484848	0.269625	0.158794	0.542670	0.609467	0.590799	0.099402	0.619195	0.603279	0.619048	0.539450	0.306499	0.441219	0.456884	0.297552	0.406780	0.593548	0.337968	0.433908	0.518234	0.565121	0.490196	0.251392	0.495652	1.000000	0.584071	0.528864	0.448276	
0.595041	0.617347	0.517454	0.617354	0.582329	0.548857	0.478898	0.032562	0.599222	0.635945	0.642973	0.463909	0.629213	0.635115	0.610442	0.656051	0.553746	0.631179	0.633826	0.596628	0.330523	0.361179	0.597641	0.666667	0.641745	0.128356	0.491259	0.621670	0.630798	0.282964	0.563510	0.624088	0.635025	0.662069	0.374046	0.634064	0.617571	0.348754	0.588957	0.576867	0.573379	0.485068	0.404680	0.245000	0.615137	0.597194	0.389146	0.213740	0.600000	0.212121	0.646104	0.636005	0.258348	0.611940	0.669173	0.537281	0.571429	0.622309	0.618445	0.625181	0.259717	0.628337	0.563656	0.642023	0.517469	0.347107	0.638462	0.613037	0.624535	0.542683	0.656394	0.645669	0.278409	0.612346	0.645551	0.016918	0.649910	0.500904	0.276576	0.599278	0.608084	0.642442	0.608863	0.456959	0.653400	0.485455	0.633238	0.637854	0.441558	0.483245	0.083916	0.637138	0.571104	0.610687	0.515094	0.581395	0.123972	0.623782	0.555917	0.612753	0.611501	0.631579	0.609053	0.041782	0.519174	0.432718	0.541353	0.096758	0.330523	0.631579	0.523810	0.595326	0.594828	0.614108	0.582431	0.484065	0.092657	0.636364	0.381570	0.377821	0.219895	0.313767	0.454308	0.543060	0.040244	0.262383	0.646341	0.507273	0.646972	0.591603	0.259717	0.385321	0.626016	0.625526	0.557576	0.643750	0.172789	0.614173	0.597802	0.528338	0.540323	0.607465	0.611482	0.609355	0.576310	0.477922	0.532417	0.570806	0.403226	0.659476	0.599462	0.340672	0.607143	0.624230	0.383958	0.205307	0.602180	0.608696	0.532417	0.663446	0.208068	0.442736	0.455497	0.433112	0.443418	0.608696	0.642857	0.476111	0.589109	0.596354	0.414427	0.479132	0.610127	0.545078	0.400000	0.183121	0.632911	0.592000	0.629183	0.445687	0.400821	0.495986	0.198716	0.531746	0.364428	0.607013	0.609877	0.563830	0.591180	0.545029	0.610169	0.165914	0.496441	0.606897	0.461786	0.622047	0.553942	0.505576	0.571429	0.592941	0.309637	0.624606	0.588369	0.640118	0.642424	0.237192	0.644809	0.627503	0.612184	0.302625	0.621035	0.636029	0.535373	0.466667	0.663176	0.432555	0.621514	0.128188	0.439245	0.642633	0.532688	0.563193	0.608833	0.251605	0.622896	0.481100	0.365672	0.615385	0.521655	0.630603	0.502488	0.605087	0.422460	0.631741	0.640777	0.173247	0.622909	0.602546	0.648427	0.435508	0.623327	0.495913	0.484848	0.599190	0.565022	0.588785	0.634862	0.584217	0.134554	0.615180	0.604954	0.659686	0.622951	0.430044	0.085752	0.627087	0.592920	0.531422	0.236334	0.497326	0.659409	0.597813	0.649832	0.674956	0.639706	0.606061	0.613982	0.627803	0.340081	0.026810	0.253667	0.613208	0.634921	0.505107	0.588874	0.528600	0.464286	0.595533	0.667932	0.457278	0.408163	0.648918	0.615385	0.628305	0.624434	0.392371	0.641288	0.231132	0.474434	0.631424	0.652557	0.432353	0.492308	0.622754	0.254325	0.542529	0.577103	0.615385	0.584507	0.636872	0.552688	0.635253	0.627820	0.392978	0.636628	0.617284	0.629981	0.600000	0.106406	0.674956	0.152135	0.144188	0.623742	0.622721	0.587135	0.639769	0.583333	0.642520	0.570431	0.615183	0.583796	0.556614	0.637931	0.631373	0.420446	0.644444	0.596154	0.605128	0.593037	0.590234	0.647619	0.105832	0.603125	0.501825	0.540430	0.640884	0.617907	0.535714	0.445026	0.549550	0.493892	0.602667	0.241478	0.609150	0.498528	0.421739	0.652666	0.614994	0.541882	0.612737	0.567067	0.624277	0.278277	0.581081	0.661871	0.537170	0.627376	0.236810	0.657407	0.610714	0.609890	0.623978	0.441400	0.594272	0.356181	0.553719	0.616000	0.502513	0.482877	0.589242	0.629834	0.622642	0.541882	0.416667	0.578947	0.193931	0.557994	0.551440	0.619355	0.592680	0.196656	0.622396	0.615984	0.177966	0.630265	0.532770	0.620968	0.638849	0.263677	0.113976	0.079535	0.284058	0.587500	0.589431	0.644776	0.606357	0.545825	0.562358	0.479798	0.578631	0.636833	0.659459	0.579292	0.640523	0.423803	0.620183	0.643172	0.324786	0.652733	0.115566	0.621277	0.636542	0.597132	0.607477	0.563291	0.530376	0.360958	0.629703	0.619503	0.430267	0.585938	0.484746	0.513863	0.572597	0.626959	0.499549	0.551955	0.096141	0.640145	0.533971	0.605757	0.163107	0.307853	0.622754	0.053280	0.614493	0.577181	0.609407	0.613158	0.283510	0.547170	0.338905	0.637255	0.018452	0.622463	0.642017	0.578947	0.632353	0.633053	0.576389	0.482014	0.316810	0.594262	0.458136	0.633181	0.534381	0.604555	0.641350	0.252144	0.530351	0.245922	0.470395	0.634711	0.634241	0.630216	0.586364	0.633166	0.654991	0.621849	0.612036	0.591093	0.427627	0.654971	0.530806	0.477387	0.613281	0.639576	0.527578	0.127882	0.474520	0.565517	0.627737	0.619883	0.525604	0.621918	0.438838	0.276576	0.600337	0.603376	0.622951	0.177376	0.596950	0.571429	0.597458	0.651982	0.483290	0.591515	0.614806	0.465776	0.578073	0.648918	0.517274	0.586538	0.639269	0.634975	0.622995	0.422111	0.393443	0.584071	1.000000	0.647845	0.596154	
0.591304	0.628308	0.555241	0.629442	0.572899	0.578797	0.547352	0.041779	0.616822	0.625000	0.633523	0.528073	0.627119	0.627027	0.612981	0.631136	0.598410	0.595745	0.619597	0.609813	0.406652	0.431991	0.613208	0.639416	0.635488	0.162452	0.554923	0.580247	0.612179	0.350439	0.474903	0.600316	0.620690	0.637594	0.452625	0.601770	0.637951	0.426877	0.540070	0.565104	0.599585	0.519328	0.481144	0.305030	0.597734	0.561644	0.461153	0.267278	0.616575	0.265313	0.624822	0.652482	0.321050	0.598675	0.612642	0.597793	0.558282	0.587248	0.561129	0.613402	0.322691	0.562937	0.615538	0.580968	0.568182	0.421585	0.598347	0.610422	0.574639	0.583723	0.643052	0.652778	0.345016	0.641341	0.636364	0.021757	0.623053	0.539043	0.342831	0.615721	0.605505	0.633894	0.556291	0.501506	0.633721	0.523207	0.666667	0.621693	0.374468	0.533224	0.106881	0.619048	0.605809	0.574713	0.571179	0.626455	0.157001	0.568562	0.610338	0.629121	0.614035	0.585284	0.633907	0.053539	0.589837	0.366379	0.580709	0.123012	0.401288	0.610667	0.451485	0.623608	0.539162	0.546737	0.598253	0.545746	0.117867	0.613435	0.453875	0.449878	0.274737	0.386932	0.380342	0.585821	0.051579	0.325881	0.623482	0.553586	0.640420	0.541872	0.322691	0.460583	0.592721	0.624060	0.573626	0.631724	0.217317	0.635183	0.533333	0.582593	0.594243	0.642691	0.649880	0.643836	0.616822	0.524194	0.594742	0.602193	0.341357	0.662125	0.586248	0.415240	0.607662	0.548951	0.449564	0.257036	0.600733	0.559859	0.567543	0.617564	0.260392	0.506494	0.372591	0.489569	0.510116	0.606383	0.641902	0.539906	0.618141	0.593200	0.485657	0.530008	0.637714	0.577143	0.459016	0.229976	0.579937	0.594012	0.644231	0.495138	0.474467	0.547264	0.249014	0.592864	0.426462	0.631579	0.630168	0.602927	0.619048	0.563830	0.556553	0.208873	0.552523	0.656790	0.522590	0.651712	0.596759	0.549526	0.618750	0.622460	0.382056	0.617524	0.611227	0.647444	0.636242	0.295632	0.615142	0.645084	0.641161	0.373767	0.614035	0.597774	0.569408	0.400000	0.617021	0.505666	0.625298	0.162243	0.509220	0.633472	0.457831	0.526119	0.592490	0.312964	0.571429	0.557246	0.441819	0.617466	0.580071	0.625683	0.431211	0.608173	0.348584	0.653951	0.588905	0.217879	0.635731	0.580808	0.647059	0.513186	0.578947	0.553120	0.543548	0.549223	0.500942	0.624867	0.603175	0.616702	0.170146	0.657895	0.626761	0.610942	0.637566	0.504505	0.109190	0.583333	0.525140	0.568548	0.294598	0.536868	0.637363	0.610132	0.612666	0.629630	0.610493	0.560372	0.608345	0.647215	0.417861	0.034428	0.315439	0.604716	0.598160	0.549053	0.622871	0.593267	0.402516	0.628507	0.607843	0.532246	0.470120	0.629738	0.632783	0.626374	0.606952	0.323009	0.648438	0.288323	0.532081	0.642298	0.622699	0.494118	0.395789	0.590444	0.316229	0.484615	0.578108	0.580460	0.606190	0.598071	0.602956	0.604863	0.596434	0.464879	0.641656	0.560420	0.598039	0.605714	0.135092	0.629630	0.191899	0.182080	0.573883	0.604010	0.608511	0.634146	0.528651	0.622222	0.584746	0.610130	0.616633	0.586408	0.616541	0.598319	0.488467	0.604800	0.582334	0.612717	0.618736	0.561151	0.623776	0.134373	0.595862	0.553768	0.589454	0.645241	0.649203	0.585544	0.372591	0.487713	0.558895	0.613174	0.300794	0.614118	0.521739	0.494198	0.622159	0.660550	0.595057	0.576577	0.600798	0.630631	0.344859	0.506616	0.627145	0.466135	0.602291	0.295171	0.633015	0.598450	0.627306	0.652015	0.511794	0.621885	0.421175	0.607787	0.639521	0.418219	0.536313	0.611296	0.650185	0.631197	0.598859	0.475288	0.502773	0.243183	0.598848	0.582781	0.607092	0.626609	0.246504	0.621336	0.545151	0.223665	0.606061	0.574200	0.585198	0.643590	0.327430	0.144546	0.101364	0.351740	0.625989	0.547660	0.643709	0.629014	0.592315	0.509506	0.407484	0.610022	0.618619	0.615625	0.587264	0.619799	0.496241	0.596825	0.650131	0.261468	0.633663	0.146530	0.648101	0.589226	0.629108	0.585970	0.611810	0.575758	0.431739	0.579661	0.582237	0.501047	0.572864	0.547036	0.582691	0.554007	0.608575	0.559464	0.593878	0.122238	0.605016	0.585841	0.649321	0.205420	0.379950	0.621514	0.068159	0.614194	0.500000	0.585366	0.629586	0.351088	0.602502	0.415385	0.637016	0.023724	0.643204	0.602941	0.518135	0.578696	0.653317	0.577912	0.541353	0.390520	0.551483	0.527017	0.638814	0.583862	0.570423	0.648241	0.313612	0.558594	0.306139	0.514988	0.620290	0.587646	0.625641	0.518095	0.583578	0.615854	0.623279	0.621247	0.535406	0.497925	0.585284	0.473373	0.539484	0.582915	0.611367	0.454183	0.161862	0.525741	0.503846	0.609795	0.571906	0.587500	0.613497	0.506820	0.342831	0.598820	0.529517	0.596215	0.222941	0.518382	0.517110	0.549372	0.647520	0.551118	0.624176	0.632653	0.523772	0.617409	0.638484	0.569204	0.623773	0.625337	0.614243	0.633854	0.493911	0.319290	0.528864	0.647845	1.000000	0.632497	
0.588928	0.655642	0.594417	0.629356	0.512129	0.635158	0.607829	0.058791	0.648276	0.630168	0.623407	0.595802	0.618224	0.622914	0.641776	0.621560	0.657511	0.537662	0.600234	0.630542	0.501236	0.528846	0.643496	0.599526	0.623025	0.223005	0.615274	0.567534	0.556833	0.449612	0.404727	0.560606	0.608187	0.587379	0.534141	0.580645	0.656189	0.523316	0.485675	0.601942	0.646483	0.591549	0.563347	0.405446	0.598844	0.514132	0.559544	0.355259	0.657895	0.356764	0.623256	0.644776	0.422222	0.614880	0.548969	0.634948	0.564735	0.529801	0.552070	0.637433	0.417863	0.503420	0.656922	0.535620	0.630852	0.521156	0.544503	0.640415	0.557545	0.636808	0.627100	0.623436	0.450764	0.650854	0.619625	0.030744	0.574282	0.622222	0.446414	0.647442	0.585486	0.639485	0.524246	0.591796	0.616293	0.601190	0.649682	0.620765	0.289348	0.596517	0.148393	0.584838	0.642921	0.531250	0.625767	0.652174	0.215761	0.525760	0.640343	0.624577	0.622780	0.538970	0.653649	0.075155	0.629659	0.272873	0.621277	0.170226	0.484429	0.620462	0.379518	0.650899	0.468927	0.490358	0.638140	0.612100	0.163278	0.641350	0.542297	0.539276	0.368746	0.485364	0.283892	0.638505	0.072434	0.420121	0.615556	0.614583	0.629750	0.531250	0.428230	0.550282	0.510870	0.637409	0.634238	0.617647	0.295037	0.632207	0.454936	0.636576	0.640777	0.640548	0.650554	0.651208	0.643494	0.598999	0.629160	0.647160	0.253247	0.611422	0.619433	0.509645	0.611354	0.489740	0.533711	0.346203	0.623722	0.497937	0.610143	0.617341	0.350489	0.582524	0.281150	0.567314	0.589760	0.603732	0.610577	0.610995	0.663498	0.622530	0.574186	0.608877	0.649903	0.631927	0.548694	0.311433	0.554580	0.623742	0.635721	0.566845	0.559203	0.622711	0.335935	0.638978	0.510799	0.640523	0.664137	0.645270	0.650046	0.609645	0.483240	0.284055	0.616959	0.639835	0.594486	0.636183	0.635762	0.612121	0.654155	0.648995	0.478768	0.603645	0.654773	0.650759	0.641593	0.393683	0.575032	0.648540	0.628135	0.470050	0.583630	0.553299	0.627907	0.302839	0.580171	0.581795	0.651956	0.222728	0.588910	0.619048	0.362253	0.451799	0.594533	0.413018	0.568019	0.613636	0.531317	0.637860	0.628215	0.624018	0.334365	0.631685	0.258900	0.627100	0.600928	0.295767	0.654261	0.611987	0.652308	0.583867	0.544980	0.618587	0.610436	0.485095	0.431884	0.645455	0.575412	0.644099	0.233203	0.633166	0.636993	0.582619	0.633880	0.585518	0.151528	0.556833	0.451149	0.611642	0.392387	0.603221	0.629087	0.644799	0.582339	0.579926	0.568528	0.556522	0.627494	0.624315	0.512924	0.048521	0.414520	0.606818	0.569667	0.608630	0.646279	0.634340	0.308176	0.657143	0.557717	0.598143	0.566967	0.605917	0.640592	0.617813	0.613010	0.238953	0.651564	0.385222	0.595685	0.642162	0.589396	0.571072	0.302839	0.523490	0.414710	0.412371	0.627273	0.575439	0.633212	0.553137	0.635434	0.585067	0.556701	0.542609	0.635193	0.504110	0.544747	0.634429	0.186482	0.579926	0.261864	0.248959	0.518219	0.620690	0.642402	0.637527	0.457143	0.621160	0.640073	0.640873	0.656769	0.640875	0.599515	0.527851	0.579302	0.563776	0.624535	0.638672	0.655525	0.478322	0.615561	0.185517	0.619910	0.617910	0.642097	0.640496	0.655738	0.645367	0.281150	0.430233	0.624460	0.635815	0.400896	0.642220	0.582740	0.571429	0.614137	0.655674	0.640793	0.564848	0.644272	0.638889	0.444633	0.436047	0.567500	0.372163	0.553247	0.394573	0.618834	0.562189	0.641975	0.658487	0.587933	0.654344	0.503727	0.648515	0.635815	0.323988	0.597734	0.636535	0.654959	0.628803	0.637490	0.562347	0.448571	0.328449	0.644463	0.638158	0.601852	0.628781	0.332715	0.642292	0.517834	0.303269	0.628249	0.626891	0.513514	0.638978	0.430881	0.199149	0.140893	0.453760	0.645594	0.510870	0.614880	0.645951	0.642741	0.423358	0.318750	0.636955	0.584242	0.573217	0.621648	0.595794	0.577065	0.562738	0.642162	0.191597	0.625866	0.201800	0.640674	0.520584	0.629080	0.593679	0.651007	0.635441	0.527496	0.531375	0.547588	0.582915	0.526455	0.620787	0.628959	0.491132	0.623583	0.617886	0.635645	0.169182	0.567127	0.637704	0.659636	0.279553	0.478180	0.631579	0.095390	0.638116	0.434153	0.504775	0.639442	0.454702	0.639399	0.513391	0.614486	0.033510	0.636826	0.603099	0.498645	0.563452	0.643006	0.575610	0.600295	0.490476	0.500000	0.603974	0.637070	0.621236	0.506190	0.638743	0.416925	0.613694	0.407590	0.580822	0.610130	0.532982	0.632588	0.426901	0.580262	0.584049	0.634656	0.638049	0.509485	0.570717	0.525760	0.384384	0.599444	0.547619	0.582716	0.372163	0.222222	0.596808	0.412371	0.565657	0.528402	0.645817	0.624230	0.586340	0.446414	0.587814	0.476323	0.572509	0.302332	0.458037	0.426277	0.472067	0.633514	0.615167	0.637979	0.649376	0.600555	0.646905	0.624852	0.640304	0.641264	0.614872	0.597839	0.647177	0.572999	0.236066	0.448276	0.596154	0.632497	1.000000	
