1.000000	0.587933	0.648980	0.540299	0.582996	0.614094	0.636260	0	0.523810	0.480127	0.617958	0.634981	0.576779	0.628337	0.632883	0.529154	0.582633	0.628571	0.613333	0.557300	0.474737	0.550143	0.574834	0.497935	0.452033	0.542438	0.615960	0.570790	0.571429	0.633918	0.635183	0.632804	0.636686	0.464926	0.549153	0.659506	0.597964	0.269871	0.622549	0.591373	0.545103	0.620690	0.633369	0.575305	0.613497	0.574982	0.585695	0.217143	0	0.540930	0.572886	0.411190	0.636929	0.606369	0.626866	0	0	0.376508	0.446634	0.605825	0.276514	0.590432	0.626781	0.601274	0.606111	0.580913	0.629738	0.573840	0.528580	0.626812	0.525672	0.298755	0.551020	0.598227	0.605096	0.512821	0.596570	0.637363	0.363636	0.626556	0.531947	0.148808	0.177879	0.513947	0.577657	0.629812	0.597015	0.513932	0.587258	0.545455	0.379592	0.605701	0.083497	0.445312	0.567396	0.623223	0.501718	0.473430	0.482540	0.635394	0.632558	0.646484	0.625767	0.649789	0.621984	0	0.563961	0.379820	0.564327	0	0.643192	0.618812	0.539987	0.625899	0.516854	0.352808	0.583333	0.610687	0.608273	0.481799	0.285714	0.616760	0.637168	0.530086	0.520124	0	0.528529	0.438356	0.614428	0	0.576000	0	0	0.569207	0	0.450246	0.585827	0.525680	0.634038	0.640089	0.601639	0.340426	0.639198	0.433678	0.196144	0.562590	0.642934	0.364912	0.645224	0.610442	0.568928	0.456311	0	0.642276	0.550459	0.617761	0.626238	0.568586	0.531901	0.639908	0.638528	0.588542	0.358758	0.632588	0.612863	0.491582	0.606711	0.626066	0.526946	0.636943	0.547307	0.375000	0.592411	0.634093	0.626974	0.308097	0.637993	0.627660	0.568571	0.658254	0.545332	0.453202	0.556671	0.556041	0.065698	0.307414	0.623656	0.621404	0.638767	0.547908	0.464516	0.618370	0.149736	0.513595	0.638528	0.640324	0.507837	0.205986	0.363636	0.509259	0	0.581273	0.143558	0.637813	0.496051	0.602410	0.648521	0.500292	0.640936	0.648472	0.627607	0.291953	0.608609	0.631300	0.237383	0.609819	0.383437	0.619339	0.616867	0.612091	0.575843	0.571429	0.632367	0.295828	0.383921	0.587444	0.638171	0.576871	0	0.646421	0.577908	0.266667	0.042341	0.261672	0.614472	0	0.616071	
0.587933	1.000000	0.592953	0.580897	0.613014	0.527536	0.597222	0	0.609709	0.538136	0.551583	0.578771	0.480475	0.575275	0.590971	0.428373	0.585278	0.609137	0.622754	0.481647	0.356856	0.624769	0.615385	0.391417	0.558952	0.431206	0.582946	0.482700	0.593002	0.616046	0.591304	0.583756	0.622093	0.346325	0.459788	0.607235	0.607313	0.375000	0.610015	0.511628	0.435842	0.608187	0.614796	0.641379	0.548780	0.482645	0.616438	0.309783	0	0.437956	0.479012	0.296897	0.589839	0.605096	0.553971	0	0	0.267067	0.526549	0.563574	0.192689	0.620000	0.582589	0.589172	0.519924	0.607774	0.557339	0.631769	0.420408	0.565998	0.413793	0.209005	0.620038	0.491228	0.520473	0.581028	0.488176	0.580569	0.257344	0.592317	0.604651	0.101419	0.121841	0.404450	0.623917	0.593458	0.593103	0.556237	0.644248	0.587549	0.271260	0.595620	0.056274	0.328926	0.469841	0.622999	0.388924	0.538793	0.558140	0.601793	0.553377	0.597463	0.632219	0.599241	0.546778	0	0.607018	0.272687	0.592030	0	0.598561	0.623656	0.438122	0.632201	0.402868	0.249199	0.498683	0.597774	0.533457	0.363530	0.385604	0.628726	0.605087	0.598891	0.572597	0	0.609037	0.317347	0.627512	0	0.634064	0	0	0.510186	0	0.332088	0.501348	0.586139	0.622642	0.621984	0.511759	0.447174	0.596491	0.315896	0.134778	0.468775	0.631169	0.258306	0.579977	0.603390	0.482702	0.550976	0	0.582830	0.460317	0.609677	0.620584	0.476800	0.427770	0.573427	0.604954	0.602291	0.253670	0.598465	0.610063	0.381538	0.615646	0.626506	0.583170	0.596178	0.584906	0.448687	0.621212	0.617801	0.618619	0.215897	0.623529	0.554068	0.611418	0.602015	0.451952	0.530973	0.588889	0.603774	0.044145	0.409091	0.534221	0.620787	0.607190	0.448302	0.531317	0.636364	0.102068	0.411215	0.589309	0.580723	0.557173	0.141783	0.462651	0.578411	0	0.500849	0.097753	0.613037	0.563025	0.600000	0.607558	0.396662	0.630372	0.584980	0.583529	0.204001	0.584323	0.544148	0.164289	0.529880	0.275465	0.609091	0.606241	0.631083	0.612613	0.480658	0.565789	0.206851	0.272687	0.477561	0.570082	0.608997	0	0.585621	0.482645	0.365535	0.028338	0.181871	0.603499	0	0.556594	
0.648980	0.592953	1.000000	0.535014	0.588535	0.627832	0.642780	0	0.519553	0.463596	0.638983	0.633212	0.598985	0.634578	0.637339	0.552776	0.567282	0.641052	0.621404	0.588771	0.501029	0.555256	0.578223	0.524439	0.430956	0.563625	0.619385	0.604618	0.548387	0.634038	0.628507	0.630940	0.616423	0.483726	0.572745	0.642051	0.604819	0.249573	0.625581	0.615618	0.570175	0.625989	0.639594	0.576184	0.639662	0.600992	0.585987	0.200351	0	0.570337	0.594633	0.436411	0.644841	0.615199	0.645816	0	0	0.403953	0.428790	0.631285	0.298629	0.612653	0.652689	0.598311	0.613546	0.576271	0.637465	0.564238	0.544584	0.639373	0.547619	0.322317	0.545205	0.603720	0.620000	0.506365	0.615162	0.643062	0.390374	0.640873	0.529986	0.161667	0.192989	0.548294	0.578406	0.641438	0.588988	0.481159	0.577023	0.531469	0.404972	0.616253	0.090990	0.473231	0.585900	0.619369	0.522905	0.448120	0.468843	0.631365	0.645219	0.638577	0.623981	0.651210	0.643164	0	0.565499	0.406930	0.530220	0	0.636161	0.600939	0.563783	0.635535	0.544092	0.378940	0.601493	0.595181	0.617071	0.507322	0.264407	0.628328	0.628692	0.544474	0.486957	0	0.521127	0.456270	0.625000	0	0.594458	0	0	0.592481	0	0.469624	0.607306	0.515581	0.634146	0.646251	0.613924	0.315789	0.636943	0.459908	0.212625	0.587169	0.652935	0.392488	0.644860	0.596713	0.586572	0.444109	0	0.653696	0.583162	0.609013	0.603286	0.588560	0.553165	0.622271	0.634298	0.586207	0.385978	0.634791	0.604540	0.514786	0.590621	0.619653	0.516854	0.661258	0.536252	0.348387	0.617886	0.638342	0.632065	0.332252	0.631101	0.643345	0.559140	0.653266	0.562296	0.425727	0.542510	0.533516	0.071653	0.284757	0.633679	0.628697	0.638655	0.566186	0.445783	0.602203	0.162669	0.527369	0.644628	0.636275	0.486804	0.223191	0.337662	0.491329	0	0.598985	0.156002	0.650759	0.469719	0.594185	0.629921	0.521887	0.636263	0.643750	0.647003	0.315077	0.634708	0.638298	0.256835	0.630705	0.412363	0.624855	0.627002	0.606205	0.563492	0.604520	0.636119	0.319202	0.410959	0.597685	0.636190	0.580231	0	0.631470	0.596740	0.246575	0.046230	0.282795	0.626832	0	0.637457	
0.540299	0.580897	0.535014	1.000000	0.610526	0.425486	0.569558	0	0.645320	0.639118	0.448276	0.496183	0.377923	0.505650	0.572347	0.303988	0.642857	0.536082	0.586762	0.390873	0.247246	0.638889	0.588957	0.282715	0.607450	0.310530	0.600746	0.375465	0.640553	0.590832	0.585198	0.521355	0.587219	0.239478	0.334160	0.559398	0.596154	0.501818	0.585455	0.398414	0.314152	0.563478	0.545185	0.598726	0.452571	0.366939	0.640000	0.440154	0	0.320381	0.365280	0.203424	0.535817	0.608863	0.458190	0	0	0.181982	0.583090	0.484293	0.129529	0.527919	0.490470	0.581888	0.423280	0.612691	0.495413	0.620225	0.296841	0.472554	0.294891	0.140914	0.623810	0.371324	0.408081	0.599496	0.375814	0.511565	0.175043	0.524355	0.609337	0.067065	0.080865	0.284708	0.615385	0.508701	0.649682	0.652632	0.635965	0.646914	0.184982	0.559028	0.036915	0.226712	0.350999	0.567474	0.272973	0.608451	0.626374	0.538690	0.482077	0.509235	0.612022	0.542522	0.454865	0	0.594360	0.186004	0.641148	0	0.600683	0.575646	0.311488	0.602113	0.283509	0.169250	0.386408	0.600000	0.411582	0.252185	0.500000	0.575517	0.536050	0.583333	0.647368	0	0.625000	0.218260	0.587361	0	0.574380	0	0	0.396078	0	0.229025	0.398406	0.606061	0.562401	0.558870	0.417191	0.590604	0.563291	0.217204	0.089658	0.357651	0.556732	0.175729	0.502632	0.632017	0.365611	0.573864	0	0.534819	0.350999	0.630137	0.571956	0.354075	0.306758	0.577558	0.534954	0.557769	0.172429	0.537890	0.611006	0.266491	0.638831	0.601802	0.592040	0.550296	0.636580	0.593548	0.584392	0.537405	0.610413	0.145743	0.591944	0.459397	0.668203	0.534307	0.330335	0.612245	0.612529	0.608076	0.028896	0.494774	0.426299	0.567164	0.570093	0.332237	0.621469	0.603550	0.067502	0.290857	0.550152	0.515950	0.645161	0.094437	0.568627	0.628272	0	0.376052	0.064599	0.571895	0.621253	0.636175	0.573402	0.278813	0.597623	0.550769	0.499325	0.137415	0.477490	0.460116	0.109872	0.442458	0.187994	0.617060	0.592199	0.594697	0.636771	0.365280	0.473225	0.139406	0.186004	0.376866	0.508108	0.588486	0	0.564024	0.366939	0.496350	0.018498	0.122018	0.568458	0	0.447307	
0.582996	0.613014	0.588535	0.610526	1.000000	0.515547	0.612903	0	0.612159	0.576037	0.524973	0.546091	0.456140	0.575096	0.606061	0.388571	0.620424	0.608000	0.638095	0.459685	0.320235	0.608350	0.621429	0.360000	0.571429	0.396501	0.626030	0.460331	0.629703	0.618182	0.598160	0.592000	0.609231	0.310580	0.420312	0.597826	0.636210	0.416185	0.618357	0.479630	0.402358	0.597523	0.592493	0.605166	0.534884	0.452218	0.637363	0.345455	0	0.406907	0.453696	0.265435	0.587776	0.640678	0.531780	0	0	0.238324	0.555556	0.543713	0.171160	0.583082	0.550117	0.603390	0.498031	0.621212	0.553957	0.662791	0.381285	0.547855	0.377516	0.185841	0.635438	0.464193	0.490104	0.619658	0.464223	0.573201	0.229508	0.598179	0.602510	0.089582	0.107756	0.366443	0.619666	0.567237	0.605166	0.616408	0.629981	0.630252	0.242129	0.618238	0.049569	0.294657	0.438625	0.616333	0.352031	0.582160	0.579310	0.592194	0.545455	0.569361	0.612903	0.602922	0.530303	0	0.612782	0.243424	0.638037	0	0.624049	0.626427	0.396199	0.622848	0.364973	0.222132	0.466848	0.642978	0.495183	0.326360	0.427350	0.608571	0.609309	0.624254	0.611973	0	0.607219	0.284079	0.633826	0	0.598198	0	0	0.467461	0	0.297548	0.478140	0.612420	0.605114	0.612994	0.493659	0.482385	0.617354	0.282755	0.119292	0.446862	0.612022	0.230380	0.575211	0.648551	0.445578	0.576832	0	0.593156	0.428805	0.642612	0.593801	0.442244	0.391931	0.605613	0.587106	0.635253	0.226181	0.583333	0.618729	0.344045	0.643636	0.629393	0.613108	0.607764	0.642276	0.509186	0.617363	0.603306	0.624204	0.192051	0.635514	0.533762	0.633663	0.589947	0.415765	0.574879	0.613546	0.638211	0.038856	0.446927	0.510848	0.617211	0.603086	0.418026	0.550588	0.626298	0.090159	0.371233	0.595336	0.583333	0.591422	0.125546	0.525199	0.591611	0	0.454386	0.086324	0.623719	0.579909	0.630435	0.606154	0.359211	0.618182	0.593620	0.573892	0.181335	0.567164	0.538462	0.145678	0.511387	0.245946	0.614148	0.607874	0.617696	0.638298	0.451997	0.549199	0.183900	0.243424	0.460192	0.572133	0.607407	0	0.594223	0.459044	0.411594	0.024919	0.161443	0.608025	0	0.531892	
0.614094	0.527536	0.627832	0.425486	0.515547	1.000000	0.596646	0	0.428879	0.363842	0.646552	0.633028	0.634821	0.616260	0.587413	0.608320	0.488660	0.619484	0.562442	0.619608	0.572356	0.463312	0.518299	0.574065	0.337543	0.614372	0.563327	0.629537	0.470711	0.581458	0.567543	0.612823	0.579473	0.561340	0.628538	0.618366	0.541267	0.183187	0.559701	0.633573	0.615044	0.568824	0.616541	0.501511	0.635648	0.624769	0.515547	0.145967	0	0.624790	0.641278	0.527113	0.616393	0.549472	0.642294	0	0	0.493800	0.326012	0.618974	0.396594	0.567835	0.631016	0.539866	0.633947	0.496425	0.631907	0.483971	0.609665	0.639706	0.609937	0.421363	0.454352	0.636025	0.634921	0.417845	0.631183	0.622116	0.486219	0.616393	0.428418	0.221204	0.262414	0.597630	0.498990	0.616233	0.497482	0.394678	0.490798	0.433657	0.495935	0.571949	0.126286	0.551215	0.626420	0.569091	0.591409	0.348917	0.365688	0.614740	0.631104	0.628125	0.562092	0.612957	0.644364	0	0.496439	0.493690	0.446809	0	0.579422	0.546992	0.614623	0.566972	0.598870	0.476452	0.640464	0.541267	0.650101	0.582863	0.194514	0.596003	0.608621	0.465409	0.390244	0	0.422993	0.541930	0.566038	0	0.512922	0	0	0.621271	0	0.556430	0.627785	0.416122	0.597403	0.591890	0.634146	0.234146	0.590988	0.550798	0.287987	0.629405	0.608622	0.494860	0.639626	0.512463	0.625691	0.343249	0	0.624194	0.621638	0.540174	0.560150	0.627781	0.614464	0.586879	0.600000	0.539062	0.484468	0.609205	0.547188	0.576055	0.511489	0.568245	0.428571	0.629382	0.447508	0.259615	0.555452	0.599830	0.559778	0.429265	0.576395	0.643064	0.470711	0.618061	0.612034	0.326012	0.461700	0.455992	0.099841	0.210136	0.648464	0.588444	0.599656	0.612198	0.347032	0.530612	0.222530	0.590267	0.600000	0.619469	0.380313	0.301667	0.251208	0.398230	0	0.628536	0.213695	0.599647	0.371204	0.508475	0.572207	0.590563	0.576058	0.605802	0.615994	0.415945	0.613546	0.644557	0.344844	0.633733	0.501685	0.559180	0.561694	0.556190	0.481405	0.630221	0.636981	0.418713	0.504083	0.627353	0.619651	0.502523	0	0.611205	0.639556	0.180905	0.064753	0.377772	0.564149	0	0.640988	
0.636260	0.597222	0.642780	0.569558	0.612903	0.596646	1.000000	0	0.557912	0.512281	0.601671	0.624371	0.551724	0.631694	0.644150	0.498698	0.592366	0.643341	0.650131	0.546502	0.437806	0.579030	0.594828	0.464548	0.485612	0.510610	0.629879	0.544037	0.583463	0.633166	0.629442	0.623025	0.638677	0.428722	0.519774	0.646789	0.624484	0.302905	0.623514	0.567434	0.514401	0.626598	0.628118	0.587021	0.597043	0.553517	0.621701	0.244635	0	0.517711	0.548363	0.372093	0.634254	0.639118	0.605556	0	0	0.337042	0.483636	0.615860	0.245941	0.601504	0.617706	0.597796	0.597222	0.596386	0.624742	0.592025	0.493622	0.600957	0.487001	0.266103	0.564593	0.566795	0.583124	0.566225	0.556942	0.626327	0.325249	0.625414	0.550489	0.131279	0.157217	0.484625	0.592593	0.628931	0.613569	0.548552	0.594268	0.568627	0.342116	0.623244	0.073357	0.408245	0.533137	0.616561	0.467101	0.498221	0.514886	0.632537	0.608268	0.621762	0.648148	0.627672	0.611321	0	0.577844	0.343842	0.576000	0	0.640605	0.627503	0.507979	0.632258	0.480392	0.315343	0.559418	0.627235	0.599659	0.446656	0.320329	0.636364	0.615385	0.557121	0.531516	0	0.546952	0.395530	0.633557	0	0.593343	0	0	0.552567	0	0.412988	0.561519	0.550580	0.642857	0.627962	0.582257	0.376238	0.643623	0.392840	0.173562	0.543952	0.645161	0.326417	0.632885	0.613372	0.547256	0.483005	0	0.637838	0.540501	0.621170	0.600801	0.540059	0.501312	0.632226	0.601156	0.595205	0.320784	0.636364	0.626703	0.458503	0.620991	0.635171	0.548440	0.634202	0.576433	0.410058	0.630607	0.619490	0.636126	0.274589	0.627249	0.602432	0.580343	0.645740	0.524476	0.483636	0.583072	0.554140	0.057654	0.344130	0.598261	0.632099	0.640754	0.525650	0.491979	0.621849	0.132106	0.492481	0.640462	0.640086	0.531952	0.182386	0.397661	0.529711	0	0.568966	0.126606	0.647131	0.522648	0.607558	0.636132	0.477053	0.648241	0.623104	0.616034	0.259930	0.600000	0.615672	0.210608	0.622505	0.347199	0.630607	0.614786	0.623129	0.597243	0.543793	0.603960	0.263446	0.343842	0.558249	0.633580	0.606509	0	0.632677	0.555046	0.299376	0.037103	0.232518	0.622449	0	0.608860	
0	0	0	0	0	0	0	0	0	0	0	0	0	0	0	0	0	0	0	0	0	0	0	0	0	0	0	0	0	0	0	0	0	0	0	0	0	0	0	0	0	0	0	0	0	0	0	0	0	0	0	0	0	0	0	0	0	0	0	0	0	0	0	0	0	0	0	0	0	0	0	0	0	0	0	0	0	0	0	0	0	0	0	0	0	0	0	0	0	0	0	0	0	0	0	0	0	0	0	0	0	0	0	0	0	0	0	0	0	0	0	0	0	0	0	0	0	0	0	0	0	0	0	0	0	0	0	0	0	0	0	0	0	0	0	0	0	0	0	0	0	0	0	0	0	0	0	0	0	0	0	0	0	0	0	0	0	0	0	0	0	0	0	0	0	0	0	0	0	0	0	0	0	0	0	0	0	0	0	0	0	0	0	0	0	0	0	0	0	0	0	0	0	0	0	0	0	0	0	0	0	0	0	0	0	0	0	0	0	0	0	0	0	0	0	0	0	0	0	0	0	0	0	0	0	0	0	0	0	0	0	0	0	0	0	0	0
0.523810	0.609709	0.519553	0.645320	0.612159	0.428879	0.557912	0	1.000000	0.591781	0.451835	0.497462	0.377218	0.509859	0.554487	0.306536	0.595556	0.537445	0.595365	0.388119	0.249389	0.654378	0.598778	0.285115	0.592593	0.313124	0.583643	0.378479	0.637615	0.578680	0.572899	0.528634	0.567986	0.241563	0.336912	0.542729	0.593870	0.476534	0.579710	0.403561	0.316770	0.558059	0.534712	0.613108	0.446978	0.369900	0.607966	0.413793	0	0.323040	0.368231	0.205231	0.531429	0.602687	0.445714	0	0	0.183618	0.608696	0.485640	0.130727	0.543002	0.486692	0.552783	0.422386	0.605664	0.499346	0.621924	0.299340	0.476190	0.297376	0.142210	0.625592	0.374312	0.409274	0.636591	0.378830	0.507463	0.176623	0.520000	0.601467	0.067707	0.081633	0.287122	0.604255	0.504673	0.600423	0.617801	0.620087	0.619165	0.186642	0.550173	0.037274	0.228700	0.353859	0.579310	0.275304	0.599440	0.601093	0.545994	0.473490	0.515789	0.566243	0.546784	0.446784	0	0.596112	0.187672	0.614286	0	0.571429	0.580882	0.314088	0.596491	0.285915	0.170783	0.393411	0.613027	0.416925	0.254364	0.517730	0.567353	0.546875	0.599078	0.638743	0	0.636816	0.220183	0.596296	0	0.613169	0	0	0.395303	0	0.231031	0.399602	0.633166	0.557480	0.547731	0.422594	0.533333	0.570978	0.219119	0.090506	0.360568	0.552036	0.177314	0.488189	0.608696	0.368564	0.598870	0	0.525000	0.353859	0.612086	0.573529	0.356955	0.309325	0.565789	0.530303	0.587302	0.173987	0.536296	0.570888	0.268775	0.627859	0.574506	0.603960	0.539823	0.600473	0.544872	0.737794	0.554033	0.604651	0.147080	0.582897	0.458333	0.633028	0.526929	0.333061	0.631884	0.591224	0.614657	0.029178	0.512111	0.427513	0.571901	0.568323	0.334975	0.612360	0.616896	0.068148	0.293314	0.618182	0.511757	0.625668	0.095327	0.545455	0.635417	0	0.380952	0.065217	0.550489	0.617886	0.612836	0.564544	0.281185	0.571912	0.530675	0.503365	0.138681	0.487075	0.459054	0.110900	0.439242	0.189679	0.611212	0.579505	0.581132	0.620536	0.368231	0.484472	0.140690	0.187672	0.374302	0.504043	0.581741	0	0.547112	0.369900	0.456522	0.018680	0.123151	0.552677	0	0.455607	
0.480127	0.538136	0.463596	0.639118	0.576037	0.363842	0.512281	0	0.591781	1.000000	0.388420	0.426846	0.313230	0.449775	0.523236	0.250000	0.624079	0.485893	0.536680	0.332989	0.202134	0.593350	0.575893	0.231988	0.636364	0.255556	0.561616	0.311111	0.610687	0.532847	0.533333	0.489028	0.539033	0.195626	0.275685	0.490385	0.576200	0.547009	0.561886	0.332645	0.258635	0.531835	0.479495	0.590698	0.386091	0.303774	0.603687	0.495413	0	0.263934	0.302347	0.165553	0.480974	0.569038	0.384615	0	0	0.147774	0.629139	0.439834	0.104613	0.512727	0.428954	0.556485	0.356195	0.610577	0.432133	0.603960	0.243939	0.401506	0.242287	0.113942	0.559367	0.307545	0.339305	0.612360	0.311412	0.440922	0.142038	0.474886	0.622951	0.053819	0.064985	0.233672	0.604215	0.447592	0.595349	0.648968	0.607229	0.637363	0.150257	0.538318	0.029533	0.184951	0.290090	0.532588	0.223767	0.643312	0.637771	0.494453	0.416667	0.443515	0.566929	0.489860	0.394089	0	0.576190	0.151103	0.610080	0	0.543119	0.546906	0.256369	0.542694	0.232659	0.137255	0.325581	0.559499	0.347732	0.206278	0.569038	0.517007	0.489112	0.598465	0.637168	0	0.635097	0.177901	0.555332	0	0.550790	0	0	0.328907	0	0.186883	0.334372	0.619718	0.516892	0.503356	0.352683	0.568093	0.507614	0.177020	0.072116	0.297322	0.496774	0.142604	0.439499	0.577273	0.302632	0.630225	0	0.460857	0.290090	0.591489	0.534930	0.292727	0.252351	0.516814	0.482982	0.533623	0.139878	0.481013	0.584362	0.218305	0.607306	0.544747	0.626039	0.488189	0.642105	0.617100	0.549020	0.498371	0.558140	0.117906	0.607547	0.392205	0.625954	0.478261	0.272420	0.642384	0.605128	0.600000	0.023099	0.560976	0.356984	0.533808	0.502496	0.274043	0.626198	0.566524	0.054172	0.238872	0.492707	0.455882	0.622356	0.075997	0.633962	0.645161	0	0.313230	0.051827	0.521891	0.638037	0.622727	0.535316	0.228693	0.529197	0.502463	0.445714	0.111073	0.453757	0.390777	0.088559	0.377049	0.152751	0.564706	0.554493	0.587269	0.627160	0.302347	0.412073	0.112706	0.151103	0.312318	0.446352	0.588785	0	0.491057	0.303774	0.549356	0.014771	0.098471	0.511194	0	0.393604	
0.617958	0.551583	0.638983	0.448276	0.524973	0.646552	0.601671	0	0.451835	0.388420	1.000000	0.634185	0.607166	0.626917	0.612132	0.601671	0.505470	0.618341	0.569756	0.632293	0.560000	0.489978	0.540314	0.566755	0.360736	0.603282	0.572854	0.634241	0.484444	0.599052	0.578797	0.637555	0.602871	0.547144	0.624478	0.613616	0.555781	0.197031	0.578740	0.621017	0.606164	0.597502	0.602980	0.531483	0.627890	0.622846	0.524973	0.157241	0	0.614939	0.625954	0.512235	0.620275	0.556345	0.649739	0	0	0.475800	0.348578	0.639024	0.372664	0.601703	0.636872	0.560406	0.635011	0.513543	0.634662	0.496158	0.596606	0.641104	0.606754	0.399640	0.471783	0.639640	0.649725	0.444959	0.634653	0.617818	0.470079	0.634021	0.458190	0.205855	0.244599	0.598408	0.522484	0.629843	0.518677	0.420804	0.501085	0.452354	0.477736	0.573896	0.117090	0.536477	0.636982	0.584291	0.564234	0.372716	0.390361	0.632689	0.640000	0.637255	0.589163	0.630662	0.647460	0	0.528587	0.482942	0.475113	0	0.596958	0.569444	0.604651	0.589942	0.583818	0.450053	0.637701	0.557809	0.653175	0.558027	0.209115	0.597260	0.619565	0.485523	0.418440	0	0.445727	0.523090	0.589641	0	0.520000	0	0	0.625841	0	0.544395	0.635374	0.438515	0.616924	0.609248	0.636620	0.251309	0.617486	0.525365	0.268705	0.627673	0.617569	0.469439	0.647635	0.536431	0.630172	0.366748	0	0.630068	0.632035	0.556807	0.587302	0.619788	0.611329	0.598881	0.622776	0.549587	0.460662	0.625110	0.572004	0.573158	0.531217	0.583741	0.451613	0.642732	0.484780	0.278351	0.566372	0.624442	0.574780	0.407041	0.595950	0.629518	0.493333	0.618593	0.619301	0.348578	0.486065	0.475761	0.092476	0.225764	0.643009	0.600561	0.617329	0.625446	0.370732	0.550874	0.207100	0.584367	0.610320	0.645324	0.403341	0.281619	0.269430	0.422170	0	0.629316	0.198810	0.593692	0.393758	0.538543	0.585646	0.577546	0.602844	0.616487	0.634631	0.391662	0.618849	0.649136	0.322472	0.631888	0.481836	0.576205	0.586408	0.577465	0.500000	0.625954	0.611505	0.397146	0.484458	0.628088	0.631841	0.521925	0	0.613191	0.620294	0.194595	0.059894	0.353720	0.584851	0	0.639394	
0.634981	0.578771	0.633212	0.496183	0.546091	0.633028	0.624371	0	0.497462	0.426846	0.634185	1.000000	0.602343	0.634862	0.635458	0.570427	0.546988	0.633365	0.603613	0.605755	0.530754	0.508600	0.555683	0.547764	0.402189	0.587047	0.605664	0.610425	0.522059	0.617920	0.616822	0.627710	0.613944	0.520058	0.602137	0.649475	0.592018	0.222222	0.600858	0.622574	0.589928	0.610240	0.639546	0.539273	0.641209	0.619016	0.557760	0.177847	0	0.581862	0.606183	0.470439	0.637037	0.579356	0.637450	0	0	0.438893	0.386207	0.624782	0.333619	0.589928	0.648417	0.572697	0.623964	0.531585	0.637555	0.532044	0.582903	0.650820	0.577626	0.358880	0.496259	0.628571	0.628280	0.482670	0.623198	0.641003	0.426766	0.635185	0.496831	0.182329	0.217181	0.570794	0.545882	0.639504	0.558030	0.454068	0.534606	0.490470	0.441933	0.611691	0.103126	0.509242	0.601435	0.604167	0.557465	0.407056	0.426273	0.624288	0.653233	0.638596	0.595059	0.629699	0.628340	0	0.531435	0.439311	0.505000	0	0.632231	0.577922	0.581298	0.612632	0.570006	0.417479	0.618980	0.587583	0.646405	0.534274	0.235650	0.631058	0.619608	0.508600	0.448819	0	0.473146	0.498880	0.591304	0	0.542725	0	0	0.604850	0	0.508854	0.619048	0.467866	0.624631	0.624141	0.640719	0.282353	0.633136	0.497770	0.238953	0.613546	0.617450	0.432674	0.653240	0.565469	0.610625	0.403270	0	0.640000	0.598826	0.582307	0.584416	0.610637	0.587404	0.641700	0.611538	0.554299	0.425688	0.631280	0.596260	0.547945	0.559814	0.606190	0.479592	0.638941	0.503113	0.312139	0.615220	0.617165	0.598509	0.370323	0.610703	0.641479	0.526961	0.627929	0.589408	0.388966	0.521525	0.500623	0.081320	0.254111	0.650566	0.611168	0.630859	0.598248	0.407609	0.571429	0.183446	0.570299	0.625000	0.632820	0.442971	0.250644	0.302326	0.452880	0	0.623019	0.176010	0.623742	0.429907	0.563152	0.616025	0.560350	0.613800	0.625969	0.630454	0.351595	0.624215	0.638332	0.287756	0.634299	0.441723	0.610932	0.600423	0.591209	0.531401	0.599462	0.639662	0.356098	0.450274	0.631362	0.636364	0.533490	0	0.633911	0.623061	0.219512	0.052561	0.316274	0.598540	0	0.621359	
0.576779	0.480475	0.598985	0.377923	0.456140	0.634821	0.551724	0	0.377218	0.313230	0.607166	0.602343	1.000000	0.597232	0.559441	0.609829	0.425876	0.577381	0.517974	0.588165	0.588082	0.412033	0.457539	0.617001	0.289941	0.633774	0.509575	0.629523	0.414923	0.534290	0.547352	0.565476	0.535370	0.589286	0.610459	0.581955	0.497890	0.155319	0.511934	0.635603	0.628396	0.511290	0.589552	0.436620	0.646753	0.646659	0.461404	0.123377	0	0.619938	0.618859	0.559034	0.581071	0.503378	0.617685	0	0	0.531023	0.279762	0.575227	0.442389	0.504777	0.603306	0.483108	0.644720	0.433155	0.588235	0.427027	0.621915	0.616101	0.624079	0.456399	0.400000	0.634341	0.632024	0.361582	0.637931	0.601429	0.517995	0.586941	0.376866	0.259232	0.306306	0.622841	0.439541	0.603399	0.454225	0.340670	0.442462	0.377570	0.534925	0.520548	0.149367	0.577033	0.607930	0.521319	0.620047	0.300000	0.314869	0.565445	0.622795	0.607168	0.514003	0.580549	0.608696	0	0.431616	0.522383	0.395199	0	0.540368	0.508699	0.620795	0.522303	0.623923	0.526212	0.614749	0.506329	0.623775	0.611381	0.165079	0.548686	0.541827	0.402917	0.340670	0	0.369953	0.581081	0.502078	0	0.469974	0	0	0.598220	0	0.594483	0.617136	0.365693	0.551618	0.556068	0.630019	0.199377	0.572089	0.580594	0.335332	0.609279	0.570136	0.535762	0.602105	0.460733	0.619209	0.294985	0	0.588576	0.607930	0.488095	0.493786	0.629014	0.624622	0.550747	0.565382	0.462725	0.533910	0.566517	0.500000	0.599725	0.466783	0.518033	0.369260	0.575690	0.397790	0.221538	0.506579	0.551515	0.513912	0.483561	0.521036	0.626064	0.413103	0.592593	0.618644	0.279762	0.403285	0.392265	0.118394	0.178571	0.641791	0.550473	0.572303	0.626263	0.298332	0.474403	0.260752	0.630964	0.578987	0.580087	0.327869	0.350799	0.214212	0.343840	0	0.626298	0.250614	0.555991	0.319767	0.458988	0.527331	0.618732	0.542265	0.571863	0.586060	0.467129	0.557940	0.627451	0.394288	0.633333	0.527363	0.516447	0.522376	0.481140	0.419442	0.630152	0.628065	0.461409	0.543532	0.635579	0.609253	0.437390	0	0.576836	0.650057	0.153355	0.077050	0.432596	0.533011	0	0.606978	
0.628337	0.575275	0.634578	0.505650	0.575096	0.616260	0.631694	0	0.509859	0.449775	0.626917	0.634862	0.597232	1.000000	0.639309	0.546234	0.561170	0.642930	0.616454	0.586890	0.495356	0.535326	0.562421	0.517023	0.431853	0.564486	0.614286	0.594203	0.542005	0.624860	0.625989	0.622584	0.638732	0.484179	0.567085	0.633643	0.614078	0.252159	0.615925	0.592536	0.559748	0.618885	0.629213	0.544516	0.631043	0.600712	0.593068	0.202487	0	0.555911	0.585816	0.434934	0.632735	0.595383	0.628717	0	0	0.398574	0.426584	0.631086	0.295647	0.576536	0.634280	0.583232	0.616493	0.551905	0.631678	0.555407	0.556156	0.628722	0.543608	0.319142	0.530387	0.604885	0.622875	0.493581	0.594634	0.648701	0.387443	0.640719	0.517581	0.159924	0.190943	0.543239	0.569948	0.639391	0.580645	0.485380	0.560526	0.513399	0.404341	0.618182	0.089972	0.471716	0.584192	0.614512	0.521300	0.443096	0.458084	0.633197	0.627134	0.621469	0.609613	0.640974	0.627485	0	0.543791	0.403877	0.537396	0	0.617978	0.614657	0.558401	0.614679	0.545980	0.375325	0.598201	0.606796	0.613690	0.500525	0.267123	0.623794	0.619958	0.524457	0.482456	0	0.502841	0.454756	0.598575	0	0.573604	0	0	0.587613	0	0.471954	0.605505	0.491429	0.633938	0.637620	0.610493	0.318937	0.630342	0.457486	0.210395	0.586835	0.619689	0.388782	0.644737	0.580892	0.580554	0.432927	0	0.636008	0.573196	0.591411	0.576832	0.591003	0.556447	0.630769	0.623701	0.573201	0.382320	0.630502	0.599278	0.513187	0.579821	0.600698	0.492918	0.653061	0.535172	0.348534	0.603509	0.625652	0.622532	0.328999	0.628571	0.626072	0.533875	0.639029	0.578913	0.426584	0.546939	0.524138	0.070844	0.287648	0.631917	0.619625	0.630021	0.573684	0.446809	0.589396	0.160916	0.529238	0.623701	0.640000	0.470414	0.220864	0.334426	0.478134	0	0.594319	0.154315	0.631004	0.456036	0.568153	0.613817	0.525956	0.629339	0.645702	0.622010	0.311961	0.624879	0.636441	0.254207	0.627189	0.403587	0.624561	0.594470	0.591346	0.557333	0.587234	0.625113	0.316052	0.406300	0.598837	0.655172	0.543338	0	0.633333	0.606406	0.249135	0.045701	0.279945	0.608400	0	0.611399	
0.632883	0.590971	0.637339	0.572347	0.606061	0.587413	0.644150	0	0.554487	0.523236	0.612132	0.635458	0.559441	0.639309	1.000000	0.501616	0.621622	0.639911	0.628057	0.556281	0.444924	0.566154	0.585573	0.482089	0.486772	0.522712	0.649867	0.559505	0.585890	0.631970	0.653317	0.630992	0.644918	0.433596	0.532586	0.640997	0.626016	0.296146	0.627604	0.568867	0.518617	0.607818	0.647256	0.571843	0.609332	0.554966	0.617605	0.238994	0	0.516565	0.545317	0.381125	0.661572	0.618725	0.603116	0	0	0.344545	0.463458	0.604888	0.251723	0.588381	0.622886	0.610583	0.593293	0.583704	0.621814	0.588235	0.502850	0.615530	0.497481	0.272285	0.573668	0.575804	0.597682	0.520325	0.570766	0.631689	0.332542	0.639738	0.553600	0.134572	0.161105	0.493586	0.594752	0.627979	0.621190	0.535117	0.611276	0.568218	0.349709	0.629723	0.075255	0.417000	0.547845	0.625628	0.475854	0.495637	0.508591	0.633708	0.644596	0.637295	0.631030	0.642222	0.608777	0	0.568483	0.351464	0.594340	0	0.651741	0.610526	0.517492	0.643766	0.490566	0.322457	0.564103	0.650407	0.595781	0.451648	0.313253	0.623377	0.607477	0.547692	0.528428	0	0.543689	0.405027	0.624339	0	0.569801	0	0	0.562197	0	0.421796	0.577741	0.537459	0.646298	0.640936	0.597270	0.372093	0.661176	0.404235	0.177815	0.549925	0.632537	0.333731	0.631902	0.615165	0.559335	0.470175	0	0.634615	0.539080	0.622771	0.594737	0.544518	0.510749	0.655340	0.630137	0.575000	0.327997	0.632997	0.630872	0.469435	0.614060	0.633894	0.529032	0.648770	0.557121	0.409091	0.624187	0.627721	0.632258	0.280936	0.631179	0.612963	0.592025	0.648948	0.520472	0.459893	0.579353	0.572770	0.059159	0.336634	0.606374	0.638246	0.644186	0.536960	0.472028	0.606897	0.135418	0.499067	0.623288	0.630458	0.532203	0.186833	0.389313	0.520000	0	0.559441	0.129790	0.638554	0.512821	0.618026	0.637390	0.482304	0.641884	0.642857	0.629823	0.265991	0.590957	0.618652	0.215661	0.612758	0.352345	0.660598	0.624041	0.619303	0.584337	0.554381	0.622919	0.269576	0.351464	0.568992	0.643006	0.596798	0	0.643021	0.559515	0.292683	0.038081	0.238028	0.638994	0	0.589552	
0.529154	0.428373	0.552776	0.303988	0.388571	0.608320	0.498698	0	0.306536	0.250000	0.601671	0.570427	0.609829	0.546234	0.501616	1.000000	0.358339	0.539900	0.470350	0.623901	0.647909	0.338983	0.404526	0.607477	0.230769	0.635220	0.444901	0.629685	0.341428	0.494055	0.470120	0.539900	0.477394	0.625574	0.644799	0.524528	0.431834	0.121667	0.456949	0.630817	0.633198	0.474667	0.546250	0.385387	0.598889	0.614018	0.388571	0.096284	0	0.648673	0.630231	0.605977	0.543438	0.434903	0.604004	0	0	0.597774	0.222397	0.573120	0.524233	0.497361	0.580607	0.433518	0.611765	0.369030	0.568720	0.354745	0.652668	0.594441	0.643137	0.541667	0.324164	0.636860	0.621410	0.295008	0.627000	0.560241	0.591401	0.553296	0.307808	0.324363	0.377977	0.639932	0.381910	0.562201	0.382521	0.272797	0.367849	0.305263	0.574461	0.479680	0.189906	0.617658	0.640655	0.485695	0.624532	0.239063	0.251358	0.536005	0.575548	0.570410	0.457259	0.541381	0.609674	0	0.373737	0.591540	0.321668	0	0.480477	0.453988	0.654365	0.474213	0.640000	0.570048	0.633248	0.431834	0.632135	0.622082	0.129461	0.513514	0.516955	0.338983	0.272797	0	0.298868	0.609510	0.449761	0	0.400284	0	0	0.638560	0	0.614355	0.615863	0.293717	0.518614	0.516005	0.607770	0.156991	0.509955	0.621185	0.408396	0.644217	0.530895	0.594913	0.572107	0.396871	0.625616	0.234926	0	0.552648	0.651252	0.423398	0.453988	0.631171	0.645852	0.492489	0.529375	0.419061	0.580783	0.541927	0.436639	0.629250	0.390313	0.463514	0.301432	0.540912	0.325409	0.174899	0.463415	0.535443	0.461538	0.532864	0.474599	0.613318	0.341428	0.532919	0.631285	0.222397	0.337758	0.325409	0.151214	0.140264	0.613490	0.489529	0.511806	0.639888	0.237686	0.423184	0.325615	0.626621	0.521794	0.554070	0.262143	0.420911	0.168968	0.275440	0	0.628887	0.313971	0.503578	0.255418	0.395448	0.480053	0.628475	0.484808	0.518095	0.569028	0.530918	0.572979	0.598883	0.477618	0.596703	0.601171	0.460705	0.467428	0.443221	0.355945	0.644018	0.579861	0.539367	0.594769	0.617927	0.554955	0.383070	0	0.516129	0.633761	0.120100	0.099012	0.495751	0.480692	0	0.598089	
0.582633	0.585278	0.567282	0.642857	0.620424	0.488660	0.592366	0	0.595556	0.624079	0.505470	0.546988	0.425876	0.561170	0.621622	0.358339	1.000000	0.572614	0.616915	0.442966	0.293206	0.626050	0.619137	0.332654	0.590331	0.365799	0.620690	0.435714	0.623431	0.616114	0.604800	0.575380	0.613162	0.284229	0.391061	0.575458	0.627660	0.445141	0.622896	0.452042	0.369925	0.600969	0.573018	0.625243	0.504897	0.419214	0.655106	0.376238	0	0.377011	0.422609	0.242365	0.566038	0.618117	0.510360	0	0	0.217314	0.589147	0.542079	0.155549	0.576378	0.539110	0.618117	0.475228	0.646707	0.540273	0.633947	0.350178	0.519274	0.347949	0.169014	0.603448	0.432862	0.466151	0.616780	0.432529	0.562259	0.209184	0.560647	0.643016	0.081081	0.097619	0.336295	0.632812	0.548673	0.640777	0.641509	0.636000	0.650334	0.220826	0.593548	0.044776	0.269441	0.410042	0.598071	0.322835	0.601504	0.602941	0.581006	0.532239	0.563591	0.637437	0.586777	0.519509	0	0.613861	0.222022	0.636364	0	0.622222	0.604096	0.366890	0.633987	0.334922	0.202386	0.450652	0.631206	0.468843	0.298906	0.469136	0.591382	0.592375	0.609244	0.627358	0	0.644144	0.259631	0.635739	0	0.583333	0	0	0.447368	0	0.272124	0.456107	0.618182	0.587888	0.604993	0.474950	0.514620	0.597633	0.258403	0.108132	0.416096	0.592908	0.209987	0.554726	0.651429	0.421236	0.606061	0	0.564304	0.410042	0.641441	0.590444	0.413502	0.361499	0.603077	0.575499	0.615385	0.206116	0.580195	0.637478	0.315385	0.638623	0.614357	0.623318	0.594444	0.645161	0.542373	0.598319	0.586552	0.628952	0.174716	0.621138	0.503311	0.635983	0.570645	0.386740	0.599483	0.648421	0.640860	0.035080	0.477341	0.484296	0.599691	0.580175	0.390476	0.603015	0.635209	0.081606	0.343336	0.595442	0.564706	0.629808	0.113836	0.548571	0.624413	0	0.434861	0.078120	0.597561	0.603406	0.632381	0.629213	0.329538	0.609795	0.585014	0.550318	0.164879	0.543115	0.517052	0.132223	0.489883	0.224350	0.618487	0.615132	0.636364	0.636735	0.412174	0.517119	0.167233	0.222022	0.431900	0.561224	0.612086	0	0.582857	0.424454	0.440252	0.022482	0.146647	0.602254	0	0.501114	
0.628571	0.609137	0.641052	0.536082	0.608000	0.619484	0.643341	0	0.537445	0.485893	0.618341	0.633365	0.577381	0.642930	0.639911	0.539900	0.572614	1.000000	0.630695	0.584567	0.479832	0.571429	0.607330	0.495305	0.461538	0.544416	0.621455	0.574389	0.555712	0.655093	0.616822	0.641509	0.618267	0.472987	0.552561	0.661702	0.598742	0.265455	0.613333	0.604361	0.545804	0.621176	0.658947	0.605898	0.622609	0.581395	0.597333	0.213483	0	0.545573	0.576394	0.418399	0.641316	0.612091	0.623693	0	0	0.381563	0.453074	0.644851	0.281084	0.639723	0.642185	0.599496	0.606557	0.592896	0.631985	0.580556	0.534230	0.643306	0.534954	0.303628	0.561151	0.595745	0.603953	0.535714	0.583704	0.641584	0.369338	0.645427	0.542522	0.151453	0.180990	0.525384	0.589502	0.636008	0.581769	0.516031	0.580027	0.550000	0.384709	0.634548	0.085034	0.450170	0.573633	0.623681	0.504843	0.466667	0.482003	0.642027	0.625461	0.646660	0.621359	0.660397	0.627660	0	0.581522	0.386596	0.554113	0	0.629501	0.619339	0.550891	0.628707	0.522353	0.358377	0.591571	0.621384	0.615137	0.484816	0.281081	0.648230	0.626506	0.557284	0.506870	0	0.536296	0.438382	0.619926	0	0.598155	0	0	0.593050	0	0.456106	0.587959	0.533532	0.634361	0.646930	0.603743	0.335079	0.632856	0.439344	0.199540	0.577555	0.647436	0.370629	0.628019	0.600529	0.573913	0.462520	0	0.642497	0.561010	0.618321	0.624235	0.581921	0.538945	0.617480	0.619507	0.617761	0.364400	0.643460	0.625935	0.494696	0.591512	0.626506	0.534712	0.654048	0.566092	0.369231	0.627119	0.662366	0.627404	0.313095	0.640662	0.631486	0.569817	0.641667	0.556742	0.436893	0.569405	0.557471	0.066919	0.302491	0.620690	0.635535	0.634678	0.555332	0.467409	0.624041	0.152396	0.516827	0.634512	0.644578	0.497682	0.209532	0.358003	0.508371	0	0.583333	0.146117	0.644870	0.495327	0.600529	0.620609	0.510441	0.641204	0.624865	0.641732	0.296734	0.638889	0.617544	0.241397	0.617094	0.391089	0.624697	0.617402	0.627646	0.590846	0.580739	0.638219	0.300662	0.389865	0.579065	0.630542	0.583333	0	0.625134	0.587209	0.262295	0.043138	0.266035	0.617371	0	0.644818	
0.613333	0.622754	0.621404	0.586762	0.638095	0.562442	0.650131	0	0.595365	0.536680	0.569756	0.603613	0.517974	0.616454	0.628057	0.470350	0.616915	0.630695	1.000000	0.527945	0.399106	0.609881	0.639752	0.433081	0.527778	0.473901	0.630970	0.528026	0.617997	0.647849	0.625000	0.606715	0.621253	0.387622	0.489736	0.631707	0.637037	0.339535	0.643972	0.549828	0.477446	0.621918	0.624096	0.623003	0.572816	0.515924	0.653968	0.275362	0	0.477401	0.523394	0.333489	0.630715	0.635015	0.571984	0	0	0.300632	0.526104	0.622416	0.218082	0.619303	0.594480	0.632047	0.552727	0.611111	0.599129	0.616667	0.463061	0.586103	0.460328	0.236267	0.591304	0.534191	0.560699	0.583333	0.526829	0.620225	0.289890	0.626026	0.580071	0.115553	0.138614	0.443456	0.613162	0.611973	0.635783	0.557009	0.608838	0.596429	0.305259	0.626539	0.064330	0.368611	0.511485	0.624829	0.424465	0.537255	0.554913	0.626360	0.601660	0.622125	0.636364	0.637993	0.585317	0	0.607143	0.306833	0.596859	0	0.645074	0.639885	0.475207	0.647303	0.444304	0.280881	0.543460	0.637037	0.572193	0.405236	0.358621	0.632653	0.635561	0.623509	0.557009	0	0.609009	0.355932	0.629149	0	0.622848	0	0	0.536170	0	0.372069	0.541846	0.595281	0.626904	0.633838	0.569883	0.415011	0.637865	0.354342	0.153186	0.516028	0.639706	0.290954	0.605464	0.632075	0.519048	0.540434	0	0.636884	0.511485	0.639640	0.608321	0.515432	0.470109	0.646518	0.624846	0.630137	0.285829	0.647343	0.624633	0.420108	0.630915	0.633803	0.588869	0.654633	0.597222	0.464516	0.648725	0.632099	0.634831	0.243936	0.639118	0.582104	0.601019	0.633333	0.487663	0.522088	0.614334	0.600694	0.050509	0.384615	0.570128	0.649077	0.649937	0.493071	0.542240	0.640483	0.116287	0.446891	0.619926	0.627854	0.550285	0.161065	0.442516	0.562384	0	0.527778	0.111406	0.638853	0.536398	0.613208	0.637602	0.438903	0.645161	0.618634	0.609375	0.230695	0.619369	0.580392	0.186326	0.565714	0.309896	0.651558	0.639777	0.638360	0.602329	0.513878	0.590814	0.233868	0.306833	0.518337	0.614525	0.615385	0	0.631319	0.520701	0.335664	0.032462	0.206001	0.644809	0	0.570862	
0.557300	0.481647	0.588771	0.390873	0.459685	0.619608	0.546502	0	0.388119	0.332989	0.632293	0.605755	0.588165	0.586890	0.556281	0.623901	0.442966	0.584567	0.527945	1.000000	0.599643	0.418919	0.494053	0.564683	0.308499	0.609974	0.519298	0.638095	0.425819	0.541492	0.523207	0.590803	0.534235	0.567438	0.648649	0.554768	0.498221	0.166098	0.518198	0.595164	0.606349	0.537744	0.559812	0.470698	0.611224	0.598240	0.463392	0.132097	0	0.636997	0.636257	0.553668	0.586790	0.495102	0.620176	0	0	0.526204	0.297782	0.628655	0.432447	0.558996	0.601006	0.516474	0.588767	0.448633	0.633504	0.425167	0.622901	0.600555	0.620061	0.458081	0.402344	0.626478	0.626098	0.377622	0.618225	0.579537	0.514423	0.606759	0.395648	0.243211	0.287857	0.605042	0.462687	0.592154	0.448372	0.353659	0.443396	0.386521	0.512195	0.555932	0.139591	0.583403	0.635897	0.549915	0.576775	0.319082	0.332645	0.594044	0.612880	0.591777	0.522116	0.592535	0.635553	0	0.456338	0.520173	0.403131	0	0.552941	0.511344	0.632299	0.525597	0.598324	0.492812	0.635251	0.498221	0.639083	0.579329	0.176471	0.561233	0.581320	0.432432	0.353659	0	0.386454	0.542566	0.520140	0	0.448529	0	0	0.625616	0	0.564189	0.624378	0.384000	0.562652	0.567284	0.617458	0.212860	0.546926	0.558442	0.315460	0.652778	0.558103	0.523596	0.608504	0.470046	0.614394	0.313808	0	0.585477	0.651852	0.500448	0.525305	0.628080	0.610099	0.552066	0.591125	0.493671	0.506278	0.595145	0.500442	0.587736	0.457987	0.524590	0.389662	0.590625	0.411707	0.236324	0.526407	0.590945	0.518519	0.453199	0.544681	0.596180	0.414258	0.569434	0.621784	0.297782	0.428986	0.413659	0.110525	0.190797	0.619263	0.540182	0.555377	0.636264	0.317328	0.487849	0.244650	0.594079	0.548336	0.600755	0.344262	0.330193	0.228571	0.359026	0	0.624029	0.235054	0.557566	0.335736	0.460829	0.544379	0.595226	0.516345	0.551834	0.576952	0.445260	0.623785	0.623553	0.376548	0.616411	0.525972	0.533333	0.527397	0.521201	0.436190	0.626901	0.578536	0.456882	0.536023	0.616945	0.574405	0.469711	0	0.565079	0.617009	0.164009	0.071823	0.405619	0.528366	0	0.615912	
