1.000000	0.587933	0.480127	0.540299	0.582996	0.622549	0.588542	0.636260	0.523810	0.648980	0.617958	0.634981	0.576779	0.628337	0.529154	0.285714	0.628571	0.528529	0.568586	0.474737	0.606711	0.574834	0.497935	0.308097	0.615960	0.580913	0.571429	0.614094	0.627607	0.632804	0.464926	0.549153	0.597964	0.269871	0.540930	0.626238	0.545103	0.620690	0.637813	0.574982	0.633918	0.575305	0.585695	0.217143	0.572886	0.411190	0.587258	0.606369	0.626866	0.501718	0.083497	0.649789	0.376508	0.446634	0.605825	0.276514	0.590432	0.626781	0.601274	0.645224	0.629738	0.573840	0.528580	0.626812	0.177879	0.525672	0.298755	0.513595	0.598227	0.605096	0.512821	0.496051	0.637363	0.632367	0.626556	0.531947	0.148808	0.636929	0.513947	0.629812	0.606111	0.597015	0.513932	0.545455	0.379592	0.605701	0.634038	0.445312	0.567396	0.623223	0.473430	0.608609	0.482540	0.635394	0.632558	0.646484	0.621984	0.610442	0.379820	0.564327	0.383437	0.643192	0.539987	0.625899	0.352808	0.610687	0.608273	0.481799	0.582633	0.616760	0.575843	0.530086	0.613333	0.438356	0.614428	0.632883	0.576000	0.642276	0.569207	0.618370	0.450246	0.585827	0.623656	0.525680	0.568571	0.601639	0.648472	0.340426	0.639198	0.618812	0.642934	0.364912	0.562590	0.456311	0.563961	0.550459	0.617761	0.591373	0.557300	0.639908	0.638528	0.636686	0.358758	0.632588	0.587444	0.491582	0.550143	0.626066	0.526946	0.547307	0.375000	0.592411	0.634093	0.626974	0.452033	0.648521	0.637993	0.627660	0.640089	0.196144	0.568928	0.453202	0.577657	0.556041	0.065698	0.658254	0.556671	0.307414	0.638767	0.547908	0.464516	0.149736	0.551020	0.638528	0.640324	0.507837	0.205986	0.363636	0.509259	0.570790	0.581273	0.621404	0.143558	0.633369	0.602410	0.520124	0.500292	0.640936	0.596570	0.613497	0.291953	0.542438	0.631300	0.609819	0.583333	0.619339	0.616867	0.612091	0.637168	0.571429	0.363636	0.295828	0.383921	0.612863	0.638171	0.576871	0.635183	0.646421	0.636943	0.266667	0.042341	0.261672	0.614472	0.625767	0.616071	
0.587933	1.000000	0.538136	0.580897	0.613014	0.610015	0.602291	0.597222	0.609709	0.592953	0.551583	0.578771	0.480475	0.575275	0.428373	0.385604	0.609137	0.609037	0.476800	0.356856	0.615646	0.615385	0.391417	0.215897	0.582946	0.607774	0.593002	0.527536	0.583529	0.583756	0.346325	0.459788	0.607313	0.375000	0.437956	0.620584	0.435842	0.608187	0.613037	0.482645	0.616046	0.641379	0.616438	0.309783	0.479012	0.296897	0.644248	0.605096	0.553971	0.388924	0.056274	0.599241	0.267067	0.526549	0.563574	0.192689	0.620000	0.582589	0.589172	0.579977	0.557339	0.631769	0.420408	0.565998	0.121841	0.413793	0.209005	0.411215	0.491228	0.520473	0.581028	0.563025	0.580569	0.565789	0.592317	0.604651	0.101419	0.589839	0.404450	0.593458	0.519924	0.593103	0.556237	0.587549	0.271260	0.595620	0.622642	0.328926	0.469841	0.622999	0.538793	0.584323	0.558140	0.601793	0.553377	0.597463	0.546778	0.603390	0.272687	0.592030	0.275465	0.598561	0.438122	0.632201	0.249199	0.597774	0.533457	0.363530	0.585278	0.628726	0.612613	0.598891	0.622754	0.317347	0.627512	0.590971	0.634064	0.582830	0.510186	0.636364	0.332088	0.501348	0.534221	0.586139	0.611418	0.511759	0.584980	0.447174	0.596491	0.623656	0.631169	0.258306	0.468775	0.550976	0.607018	0.460317	0.609677	0.511628	0.481647	0.573427	0.604954	0.622093	0.253670	0.598465	0.477561	0.381538	0.624769	0.626506	0.583170	0.584906	0.448687	0.621212	0.617801	0.618619	0.558952	0.607558	0.623529	0.554068	0.621984	0.134778	0.482702	0.530973	0.623917	0.603774	0.044145	0.602015	0.588889	0.409091	0.607190	0.448302	0.531317	0.102068	0.620038	0.589309	0.580723	0.557173	0.141783	0.462651	0.578411	0.482700	0.500849	0.620787	0.097753	0.614796	0.600000	0.572597	0.396662	0.630372	0.488176	0.548780	0.204001	0.431206	0.544148	0.529880	0.498683	0.609091	0.606241	0.631083	0.605087	0.480658	0.257344	0.206851	0.272687	0.610063	0.570082	0.608997	0.591304	0.585621	0.596178	0.365535	0.028338	0.181871	0.603499	0.632219	0.556594	
0.480127	0.538136	1.000000	0.639118	0.576037	0.561886	0.533623	0.512281	0.591781	0.463596	0.388420	0.426846	0.313230	0.449775	0.250000	0.569038	0.485893	0.635097	0.292727	0.202134	0.607306	0.575893	0.231988	0.117906	0.561616	0.610577	0.610687	0.363842	0.445714	0.489028	0.195626	0.275685	0.576200	0.547009	0.263934	0.534930	0.258635	0.531835	0.521891	0.303774	0.532847	0.590698	0.603687	0.495413	0.302347	0.165553	0.607229	0.569038	0.384615	0.223767	0.029533	0.489860	0.147774	0.629139	0.439834	0.104613	0.512727	0.428954	0.556485	0.439499	0.432133	0.603960	0.243939	0.401506	0.064985	0.242287	0.113942	0.238872	0.307545	0.339305	0.612360	0.638037	0.440922	0.412073	0.474886	0.622951	0.053819	0.480974	0.233672	0.447592	0.356195	0.595349	0.648968	0.637363	0.150257	0.538318	0.516892	0.184951	0.290090	0.532588	0.643312	0.453757	0.637771	0.494453	0.416667	0.443515	0.394089	0.577273	0.151103	0.610080	0.152751	0.543119	0.256369	0.542694	0.137255	0.559499	0.347732	0.206278	0.624079	0.517007	0.627160	0.598465	0.536680	0.177901	0.555332	0.523236	0.550790	0.460857	0.328907	0.566524	0.186883	0.334372	0.356984	0.619718	0.625954	0.352683	0.502463	0.568093	0.507614	0.546906	0.496774	0.142604	0.297322	0.630225	0.576190	0.290090	0.591489	0.332645	0.332989	0.516814	0.482982	0.539033	0.139878	0.481013	0.312318	0.218305	0.593350	0.544747	0.626039	0.642105	0.617100	0.549020	0.498371	0.558140	0.636364	0.535316	0.607547	0.392205	0.503356	0.072116	0.302632	0.642384	0.604215	0.600000	0.023099	0.478261	0.605128	0.560976	0.502496	0.274043	0.626198	0.054172	0.559367	0.492707	0.455882	0.622356	0.075997	0.633962	0.645161	0.311111	0.313230	0.533808	0.051827	0.479495	0.622727	0.637168	0.228693	0.529197	0.311412	0.386091	0.111073	0.255556	0.390777	0.377049	0.325581	0.564706	0.554493	0.587269	0.489112	0.302347	0.142038	0.112706	0.151103	0.584362	0.446352	0.588785	0.533333	0.491057	0.488189	0.549356	0.014771	0.098471	0.511194	0.566929	0.393604	
0.540299	0.580897	0.639118	1.000000	0.610526	0.585455	0.557769	0.569558	0.645320	0.535014	0.448276	0.496183	0.377923	0.505650	0.303988	0.500000	0.536082	0.625000	0.354075	0.247246	0.638831	0.588957	0.282715	0.145743	0.600746	0.612691	0.640553	0.425486	0.499325	0.521355	0.239478	0.334160	0.596154	0.501818	0.320381	0.571956	0.314152	0.563478	0.571895	0.366939	0.590832	0.598726	0.640000	0.440154	0.365280	0.203424	0.635965	0.608863	0.458190	0.272973	0.036915	0.542522	0.181982	0.583090	0.484293	0.129529	0.527919	0.490470	0.581888	0.502632	0.495413	0.620225	0.296841	0.472554	0.080865	0.294891	0.140914	0.290857	0.371324	0.408081	0.599496	0.621253	0.511565	0.473225	0.524355	0.609337	0.067065	0.535817	0.284708	0.508701	0.423280	0.649682	0.652632	0.646914	0.184982	0.559028	0.562401	0.226712	0.350999	0.567474	0.608451	0.477490	0.626374	0.538690	0.482077	0.509235	0.454865	0.632017	0.186004	0.641148	0.187994	0.600683	0.311488	0.602113	0.169250	0.600000	0.411582	0.252185	0.642857	0.575517	0.636771	0.583333	0.586762	0.218260	0.587361	0.572347	0.574380	0.534819	0.396078	0.603550	0.229025	0.398406	0.426299	0.606061	0.668203	0.417191	0.550769	0.590604	0.563291	0.575646	0.556732	0.175729	0.357651	0.573864	0.594360	0.350999	0.630137	0.398414	0.390873	0.577558	0.534954	0.587219	0.172429	0.537890	0.376866	0.266491	0.638889	0.601802	0.592040	0.636580	0.593548	0.584392	0.537405	0.610413	0.607450	0.573402	0.591944	0.459397	0.558870	0.089658	0.365611	0.612245	0.615385	0.608076	0.028896	0.534307	0.612529	0.494774	0.570093	0.332237	0.621469	0.067502	0.623810	0.550152	0.515950	0.645161	0.094437	0.568627	0.628272	0.375465	0.376052	0.567164	0.064599	0.545185	0.636175	0.647368	0.278813	0.597623	0.375814	0.452571	0.137415	0.310530	0.460116	0.442458	0.386408	0.617060	0.592199	0.594697	0.536050	0.365280	0.175043	0.139406	0.186004	0.611006	0.508108	0.588486	0.585198	0.564024	0.550296	0.496350	0.018498	0.122018	0.568458	0.612022	0.447307	
0.582996	0.613014	0.576037	0.610526	1.000000	0.618357	0.635253	0.612903	0.612159	0.588535	0.524973	0.546091	0.456140	0.575096	0.388571	0.427350	0.608000	0.607219	0.442244	0.320235	0.643636	0.621429	0.360000	0.192051	0.626030	0.621212	0.629703	0.515547	0.573892	0.592000	0.310580	0.420312	0.636210	0.416185	0.406907	0.593801	0.402358	0.597523	0.623719	0.452218	0.618182	0.605166	0.637363	0.345455	0.453696	0.265435	0.629981	0.640678	0.531780	0.352031	0.049569	0.602922	0.238324	0.555556	0.543713	0.171160	0.583082	0.550117	0.603390	0.575211	0.553957	0.662791	0.381285	0.547855	0.107756	0.377516	0.185841	0.371233	0.464193	0.490104	0.619658	0.579909	0.573201	0.549199	0.598179	0.602510	0.089582	0.587776	0.366443	0.567237	0.498031	0.605166	0.616408	0.630252	0.242129	0.618238	0.605114	0.294657	0.438625	0.616333	0.582160	0.567164	0.579310	0.592194	0.545455	0.569361	0.530303	0.648551	0.243424	0.638037	0.245946	0.624049	0.396199	0.622848	0.222132	0.642978	0.495183	0.326360	0.620424	0.608571	0.638298	0.624254	0.638095	0.284079	0.633826	0.606061	0.598198	0.593156	0.467461	0.626298	0.297548	0.478140	0.510848	0.612420	0.633663	0.493659	0.593620	0.482385	0.617354	0.626427	0.612022	0.230380	0.446862	0.576832	0.612782	0.428805	0.642612	0.479630	0.459685	0.605613	0.587106	0.609231	0.226181	0.583333	0.460192	0.344045	0.608350	0.629393	0.613108	0.642276	0.509186	0.617363	0.603306	0.624204	0.571429	0.606154	0.635514	0.533762	0.612994	0.119292	0.445578	0.574879	0.619666	0.638211	0.038856	0.589947	0.613546	0.446927	0.603086	0.418026	0.550588	0.090159	0.635438	0.595336	0.583333	0.591422	0.125546	0.525199	0.591611	0.460331	0.454386	0.617211	0.086324	0.592493	0.630435	0.611973	0.359211	0.618182	0.464223	0.534884	0.181335	0.396501	0.538462	0.511387	0.466848	0.614148	0.607874	0.617696	0.609309	0.451997	0.229508	0.183900	0.243424	0.618729	0.572133	0.607407	0.598160	0.594223	0.607764	0.411594	0.024919	0.161443	0.608025	0.612903	0.531892	
0.622549	0.610015	0.561886	0.585455	0.618357	1.000000	0.611111	0.623514	0.579710	0.625581	0.578740	0.600858	0.511934	0.615925	0.456949	0.366197	0.613333	0.582418	0.501943	0.389888	0.633600	0.604724	0.426667	0.238520	0.645161	0.613599	0.606897	0.559701	0.606539	0.618182	0.379705	0.490037	0.621622	0.346793	0.479033	0.598837	0.472067	0.626907	0.633245	0.518043	0.631293	0.619125	0.644122	0.281481	0.517572	0.326454	0.598007	0.628571	0.578999	0.420664	0.062759	0.625604	0.294167	0.527607	0.608791	0.213170	0.610583	0.600214	0.613534	0.607064	0.591859	0.598985	0.452555	0.589431	0.135356	0.451187	0.230999	0.437785	0.528363	0.545775	0.581952	0.561404	0.608400	0.581665	0.623223	0.593128	0.112804	0.613744	0.435783	0.622620	0.553621	0.645057	0.577947	0.595281	0.298712	0.620499	0.629012	0.360996	0.510409	0.624309	0.546906	0.602958	0.525490	0.628362	0.592670	0.621681	0.578579	0.618820	0.300259	0.592199	0.303268	0.653005	0.468468	0.635854	0.274773	0.621622	0.551662	0.398169	0.622896	0.621935	0.618243	0.602076	0.643972	0.348523	0.652047	0.627604	0.606349	0.625000	0.530017	0.606432	0.364398	0.528696	0.561983	0.586716	0.600000	0.547273	0.623116	0.414414	0.634961	0.613372	0.636927	0.284663	0.503937	0.538153	0.599671	0.501157	0.633181	0.543723	0.518198	0.627660	0.626866	0.648276	0.279630	0.622711	0.522167	0.413959	0.605536	0.650499	0.580292	0.606702	0.469298	0.642755	0.614232	0.634424	0.509091	0.631724	0.641562	0.583333	0.638570	0.149613	0.513189	0.519427	0.625407	0.592593	0.049267	0.628159	0.592721	0.387991	0.639594	0.481645	0.524000	0.113521	0.572438	0.624378	0.608997	0.544402	0.157324	0.446903	0.568182	0.525368	0.523457	0.638184	0.108750	0.613886	0.618820	0.558935	0.430094	0.639456	0.529075	0.570029	0.225535	0.468556	0.595450	0.568684	0.530612	0.651363	0.639437	0.635015	0.622449	0.507987	0.283619	0.228647	0.300259	0.627043	0.604966	0.601626	0.635488	0.620948	0.630170	0.342857	0.031657	0.201331	0.630705	0.624460	0.564000	
0.588542	0.602291	0.533623	0.557769	0.635253	0.611111	1.000000	0.595205	0.587302	0.586207	0.549587	0.554299	0.462725	0.573201	0.419061	0.407407	0.617761	0.602410	0.468119	0.346420	0.613518	0.626917	0.375900	0.209059	0.583596	0.634234	0.601504	0.539062	0.581645	0.620335	0.336134	0.449885	0.601942	0.380697	0.437086	0.650000	0.429191	0.638930	0.630986	0.468724	0.620087	0.632689	0.589878	0.313725	0.478405	0.287908	0.592058	0.602917	0.539650	0.377693	0.054338	0.597436	0.258844	0.539683	0.580046	0.186509	0.618287	0.571751	0.615883	0.580420	0.573751	0.626151	0.411241	0.559829	0.117786	0.408719	0.202361	0.396772	0.483980	0.503676	0.614141	0.533333	0.559424	0.554939	0.587940	0.605941	0.098007	0.582915	0.394199	0.584615	0.521572	0.583480	0.585774	0.584493	0.262927	0.593472	0.601915	0.319149	0.470777	0.609467	0.560706	0.611312	0.554113	0.612987	0.538037	0.581776	0.565720	0.628670	0.264317	0.581395	0.267023	0.590643	0.421505	0.618619	0.241449	0.598706	0.523944	0.352941	0.615385	0.613480	0.606618	0.615094	0.630137	0.307850	0.663522	0.575000	0.611684	0.593137	0.502683	0.644628	0.322234	0.509982	0.522574	0.595142	0.578947	0.501901	0.593583	0.429293	0.602740	0.618750	0.621871	0.250313	0.472995	0.555556	0.644007	0.469175	0.620690	0.509485	0.493671	0.559659	0.587302	0.599705	0.245801	0.604410	0.475214	0.371747	0.615094	0.615620	0.608000	0.631985	0.480392	0.588598	0.637450	0.607634	0.536913	0.614476	0.624813	0.539583	0.609524	0.130321	0.477140	0.530612	0.611307	0.628131	0.042617	0.582375	0.620038	0.431169	0.600000	0.435312	0.548673	0.098636	0.586873	0.597884	0.603175	0.536170	0.137112	0.460396	0.612500	0.478705	0.483290	0.619116	0.094458	0.600259	0.607945	0.585774	0.385262	0.596798	0.479113	0.524152	0.197498	0.424589	0.546210	0.527694	0.501773	0.604006	0.622356	0.626198	0.644022	0.473422	0.249377	0.200267	0.264317	0.614400	0.568019	0.638448	0.571429	0.570292	0.604651	0.381720	0.027350	0.176005	0.604444	0.633694	0.569328	
0.636260	0.597222	0.512281	0.569558	0.612903	0.623514	0.595205	1.000000	0.557912	0.642780	0.601671	0.624371	0.551724	0.631694	0.498698	0.320329	0.643341	0.546952	0.540059	0.437806	0.620991	0.594828	0.464548	0.274589	0.629879	0.596386	0.583463	0.596646	0.616034	0.623025	0.428722	0.519774	0.624484	0.302905	0.517711	0.600801	0.514401	0.626598	0.647131	0.553517	0.633166	0.587021	0.621701	0.244635	0.548363	0.372093	0.594268	0.639118	0.605556	0.467101	0.073357	0.627672	0.337042	0.483636	0.615860	0.245941	0.601504	0.617706	0.597796	0.632885	0.624742	0.592025	0.493622	0.600957	0.157217	0.487001	0.266103	0.492481	0.566795	0.583124	0.566225	0.522648	0.626327	0.603960	0.625414	0.550489	0.131279	0.634254	0.484625	0.628931	0.597222	0.613569	0.548552	0.568627	0.342116	0.623244	0.642857	0.408245	0.533137	0.616561	0.498221	0.600000	0.514886	0.632537	0.608268	0.621762	0.611321	0.613372	0.343842	0.576000	0.347199	0.640605	0.507979	0.632258	0.315343	0.627235	0.599659	0.446656	0.592366	0.636364	0.597243	0.557121	0.650131	0.395530	0.633557	0.644150	0.593343	0.637838	0.552567	0.621849	0.412988	0.561519	0.598261	0.550580	0.580343	0.582257	0.623104	0.376238	0.643623	0.627503	0.645161	0.326417	0.543952	0.483005	0.577844	0.540501	0.621170	0.567434	0.546502	0.632226	0.601156	0.638677	0.320784	0.636364	0.558249	0.458503	0.579030	0.635171	0.548440	0.576433	0.410058	0.630607	0.619490	0.636126	0.485612	0.636132	0.627249	0.602432	0.627962	0.173562	0.547256	0.483636	0.592593	0.554140	0.057654	0.645740	0.583072	0.344130	0.640754	0.525650	0.491979	0.132106	0.564593	0.640462	0.640086	0.531952	0.182386	0.397661	0.529711	0.544037	0.568966	0.632099	0.126606	0.628118	0.607558	0.531516	0.477053	0.648241	0.556942	0.597043	0.259930	0.510610	0.615672	0.622505	0.559418	0.630607	0.614786	0.623129	0.615385	0.543793	0.325249	0.263446	0.343842	0.626703	0.633580	0.606509	0.629442	0.632677	0.634202	0.299376	0.037103	0.232518	0.622449	0.648148	0.608860	
0.523810	0.609709	0.591781	0.645320	0.612159	0.579710	0.587302	0.557912	1.000000	0.519553	0.451835	0.497462	0.377218	0.509859	0.306536	0.517730	0.537445	0.636816	0.356955	0.249389	0.627859	0.598778	0.285115	0.147080	0.583643	0.605664	0.637615	0.428879	0.503365	0.528634	0.241563	0.336912	0.593870	0.476534	0.323040	0.573529	0.316770	0.558059	0.550489	0.369900	0.578680	0.613108	0.607966	0.413793	0.368231	0.205231	0.620087	0.602687	0.445714	0.275304	0.037274	0.546784	0.183618	0.608696	0.485640	0.130727	0.543002	0.486692	0.552783	0.488189	0.499346	0.621924	0.299340	0.476190	0.081633	0.297376	0.142210	0.293314	0.374312	0.409274	0.636591	0.617886	0.507463	0.484472	0.520000	0.601467	0.067707	0.531429	0.287122	0.504673	0.422386	0.600423	0.617801	0.619165	0.186642	0.550173	0.557480	0.228700	0.353859	0.579310	0.599440	0.487075	0.601093	0.545994	0.473490	0.515789	0.446784	0.608696	0.187672	0.614286	0.189679	0.571429	0.314088	0.596491	0.170783	0.613027	0.416925	0.254364	0.595556	0.567353	0.620536	0.599078	0.595365	0.220183	0.596296	0.554487	0.613169	0.525000	0.395303	0.616896	0.231031	0.399602	0.427513	0.633166	0.633028	0.422594	0.530675	0.533333	0.570978	0.580882	0.552036	0.177314	0.360568	0.598870	0.596112	0.353859	0.612086	0.403561	0.388119	0.565789	0.530303	0.567986	0.173987	0.536296	0.374302	0.268775	0.654378	0.574506	0.603960	0.600473	0.544872	0.737794	0.554033	0.604651	0.592593	0.564544	0.582897	0.458333	0.547731	0.090506	0.368564	0.631884	0.604255	0.614657	0.029178	0.526929	0.591224	0.512111	0.568323	0.334975	0.612360	0.068148	0.625592	0.618182	0.511757	0.625668	0.095327	0.545455	0.635417	0.378479	0.380952	0.571901	0.065217	0.534712	0.612836	0.638743	0.281185	0.571912	0.378830	0.446978	0.138681	0.313124	0.459054	0.439242	0.393411	0.611212	0.579505	0.581132	0.546875	0.368231	0.176623	0.140690	0.187672	0.570888	0.504043	0.581741	0.572899	0.547112	0.539823	0.456522	0.018680	0.123151	0.552677	0.566243	0.455607	
0.648980	0.592953	0.463596	0.535014	0.588535	0.625581	0.586207	0.642780	0.519553	1.000000	0.638983	0.633212	0.598985	0.634578	0.552776	0.264407	0.641052	0.521127	0.588560	0.501029	0.590621	0.578223	0.524439	0.332252	0.619385	0.576271	0.548387	0.627832	0.647003	0.630940	0.483726	0.572745	0.604819	0.249573	0.570337	0.603286	0.570175	0.625989	0.650759	0.600992	0.634038	0.576184	0.585987	0.200351	0.594633	0.436411	0.577023	0.615199	0.645816	0.522905	0.090990	0.651210	0.403953	0.428790	0.631285	0.298629	0.612653	0.652689	0.598311	0.644860	0.637465	0.564238	0.544584	0.639373	0.192989	0.547619	0.322317	0.527369	0.603720	0.620000	0.506365	0.469719	0.643062	0.636119	0.640873	0.529986	0.161667	0.644841	0.548294	0.641438	0.613546	0.588988	0.481159	0.531469	0.404972	0.616253	0.634146	0.473231	0.585900	0.619369	0.448120	0.634708	0.468843	0.631365	0.645219	0.638577	0.643164	0.596713	0.406930	0.530220	0.412363	0.636161	0.563783	0.635535	0.378940	0.595181	0.617071	0.507322	0.567282	0.628328	0.563492	0.544474	0.621404	0.456270	0.625000	0.637339	0.594458	0.653696	0.592481	0.602203	0.469624	0.607306	0.633679	0.515581	0.559140	0.613924	0.643750	0.315789	0.636943	0.600939	0.652935	0.392488	0.587169	0.444109	0.565499	0.583162	0.609013	0.615618	0.588771	0.622271	0.634298	0.616423	0.385978	0.634791	0.597685	0.514786	0.555256	0.619653	0.516854	0.536252	0.348387	0.617886	0.638342	0.632065	0.430956	0.629921	0.631101	0.643345	0.646251	0.212625	0.586572	0.425727	0.578406	0.533516	0.071653	0.653266	0.542510	0.284757	0.638655	0.566186	0.445783	0.162669	0.545205	0.644628	0.636275	0.486804	0.223191	0.337662	0.491329	0.604618	0.598985	0.628697	0.156002	0.639594	0.594185	0.486957	0.521887	0.636263	0.615162	0.639662	0.315077	0.563625	0.638298	0.630705	0.601493	0.624855	0.627002	0.606205	0.628692	0.604520	0.390374	0.319202	0.410959	0.604540	0.636190	0.580231	0.628507	0.631470	0.661258	0.246575	0.046230	0.282795	0.626832	0.623981	0.637457	
0.617958	0.551583	0.388420	0.448276	0.524973	0.578740	0.549587	0.601671	0.451835	0.638983	1.000000	0.634185	0.607166	0.626917	0.601671	0.209115	0.618341	0.445727	0.619788	0.560000	0.531217	0.540314	0.566755	0.407041	0.572854	0.513543	0.484444	0.646552	0.634631	0.637555	0.547144	0.624478	0.555781	0.197031	0.614939	0.587302	0.606164	0.597502	0.593692	0.622846	0.599052	0.531483	0.524973	0.157241	0.625954	0.512235	0.501085	0.556345	0.649739	0.564234	0.117090	0.630662	0.475800	0.348578	0.639024	0.372664	0.601703	0.636872	0.560406	0.647635	0.634662	0.496158	0.596606	0.641104	0.244599	0.606754	0.399640	0.584367	0.639640	0.649725	0.444959	0.393758	0.617818	0.611505	0.634021	0.458190	0.205855	0.620275	0.598408	0.629843	0.635011	0.518677	0.420804	0.452354	0.477736	0.573896	0.616924	0.536477	0.636982	0.584291	0.372716	0.618849	0.390361	0.632689	0.640000	0.637255	0.647460	0.536431	0.482942	0.475113	0.481836	0.596958	0.604651	0.589942	0.450053	0.557809	0.653175	0.558027	0.505470	0.597260	0.500000	0.485523	0.569756	0.523090	0.589641	0.612132	0.520000	0.630068	0.625841	0.550874	0.544395	0.635374	0.643009	0.438515	0.493333	0.636620	0.616487	0.251309	0.617486	0.569444	0.617569	0.469439	0.627673	0.366748	0.528587	0.632035	0.556807	0.621017	0.632293	0.598881	0.622776	0.602871	0.460662	0.625110	0.628088	0.573158	0.489978	0.583741	0.451613	0.484780	0.278351	0.566372	0.624442	0.574780	0.360736	0.585646	0.595950	0.629518	0.609248	0.268705	0.630172	0.348578	0.522484	0.475761	0.092476	0.618593	0.486065	0.225764	0.617329	0.625446	0.370732	0.207100	0.471783	0.610320	0.645324	0.403341	0.281619	0.269430	0.422170	0.634241	0.629316	0.600561	0.198810	0.602980	0.538543	0.418440	0.577546	0.602844	0.634653	0.627890	0.391662	0.603282	0.649136	0.631888	0.637701	0.576205	0.586408	0.577465	0.619565	0.625954	0.470079	0.397146	0.484458	0.572004	0.631841	0.521925	0.578797	0.613191	0.642732	0.194595	0.059894	0.353720	0.584851	0.589163	0.639394	
0.634981	0.578771	0.426846	0.496183	0.546091	0.600858	0.554299	0.624371	0.497462	0.633212	0.634185	1.000000	0.602343	0.634862	0.570427	0.235650	0.633365	0.473146	0.610637	0.530754	0.559814	0.555683	0.547764	0.370323	0.605664	0.531585	0.522059	0.633028	0.630454	0.627710	0.520058	0.602137	0.592018	0.222222	0.581862	0.584416	0.589928	0.610240	0.623742	0.619016	0.617920	0.539273	0.557760	0.177847	0.606183	0.470439	0.534606	0.579356	0.637450	0.557465	0.103126	0.629699	0.438893	0.386207	0.624782	0.333619	0.589928	0.648417	0.572697	0.653240	0.637555	0.532044	0.582903	0.650820	0.217181	0.577626	0.358880	0.570299	0.628571	0.628280	0.482670	0.429907	0.641003	0.639662	0.635185	0.496831	0.182329	0.637037	0.570794	0.639504	0.623964	0.558030	0.454068	0.490470	0.441933	0.611691	0.624631	0.509242	0.601435	0.604167	0.407056	0.624215	0.426273	0.624288	0.653233	0.638596	0.628340	0.565469	0.439311	0.505000	0.441723	0.632231	0.581298	0.612632	0.417479	0.587583	0.646405	0.534274	0.546988	0.631058	0.531401	0.508600	0.603613	0.498880	0.591304	0.635458	0.542725	0.640000	0.604850	0.571429	0.508854	0.619048	0.650566	0.467866	0.526961	0.640719	0.625969	0.282353	0.633136	0.577922	0.617450	0.432674	0.613546	0.403270	0.531435	0.598826	0.582307	0.622574	0.605755	0.641700	0.611538	0.613944	0.425688	0.631280	0.631362	0.547945	0.508600	0.606190	0.479592	0.503113	0.312139	0.615220	0.617165	0.598509	0.402189	0.616025	0.610703	0.641479	0.624141	0.238953	0.610625	0.388966	0.545882	0.500623	0.081320	0.627929	0.521525	0.254111	0.630859	0.598248	0.407609	0.183446	0.496259	0.625000	0.632820	0.442971	0.250644	0.302326	0.452880	0.610425	0.623019	0.611168	0.176010	0.639546	0.563152	0.448819	0.560350	0.613800	0.623198	0.641209	0.351595	0.587047	0.638332	0.634299	0.618980	0.610932	0.600423	0.591209	0.619608	0.599462	0.426766	0.356098	0.450274	0.596260	0.636364	0.533490	0.616822	0.633911	0.638941	0.219512	0.052561	0.316274	0.598540	0.595059	0.621359	
0.576779	0.480475	0.313230	0.377923	0.456140	0.511934	0.462725	0.551724	0.377218	0.598985	0.607166	0.602343	1.000000	0.597232	0.609829	0.165079	0.577381	0.369953	0.629014	0.588082	0.466783	0.457539	0.617001	0.483561	0.509575	0.433155	0.414923	0.634821	0.586060	0.565476	0.589286	0.610459	0.497890	0.155319	0.619938	0.493786	0.628396	0.511290	0.555991	0.646659	0.534290	0.436620	0.461404	0.123377	0.618859	0.559034	0.442462	0.503378	0.617685	0.620047	0.149367	0.580549	0.531023	0.279762	0.575227	0.442389	0.504777	0.603306	0.483108	0.602105	0.588235	0.427027	0.621915	0.616101	0.306306	0.624079	0.456399	0.630964	0.634341	0.632024	0.361582	0.319767	0.601429	0.628065	0.586941	0.376866	0.259232	0.581071	0.622841	0.603399	0.644720	0.454225	0.340670	0.377570	0.534925	0.520548	0.551618	0.577033	0.607930	0.521319	0.300000	0.557940	0.314869	0.565445	0.622795	0.607168	0.608696	0.460733	0.522383	0.395199	0.527363	0.540368	0.620795	0.522303	0.526212	0.506329	0.623775	0.611381	0.425876	0.548686	0.419442	0.402917	0.517974	0.581081	0.502078	0.559441	0.469974	0.588576	0.598220	0.474403	0.594483	0.617136	0.641791	0.365693	0.413103	0.630019	0.571863	0.199377	0.572089	0.508699	0.570136	0.535762	0.609279	0.294985	0.431616	0.607930	0.488095	0.635603	0.588165	0.550747	0.565382	0.535370	0.533910	0.566517	0.635579	0.599725	0.412033	0.518033	0.369260	0.397790	0.221538	0.506579	0.551515	0.513912	0.289941	0.527331	0.521036	0.626064	0.556068	0.335332	0.619209	0.279762	0.439541	0.392265	0.118394	0.592593	0.403285	0.178571	0.572303	0.626263	0.298332	0.260752	0.400000	0.578987	0.580087	0.327869	0.350799	0.214212	0.343840	0.629523	0.626298	0.550473	0.250614	0.589552	0.458988	0.340670	0.618732	0.542265	0.637931	0.646753	0.467129	0.633774	0.627451	0.633333	0.614749	0.516447	0.522376	0.481140	0.541827	0.630152	0.517995	0.461409	0.543532	0.500000	0.609253	0.437390	0.547352	0.576836	0.575690	0.153355	0.077050	0.432596	0.533011	0.514003	0.606978	
0.628337	0.575275	0.449775	0.505650	0.575096	0.615925	0.573201	0.631694	0.509859	0.634578	0.626917	0.634862	0.597232	1.000000	0.546234	0.267123	0.642930	0.502841	0.591003	0.495356	0.579821	0.562421	0.517023	0.328999	0.614286	0.551905	0.542005	0.616260	0.622010	0.622584	0.484179	0.567085	0.614078	0.252159	0.555911	0.576832	0.559748	0.618885	0.631004	0.600712	0.624860	0.544516	0.593068	0.202487	0.585816	0.434934	0.560526	0.595383	0.628717	0.521300	0.089972	0.640974	0.398574	0.426584	0.631086	0.295647	0.576536	0.634280	0.583232	0.644737	0.631678	0.555407	0.556156	0.628722	0.190943	0.543608	0.319142	0.529238	0.604885	0.622875	0.493581	0.456036	0.648701	0.625113	0.640719	0.517581	0.159924	0.632735	0.543239	0.639391	0.616493	0.580645	0.485380	0.513399	0.404341	0.618182	0.633938	0.471716	0.584192	0.614512	0.443096	0.624879	0.458084	0.633197	0.627134	0.621469	0.627485	0.580892	0.403877	0.537396	0.403587	0.617978	0.558401	0.614679	0.375325	0.606796	0.613690	0.500525	0.561170	0.623794	0.557333	0.524457	0.616454	0.454756	0.598575	0.639309	0.573604	0.636008	0.587613	0.589396	0.471954	0.605505	0.631917	0.491429	0.533875	0.610493	0.645702	0.318937	0.630342	0.614657	0.619689	0.388782	0.586835	0.432927	0.543791	0.573196	0.591411	0.592536	0.586890	0.630769	0.623701	0.638732	0.382320	0.630502	0.598837	0.513187	0.535326	0.600698	0.492918	0.535172	0.348534	0.603509	0.625652	0.622532	0.431853	0.613817	0.628571	0.626072	0.637620	0.210395	0.580554	0.426584	0.569948	0.524138	0.070844	0.639029	0.546939	0.287648	0.630021	0.573684	0.446809	0.160916	0.530387	0.623701	0.640000	0.470414	0.220864	0.334426	0.478134	0.594203	0.594319	0.619625	0.154315	0.629213	0.568153	0.482456	0.525956	0.629339	0.594634	0.631043	0.311961	0.564486	0.636441	0.627189	0.598201	0.624561	0.594470	0.591346	0.619958	0.587234	0.387443	0.316052	0.406300	0.599278	0.655172	0.543338	0.625989	0.633333	0.653061	0.249135	0.045701	0.279945	0.608400	0.609613	0.611399	
0.529154	0.428373	0.250000	0.303988	0.388571	0.456949	0.419061	0.498698	0.306536	0.552776	0.601671	0.570427	0.609829	0.546234	1.000000	0.129461	0.539900	0.298868	0.631171	0.647909	0.390313	0.404526	0.607477	0.532864	0.444901	0.369030	0.341428	0.608320	0.569028	0.539900	0.625574	0.644799	0.431834	0.121667	0.648673	0.453988	0.633198	0.474667	0.503578	0.614018	0.494055	0.385387	0.388571	0.096284	0.630231	0.605977	0.367849	0.434903	0.604004	0.624532	0.189906	0.541381	0.597774	0.222397	0.573120	0.524233	0.497361	0.580607	0.433518	0.572107	0.568720	0.354745	0.652668	0.594441	0.377977	0.643137	0.541667	0.626621	0.636860	0.621410	0.295008	0.255418	0.560241	0.579861	0.553296	0.307808	0.324363	0.543438	0.639932	0.562201	0.611765	0.382521	0.272797	0.305263	0.574461	0.479680	0.518614	0.617658	0.640655	0.485695	0.239063	0.572979	0.251358	0.536005	0.575548	0.570410	0.609674	0.396871	0.591540	0.321668	0.601171	0.480477	0.654365	0.474213	0.570048	0.431834	0.632135	0.622082	0.358339	0.513514	0.355945	0.338983	0.470350	0.609510	0.449761	0.501616	0.400284	0.552648	0.638560	0.423184	0.614355	0.615863	0.613490	0.293717	0.341428	0.607770	0.518095	0.156991	0.509955	0.453988	0.530895	0.594913	0.644217	0.234926	0.373737	0.651252	0.423398	0.630817	0.623901	0.492489	0.529375	0.477394	0.580783	0.541927	0.617927	0.629250	0.338983	0.463514	0.301432	0.325409	0.174899	0.463415	0.535443	0.461538	0.230769	0.480053	0.474599	0.613318	0.516005	0.408396	0.625616	0.222397	0.381910	0.325409	0.151214	0.532919	0.337758	0.140264	0.511806	0.639888	0.237686	0.325615	0.324164	0.521794	0.554070	0.262143	0.420911	0.168968	0.275440	0.629685	0.628887	0.489529	0.313971	0.546250	0.395448	0.272797	0.628475	0.484808	0.627000	0.598889	0.530918	0.635220	0.598883	0.596703	0.633248	0.460705	0.467428	0.443221	0.516955	0.644018	0.591401	0.539367	0.594769	0.436639	0.554955	0.383070	0.470120	0.516129	0.540912	0.120100	0.099012	0.495751	0.480692	0.457259	0.598089	
0.285714	0.385604	0.569038	0.500000	0.427350	0.366197	0.407407	0.320329	0.517730	0.264407	0.209115	0.235650	0.165079	0.267123	0.129461	1.000000	0.281081	0.507246	0.153392	0.103311	0.428169	0.410959	0.119540	0.058912	0.364078	0.450450	0.477419	0.194514	0.252836	0.281081	0.099808	0.143779	0.383838	0.556291	0.137203	0.368421	0.134251	0.345898	0.319672	0.159672	0.335484	0.443804	0.433048	0.533333	0.158859	0.083781	0.433735	0.394937	0.208278	0.115044	0.014418	0.279570	0.074427	0.593607	0.243750	0.052087	0.334047	0.235294	0.389873	0.245283	0.244131	0.467290	0.126112	0.218487	0.032020	0.125201	0.056872	0.123320	0.161826	0.180139	0.520147	0.543210	0.255319	0.229750	0.271777	0.494700	0.026441	0.271777	0.120463	0.250401	0.190012	0.403458	0.523438	0.483986	0.075728	0.340708	0.306483	0.094089	0.151899	0.343612	0.580087	0.256158	0.550000	0.284672	0.227737	0.246057	0.213992	0.425770	0.076172	0.496599	0.077037	0.337662	0.132992	0.351351	0.068935	0.378788	0.185053	0.105548	0.469136	0.308911	0.472050	0.467532	0.358621	0.090330	0.376812	0.313253	0.427778	0.262626	0.174107	0.407311	0.095122	0.177273	0.190476	0.514706	0.477419	0.187952	0.296578	0.551724	0.307087	0.363636	0.290503	0.071724	0.156000	0.596491	0.445104	0.151899	0.403101	0.176271	0.176471	0.323651	0.292135	0.342857	0.070302	0.284153	0.164557	0.112069	0.487013	0.357309	0.510791	0.498316	0.580645	0.360656	0.293785	0.360277	0.551111	0.342857	0.348993	0.211382	0.304094	0.035600	0.159021	0.575342	0.430233	0.471380	0.011258	0.278075	0.469055	0.638037	0.301158	0.142857	0.565217	0.026617	0.459459	0.292135	0.261307	0.524194	0.037554	0.593407	0.542636	0.163866	0.165079	0.325678	0.025449	0.283122	0.425770	0.546875	0.117736	0.335484	0.164038	0.207723	0.055398	0.132540	0.210526	0.202335	0.172185	0.365340	0.354545	0.386139	0.303502	0.158859	0.071429	0.056236	0.076172	0.382134	0.253247	0.446377	0.341357	0.293233	0.282609	0.573333	0.007184	0.048949	0.339956	0.367059	0.213699	
0.628571	0.609137	0.485893	0.536082	0.608000	0.613333	0.617761	0.643341	0.537445	0.641052	0.618341	0.633365	0.577381	0.642930	0.539900	0.281081	1.000000	0.536296	0.581921	0.479832	0.591512	0.607330	0.495305	0.313095	0.621455	0.592896	0.555712	0.619484	0.641732	0.641509	0.472987	0.552561	0.598742	0.265455	0.545573	0.624235	0.545804	0.621176	0.644870	0.581395	0.655093	0.605898	0.597333	0.213483	0.576394	0.418399	0.580027	0.612091	0.623693	0.504843	0.085034	0.660397	0.381563	0.453074	0.644851	0.281084	0.639723	0.642185	0.599496	0.628019	0.631985	0.580556	0.534230	0.643306	0.180990	0.534954	0.303628	0.516827	0.595745	0.603953	0.535714	0.495327	0.641584	0.638219	0.645427	0.542522	0.151453	0.641316	0.525384	0.636008	0.606557	0.581769	0.516031	0.550000	0.384709	0.634548	0.634361	0.450170	0.573633	0.623681	0.466667	0.638889	0.482003	0.642027	0.625461	0.646660	0.627660	0.600529	0.386596	0.554113	0.391089	0.629501	0.550891	0.628707	0.358377	0.621384	0.615137	0.484816	0.572614	0.648230	0.590846	0.557284	0.630695	0.438382	0.619926	0.639911	0.598155	0.642497	0.593050	0.624041	0.456106	0.587959	0.620690	0.533532	0.569817	0.603743	0.624865	0.335079	0.632856	0.619339	0.647436	0.370629	0.577555	0.462520	0.581522	0.561010	0.618321	0.604361	0.584567	0.617480	0.619507	0.618267	0.364400	0.643460	0.579065	0.494696	0.571429	0.626506	0.534712	0.566092	0.369231	0.627119	0.662366	0.627404	0.461538	0.620609	0.640662	0.631486	0.646930	0.199540	0.573913	0.436893	0.589502	0.557471	0.066919	0.641667	0.569405	0.302491	0.634678	0.555332	0.467409	0.152396	0.561151	0.634512	0.644578	0.497682	0.209532	0.358003	0.508371	0.574389	0.583333	0.635535	0.146117	0.658947	0.600529	0.506870	0.510441	0.641204	0.583704	0.622609	0.296734	0.544416	0.617544	0.617094	0.591571	0.624697	0.617402	0.627646	0.626506	0.580739	0.369338	0.300662	0.389865	0.625935	0.630542	0.583333	0.616822	0.625134	0.654048	0.262295	0.043138	0.266035	0.617371	0.621359	0.644818	
0.528529	0.609037	0.635097	0.625000	0.607219	0.582418	0.602410	0.546952	0.636816	0.521127	0.445727	0.473146	0.369953	0.502841	0.298868	0.507246	0.536296	1.000000	0.348285	0.242945	0.623158	0.622680	0.277895	0.143064	0.582707	0.662252	0.623256	0.422993	0.493894	0.527407	0.235294	0.328631	0.593023	0.494465	0.315036	0.594796	0.308892	0.560420	0.559211	0.359161	0.570940	0.625268	0.632696	0.447059	0.359347	0.199798	0.646018	0.594175	0.441887	0.268293	0.036197	0.539823	0.178700	0.601770	0.481579	0.127127	0.589438	0.480204	0.594175	0.500000	0.498024	0.648526	0.291820	0.458034	0.079327	0.289898	0.138316	0.285921	0.365314	0.401623	0.636132	0.639118	0.506156	0.470588	0.524496	0.635236	0.065781	0.524496	0.279859	0.500673	0.408077	0.591006	0.632979	0.643392	0.181651	0.552448	0.559618	0.222722	0.345248	0.585366	0.626781	0.513032	0.616667	0.541916	0.467081	0.498674	0.461720	0.599581	0.182657	0.628019	0.184615	0.560137	0.306265	0.585106	0.166177	0.589147	0.411215	0.247810	0.644144	0.563200	0.638009	0.649533	0.609009	0.214402	0.599251	0.543689	0.625000	0.515406	0.387795	0.632207	0.225000	0.392000	0.417465	0.647959	0.623256	0.410526	0.532508	0.571429	0.547771	0.579926	0.541857	0.172549	0.353571	0.649425	0.634573	0.345248	0.623274	0.390050	0.386454	0.551495	0.532110	0.563478	0.169303	0.541106	0.368914	0.261905	0.640187	0.588022	0.643216	0.657074	0.581699	0.592322	0.559140	0.593128	0.626087	0.563478	0.582011	0.452214	0.556082	0.087961	0.359673	0.613569	0.620690	0.628297	0.028332	0.513950	0.622951	0.572438	0.532915	0.326733	0.645714	0.066210	0.644231	0.535168	0.518828	0.625000	0.092653	0.602649	0.634921	0.369403	0.371831	0.560935	0.063360	0.542474	0.607966	0.643617	0.274048	0.553846	0.367880	0.445465	0.134877	0.305320	0.445993	0.435466	0.385965	0.610603	0.589286	0.614504	0.548896	0.359347	0.171875	0.136835	0.182657	0.600382	0.497283	0.632258	0.547660	0.530675	0.535714	0.511111	0.018135	0.119746	0.582897	0.598165	0.451765	
0.568586	0.476800	0.292727	0.354075	0.442244	0.501943	0.468119	0.540059	0.356955	0.588560	0.619788	0.610637	0.629014	0.591003	0.631171	0.153392	0.581921	0.348285	1.000000	0.614930	0.445724	0.451876	0.618652	0.500997	0.502749	0.422111	0.392827	0.627781	0.595399	0.573446	0.614686	0.650565	0.478918	0.144269	0.646647	0.500391	0.654474	0.527439	0.538176	0.645267	0.533937	0.435430	0.438944	0.114458	0.647857	0.580242	0.419111	0.490446	0.627329	0.629680	0.160774	0.575053	0.552587	0.261111	0.596935	0.470436	0.531627	0.610236	0.477707	0.603874	0.601333	0.407783	0.641563	0.626032	0.327577	0.640721	0.482797	0.622766	0.647671	0.640417	0.343915	0.298913	0.597826	0.603896	0.579791	0.358392	0.277770	0.589547	0.639147	0.605121	0.630202	0.438742	0.318711	0.355517	0.555974	0.525514	0.551825	0.604208	0.646186	0.524715	0.280220	0.589116	0.294278	0.576295	0.619664	0.614047	0.618868	0.444992	0.541767	0.374026	0.551629	0.538171	0.639135	0.516475	0.541613	0.485282	0.630282	0.614793	0.413502	0.550512	0.407439	0.390077	0.515432	0.600464	0.500392	0.544518	0.452088	0.588316	0.622652	0.469453	0.609356	0.634118	0.639286	0.342454	0.392827	0.630396	0.560923	0.185507	0.553689	0.498827	0.567954	0.552042	0.638366	0.275482	0.430718	0.634534	0.474359	0.636884	0.628080	0.540581	0.566308	0.524316	0.551948	0.571631	0.650083	0.622281	0.391788	0.509288	0.351185	0.376511	0.206304	0.506211	0.561782	0.513138	0.270718	0.522796	0.522936	0.616635	0.561863	0.358192	0.646037	0.261111	0.433195	0.378238	0.127599	0.585091	0.392123	0.166016	0.556925	0.650282	0.278643	0.279381	0.376837	0.574910	0.593964	0.306583	0.372881	0.199425	0.321716	0.643133	0.646733	0.534328	0.268631	0.569405	0.444992	0.318711	0.622141	0.533937	0.639073	0.617866	0.491705	0.641806	0.642946	0.621324	0.630447	0.509317	0.513451	0.488538	0.554182	0.634835	0.546470	0.491334	0.565830	0.490506	0.590386	0.436153	0.528073	0.564250	0.574664	0.142433	0.083182	0.455040	0.522070	0.503888	0.622250	
0.474737	0.356856	0.202134	0.247246	0.320235	0.389888	0.346420	0.437806	0.249389	0.501029	0.560000	0.530754	0.588082	0.495356	0.647909	0.103311	0.479832	0.242945	0.614930	1.000000	0.324166	0.333915	0.611508	0.578711	0.378256	0.302312	0.278846	0.572356	0.516489	0.480880	0.628043	0.627306	0.363429	0.097010	0.636692	0.383747	0.628776	0.413296	0.442997	0.603175	0.423310	0.316285	0.320235	0.076561	0.614726	0.631219	0.301305	0.362493	0.561103	0.625092	0.235255	0.482218	0.633623	0.179275	0.528586	0.579444	0.423943	0.526525	0.362493	0.520603	0.522830	0.290149	0.642995	0.550290	0.441696	0.638462	0.591652	0.627721	0.611734	0.591892	0.239705	0.206637	0.506870	0.521397	0.488589	0.250458	0.389854	0.489627	0.644772	0.514922	0.566437	0.316285	0.221118	0.248318	0.615700	0.414175	0.454106	0.634130	0.623268	0.415929	0.193060	0.516556	0.203262	0.480547	0.527710	0.520121	0.564570	0.326125	0.622575	0.262136	0.637467	0.420705	0.645825	0.406007	0.597733	0.363429	0.598088	0.639831	0.293206	0.450780	0.291169	0.276775	0.399106	0.632911	0.380090	0.444924	0.329055	0.503080	0.595556	0.351180	0.631263	0.588183	0.577082	0.238622	0.278846	0.579670	0.458511	0.125654	0.454350	0.383747	0.471708	0.634741	0.617672	0.189633	0.306328	0.629987	0.354968	0.583296	0.599643	0.434641	0.468220	0.415699	0.617408	0.481345	0.600348	0.628551	0.276775	0.392157	0.245098	0.265294	0.140260	0.391915	0.466844	0.397314	0.186194	0.415699	0.409772	0.544933	0.456347	0.472106	0.605567	0.179275	0.313310	0.265294	0.188285	0.483551	0.275738	0.112063	0.458333	0.627964	0.191919	0.387526	0.264242	0.469280	0.505382	0.212235	0.479666	0.135417	0.223325	0.607979	0.605481	0.433170	0.380545	0.472441	0.326125	0.221118	0.634565	0.423310	0.605640	0.561520	0.582254	0.623469	0.557518	0.560000	0.603540	0.391915	0.402453	0.370876	0.460385	0.620719	0.635953	0.597868	0.633157	0.369949	0.504569	0.314303	0.415240	0.464475	0.480588	0.095745	0.124144	0.546135	0.412839	0.390107	0.560461	
